2.699117
-3.721417
-2.304253
0.384538
-1.013934
-9.082730
-7.756312
-3.389702
-1.442995
-1.759076
-5.191013
-7.345149
-5.976799
-0.077874
-0.319817
0.154387
-4.244795
5.771511
-0.436045
1.402689
-10.361210
12.919245
-13.442465
-6.022596
2.492014
1.005478
-9.591021
0.609317
2.302605
1.330024
0.408977
2.824411
1.955955
15.476141
2.875848
-1.245581
0.411041
6.511335
-0.944436
2.819413
2.629867
-7.207065
-1.705321
8.442892
-10.662557
1.601276
11.132501
1.656897
-2.083963
-6.487613
-1.405698
2.559018
1.504646
0.340870
0.331037
9.879506
-1.032310
2.929158
0.040813
-1.821439
5.697146
2.878154
12.094054
4.061545
2.184428
1.573801
5.868156
-0.382841
-8.049371
-11.595297
2.220188
-1.242424
0.333157
2.536985
1.857239
1.668976
2.593358
4.755765
-9.645201
4.016482
2.805085
1.703356
-2.321357
2.950362
5.454929
4.013759
7.277608
3.452419
3.329966
0.264985
0.631654
-3.571775
2.865256
7.093767
1.736703
-1.955708
2.798523
2.362870
1.816449
1.328848
-5.975365
8.430899
9.821597
2.598144
1.982445
-1.287338
2.879051
-0.542871
-5.620409
1.634560
-1.482952
-0.237768
1.983495
17.568609
0.115085
0.024164
-3.165599
-0.464942
-0.412867
-1.070342
9.040203
3.981242
-24.066585
-1.141798
-0.848180
-0.638645
1.870947
-18.646782
3.680848
-0.119173
-0.126923
2.370312
16.079468
-5.388081
-2.318240
-1.882683
16.659720
-2.337907
-5.786330
-17.408367
2.985197
1.526441
10.039869
12.338544
0.783580
-0.324022
-0.785282
-0.148867
0.837063
-0.180411
-1.801684
9.591007
0.785704
-0.590506
5.410915
6.259642
0.830123
-1.442582
2.130715
10.886194
0.493114
10.782954
-12.152744
7.003947
0.848274
0.392165
-0.221707
0.312894
-2.506755
0.638217
14.758588
12.134282
17.222412
0.803195
2.042924
0.997637
0.376017
18.572797
3.903595
0.630545
-0.958254
-1.286391
0.734982
1.089841
-0.844534
15.724185
0.266423
-17.331765
-20.608130
4.851069
-1.688802
10.470586
1.149904
0.282448
-6.316987
-7.026403
1.917161
2.778827
-0.506689
3.252827
2.431736
-5.008757
1.867238
1.550029
0.720700
0.377883
1.068749
0.791606
1.509497
72.181616
-0.709380
-6.323246
-0.154363
2.208356
-14.558797
1.380891
-0.353463
-11.664763
1.945864
11.675261
1.902048
-10.168199
0.769759
1.018559
18.329669
0.323069
6.173941
1.067976
1.515332
1.527173
1.766071
1.457487
1.451127
-0.446412
-1.886126
0.999491
1.329825
-2.094124
-0.182631
-19.407974
2.065601
6.088953
1.583086
1.625729
0.912033
-0.349081
3.635231
-8.456930
23.890933
-2.878711
5.081992
4.501821
-0.069879
18.107682
1.633539
0.851639
6.072913
2.641200
8.208338
4.065273
39.303839
5.959901
4.582372
-4.172579
0.672949
0.444792
0.323040
7.237224
4.296233
2.622706
18.223964
3.138126
0.338328
7.994609
7.618742
2.339746
9.573250
0.751863
0.080557
2.059142
1.637845
-6.034510
-19.759744
8.674322
9.257245
12.299220
-1.970874
-0.649460
13.957789
0.413683
0.510025
-0.524827
12.206704
15.348632
1.393667
1.545112
20.962745
24.499127
-3.486869
26.030075
25.093556
-0.473117
-2.190744
0.539442
-5.175427
0.115582
-0.845237
4.655668
2.902538
-3.025974
0.398374
-5.322272
0.585692
-5.051587
2.037114
4.267110
2.159271
-3.027006
0.945420
1.804567
14.271408
-3.964163
-12.663850
3.039608
0.218458
2.456274
4.867931
-1.810840
2.011916
58.006748
0.576825
56.496487
16.848970
19.901553
127.523962
8.381669
2.871347
4.156565
-0.710534
5.398468
2.299112
-13.392773
3.671453
1.912042
7.409479
3.631490
1.185949
3.339116
3.433399
0.275814
0.094524
1.978317
-0.442513
-2.329391
-9.912221
-1.529890
-4.813004
8.497439
-3.878206
2.525541
2.134296
0.489443
3.384139
0.279549
-21.045354
2.206312
-2.164130
-2.183196
-0.676566
9.535089
-7.097745
1.870669
7.991966
-0.086321
8.502262
-4.098353
5.326047
-7.040238
28.739025
-13.707679
1.024667
4.725186
0.019851
-22.204064
0.873818
-0.589002
-2.197507
1.843405
2.173806
2.311738
-9.345964
17.249841
6.128584
-4.445969
-2.968391
3.378263
0.630548
-2.258664
-5.205818
1.729410
-11.439611
2.037823
-1.254308
20.632212
9.467282
4.628727
1.484347
-18.505939
-8.843703
2.443358
3.856400
-3.695914
7.442732
-7.689359
-14.323759
0.961407
2.098223
2.737375
-2.801860
3.995710
-0.986834
0.737289
1.200345
2.071285
2.249467
2.175151
2.818089
57.348038
-12.063320
13.624010
51.280988
53.292423
-2.662643
27.604250
37.695314
25.656913
-5.057281
14.525572
2.768548
27.311501
5.205670
9.677927
17.616780
-5.378559
4.453582
5.843377
-4.158684
5.156194
7.180282
22.727062
11.654311
-0.756752
-0.783265
-17.402468
0.408976
10.260899
4.305441
-24.079457
-4.244684
-5.294823
2.559234
-6.845942
-4.248524
5.151460
6.884321
5.159238
7.077455
-10.489552
7.283622
-15.030173
-4.676356
2.375617
-1.551069
0.666181
-14.902563
-1.343325
4.496953
-0.370247
10.347245
-0.118950
-1.287276
3.373166
-1.192059
1.356590
4.891003
11.167415
4.204213
4.749819
-0.441783
4.418852
1.617523
3.543635
7.292242
2.589651
29.156148
-6.132870
-4.300421
7.053094
3.789377
2.455570
34.552438
12.250767
-20.942973
37.720582
60.905680
2.613173
21.194762
0.154877
8.883271
22.220686
-0.228825
12.366989
-6.138813
-5.398176
7.656743
-1.648775
0.416422
-2.593654
-7.827113
-3.121169
13.069069
-0.091078
-9.730811
-7.168210
-21.820675
-7.600337
-30.479020
-20.203171
13.301473
5.781971
-20.697653
62.254260
-6.787469
11.321592
-21.143404
1.522210
-0.136754
2.817840
-25.611531
-0.308734
-6.069652
-0.389942
2.157441
-3.762719
-3.006166
-12.554899
3.038806
4.990142
3.356907
0.088315
-0.342118
3.099724
-3.393240
-11.387499
3.014660
3.398978
-1.328969
3.316130
-0.610303
-16.768145
38.355651
2.889284
2.679015
-0.277541
2.592716
2.818937
11.323395
4.252114
1.965876
1.927730
3.853906
29.577082
11.313801
1.048922
1.209265
-0.088140
3.098590
3.115813
3.177999
3.023387
3.473596
-12.110148
-1.735604
4.353102
1.823817
-2.271674
-3.429923
5.169058
0.591087
0.127065
3.464785
3.591899
4.158099
-8.894247
8.676958
-1.360693
2.037239
2.919097
4.489681
4.279617
-1.147709
1.147693
6.055974
21.237103
4.076196
2.517758
-3.259660
0.551843
2.676489
-1.786043
-4.375468
-2.086866
1.678718
1.300517
11.554614
-2.785582
-0.237429
53.773624
0.090367
-25.805630
-33.538724
0.089875
2.627226
0.626397
-30.436809
-1.147577
0.719740
0.243984
-4.768394
-0.455560
-24.259518
-0.400240
1.719422
20.370629
-4.168428
-0.744194
-2.727638
0.310838
1.445476
1.113625
19.825180
24.404728
1.095439
13.050733
21.302827
1.954481
1.261965
10.217182
3.461017
-1.866778
0.212169
-0.350778
3.338191
0.130470
6.246814
0.792874
5.387643
2.215850
-12.435401
1.820639
-1.429676
0.726027
3.375405
3.147287
0.904304
0.037699
1.628829
0.727511
-0.876682
-0.087060
2.381559
-4.428815
-7.349961
-12.483474
-0.907222
-1.073325
-8.576383
-7.706757
-3.547148
0.470012
-1.281262
2.987038
18.986133
51.408243
0.871724
2.369954
1.442306
3.055586
7.052814
4.434863
9.215471
3.182038
1.482275
-3.837542
40.015346
2.229675
-3.634419
-3.004477
1.564030
-0.479080
-1.728978
-0.745246
2.868020
22.650906
0.640014
3.402905
-4.637990
0.250731
-0.310286
1.685085
-0.234292
-9.000594
2.933958
-2.617388
-6.545400
-1.442074
1.758116
-11.885062
7.487176
-2.163745
-2.240336
-0.661928
7.659076
-3.129328
2.516527
0.731704
0.290421
-5.599844
2.123682
16.077575
0.512853
-1.024113
7.867281
-8.505905
1.413213
0.739882
-2.737974
12.479293
0.918127
-3.463304
-0.939581
0.263969
-8.192373
1.439575
-10.422414
-13.761967
-6.444595
3.606271
-2.880453
0.665693
1.710228
0.760264
0.417942
21.525392
1.595491
-2.657740
0.577406
0.735198
3.358833
-4.874619
0.015181
-31.903153
0.827073
0.337376
-1.631547
0.507048
-7.383417
-3.426602
-0.451223
2.061423
4.573213
2.884201
-8.321423
0.660825
6.228091
-0.271397
2.283784
0.803436
0.972613
2.361225
8.095134
3.759458
17.985685
0.775164
0.258137
5.506794
5.259751
4.402591
-1.356512
-4.334631
91.227914
0.532787
1.432286
5.098581
-9.325236
4.489090
-7.809015
27.084581
-24.415118
-0.366930
-0.027366
1.412421
0.941178
-0.536250
-1.006761
2.900182
3.383477
-2.166256
2.551501
0.393917
19.781406
1.418255
11.241654
1.540537
-0.541067
-9.559366
8.419962
10.597671
-9.765284
15.887634
5.389969
6.282465
1.345208
8.932988
7.503124
-3.392686
0.291703
-1.384974
23.141604
-2.522653
-0.080579
1.270293
-2.288921
-2.054395
2.263642
2.218940
2.096425
-2.937684
-15.680686
1.470499
0.266802
-2.782373
0.971153
3.332977
0.987535
-2.479543
-1.193148
1.316309
2.641447
0.015865
-0.803915
-1.256327
0.358888
1.481975
-13.781367
0.267023
2.707910
11.803576
0.223078
0.171928
-17.715478
2.025869
1.217968
1.962982
0.749257
2.807436
-0.051606
0.290780
0.446893
1.870672
16.858094
0.158623
-0.971730
1.207010
1.700488
3.603630
-0.029786
0.457964
2.476578
-0.368358
0.203041
1.675489
5.856767
61.990744
29.430310
0.660106
0.382298
0.577510
0.269265
-0.831639
3.440945
-0.062781
-0.080541
-0.091588
0.820326
0.116725
0.809146
-4.487017
-4.924217
2.441772
-20.593010
3.359374
-4.617110
-1.371006
1.471649
-7.783228
-0.003363
0.924135
-1.648056
8.781302
-4.251352
1.070281
-0.072870
1.243370
5.765950
-0.379271
5.387503
9.885113
-4.962285
0.589120
-10.828625
1.068889
0.430831
-2.949981
12.957854
15.488694
-26.795240
2.643049
1.360244
0.321370
1.297809
6.264652
15.613417
-3.071488
-0.504793
3.558677
-1.013141
3.298123
0.560112
11.078931
3.613646
2.366587
4.316085
-4.211267
-0.793938
-2.512633
18.027270
-0.614180
-0.145992
4.461885
1.459845
0.035666
-24.940216
4.928151
4.542862
2.269773
-0.548924
-0.828164
-3.318802
11.303229
2.861240
18.165656
3.352648
3.387358
2.995318
44.391353
7.259323
17.458524
-12.127433
-0.195769
7.180170
-1.253797
27.437757
20.714657
13.179033
-21.824825
-29.633105
-0.427396
1.466772
-21.171542
-24.462929
-30.861126
76.845989
5.794619
-6.870570
5.462061
42.849932
-2.201405
10.195676
9.169985
-8.380500
38.144342
1.293807
28.387436
0.057451
-2.378525
0.475742
0.209679
0.114472
-0.007261
0.256528
1.624758
