1.727801
-0.869899
0.081454
0.709655
0.162783
0.644736
-0.654380
-0.406289
2.435964
0.150419
-2.143928
-0.176434
0.234007
0.805789
0.660815
-2.135422
0.002294
-2.598365
0.821656
1.226747
0.877282
3.728283
1.846172
-0.494507
2.204518
1.377749
1.436308
1.199563
1.573324
1.287144
-0.709044
1.753443
1.473496
7.594653
-3.358596
-1.106037
1.014886
-2.799386
1.636491
1.728154
1.655756
0.250297
1.876714
-3.265406
-1.412384
1.611209
3.411834
1.450774
1.412903
2.727647
1.154243
1.605830
1.276955
1.031498
0.647115
3.416588
0.712375
1.872601
1.209900
-0.917292
5.898903
1.915567
8.995722
2.091044
1.509500
1.254528
2.455775
5.656605
-2.626097
3.583457
1.765656
0.068566
0.957234
1.628582
1.478612
1.375784
1.647812
2.226693
-1.004642
2.070156
1.675984
1.314655
0.057252
1.733757
2.418976
2.202940
3.130792
1.895560
2.359621
0.593646
1.006415
-0.743912
1.954621
7.316588
1.341520
0.187894
1.792024
1.580193
1.504585
1.479679
-0.849035
3.004431
3.212515
1.612640
1.443347
0.083593
1.708156
0.942027
-0.643044
1.324440
-0.558056
0.494562
1.417599
4.342719
0.780131
0.924785
0.331352
0.526377
0.421560
-0.315614
3.386623
2.057673
-2.719966
0.268286
0.552556
-0.108103
1.423571
5.763782
6.017472
0.403385
0.388364
1.580714
4.050329
-1.495930
-0.524267
0.228267
5.499107
-0.264897
-0.289778
4.518482
1.766239
3.083795
5.483416
4.189069
1.860779
0.472765
-0.147970
0.656475
1.049922
0.721968
1.512208
6.847547
1.226389
0.345793
2.834050
2.640729
2.018445
1.406121
3.714194
3.634999
0.725994
3.477948
-0.165423
3.580548
0.967518
0.630406
0.108483
0.613192
-0.316155
0.809247
4.053126
3.602488
4.445131
0.905605
1.500428
1.010683
0.628235
4.486012
3.079422
0.800932
0.190574
1.001956
1.101901
1.264125
-0.263446
4.415199
0.844639
-1.508350
1.545795
2.370479
-0.411951
4.698241
1.086260
0.580294
-0.825474
0.718994
1.437398
1.722179
0.234938
1.936447
1.709185
-0.232265
1.389720
1.274008
0.917956
0.749501
1.071224
0.897617
2.710387
10.132533
1.704533
-0.431153
0.275063
1.976802
-2.937053
1.252487
0.635114
-2.561070
1.534002
3.612760
1.397584
1.919755
1.016500
1.128860
8.843357
1.639220
2.743273
3.364386
1.240135
1.278143
1.457459
1.277426
1.296226
-0.255454
1.046721
2.548354
1.230538
2.094203
0.365847
0.721924
1.478626
2.488426
1.330142
1.285475
1.380965
-0.070968
2.546862
-1.102493
6.959074
3.750633
2.954662
2.126625
0.625396
4.299780
1.370072
1.198874
3.409542
2.375573
3.488033
2.107371
6.595723
2.470558
2.392407
0.910601
0.828154
0.997607
1.338228
2.790619
3.434019
1.647260
7.051639
1.902710
1.151725
2.830747
2.823543
1.586415
3.100333
3.320821
0.763309
1.527974
1.295401
0.454760
-0.709337
2.965101
3.782024
3.694475
-0.100444
2.610812
3.818227
2.998409
1.279637
1.206681
3.536180
3.930735
1.294954
1.329932
4.653524
5.216906
0.530343
5.292605
5.164088
0.290026
0.062384
0.885945
2.669642
5.351528
0.103962
2.184525
2.551300
3.844820
2.641257
0.274195
0.875804
-0.837194
1.451887
2.541580
1.481182
0.079663
1.047678
1.391083
8.182922
0.054295
-1.016766
1.817713
0.877727
1.732967
6.614106
0.371071
1.445939
7.843466
0.974781
8.065223
4.419717
6.625048
12.422766
3.187789
1.829039
2.048929
1.154022
2.370269
1.570395
2.790852
1.979319
2.315915
2.858312
1.919473
2.830443
1.887961
1.953142
2.698013
1.106073
1.604647
0.870190
0.308300
-1.366692
0.560945
0.023109
6.446773
-0.445259
1.612006
1.543118
0.989676
1.899782
2.762160
1.266502
1.512117
0.274709
0.463728
0.726724
3.383731
5.616068
1.378479
2.929061
1.362339
3.292771
1.334929
2.367328
-0.728760
8.516308
1.334990
1.316505
2.175516
2.128863
-1.462102
2.202809
0.116200
1.798119
1.364025
1.474519
1.631491
-0.901545
4.189499
2.561335
0.122611
0.254636
1.851078
2.709357
0.470930
-0.169059
1.423024
-0.668421
1.441296
1.992999
4.637880
3.256842
2.205148
2.651300
3.562171
-0.574152
1.563241
6.878768
0.132325
3.010103
0.917122
-1.389416
1.257814
1.461540
1.660101
0.525680
2.018435
3.699896
3.587196
7.149030
1.594935
1.500667
1.475855
1.679076
8.174364
4.428383
6.434797
7.221673
7.936885
0.734529
6.615885
7.141233
5.371188
0.482286
5.153694
1.758310
5.283232
2.664211
3.138298
4.513673
2.097305
2.514005
2.437138
0.951650
2.801345
2.902060
7.940206
-3.878171
-1.363186
-1.833134
0.964737
0.969270
-3.497425
2.121882
0.151786
-0.373789
4.699006
-4.540657
-0.399650
-3.126320
2.811567
-2.761824
2.294738
2.893218
-1.613968
2.789984
-0.786412
1.209568
1.619100
0.958624
-1.160473
-1.162774
0.905786
2.150215
0.938237
3.233785
0.074261
-1.934160
2.046350
0.503912
1.170085
2.361636
3.389566
2.075284
2.614196
0.920018
2.133634
1.275640
1.914966
3.056768
1.946384
5.412256
-0.049925
-0.722405
2.731924
4.286376
1.703146
6.657990
8.734547
3.181799
10.150970
8.059907
1.646652
7.983383
0.613548
3.725894
4.849327
-1.262613
3.769473
0.624315
0.193822
3.096236
-1.752334
1.141023
1.718710
0.711072
1.094014
4.083506
-0.127244
0.466759
1.617139
-0.630492
-1.035828
1.181752
-1.196286
6.048041
4.087973
-0.156744
8.883874
-0.863431
-3.680067
-3.263753
1.400251
0.280216
1.713740
-2.205129
0.951146
-3.675359
0.332890
1.694894
3.226530
1.919662
0.470750
4.942668
-2.245113
1.838391
3.081936
0.443628
1.761499
0.518311
4.007449
1.739031
1.946591
0.189976
5.139885
-0.455822
1.626525
8.440281
1.705088
1.637417
0.379436
1.613167
1.687097
3.556989
2.077592
1.694447
1.399499
1.971823
6.465019
3.610663
1.699154
1.124877
-0.570418
1.770586
3.026557
1.797471
1.748165
1.865157
1.711217
-0.102994
2.128891
2.878379
5.403619
0.795464
2.315919
1.596957
1.060822
1.910104
1.930804
2.041795
2.239662
3.578494
0.102352
1.678700
2.342671
2.136395
2.082850
4.238762
1.533067
6.117751
4.792767
2.057839
1.646439
0.612106
1.428950
1.699898
1.335380
0.052061
0.584133
1.364649
3.323190
3.790367
-0.461379
0.665901
8.212054
0.876253
-0.263465
1.348127
0.939951
1.712396
0.872691
-1.215805
-0.868792
1.074042
0.685599
0.189070
0.993719
0.794782
0.668147
1.372687
5.517022
-0.440131
0.464400
-1.016202
0.869630
1.213067
1.101688
4.781030
5.050129
1.100441
3.854932
4.657955
1.451295
1.179509
4.317465
2.306576
-0.936837
0.511644
0.733665
1.886540
0.383496
2.561776
1.126200
2.646702
1.516376
-0.780782
1.421348
-0.155652
0.997438
1.843675
1.796248
1.149012
0.358434
1.642015
0.867600
1.097251
0.502600
1.626745
-0.144492
-0.192666
-1.101214
0.533716
0.895317
0.547127
0.096294
0.492189
1.048108
0.741558
1.748727
4.447974
7.245697
1.394625
1.618050
1.348542
1.770713
6.622778
3.637735
4.228906
1.919836
1.297526
3.995726
7.124985
2.891660
0.336684
1.218793
1.965440
0.292351
1.335843
0.102896
2.465661
5.989497
0.826240
2.634387
0.451667
2.403411
0.327977
1.315499
0.215105
1.644100
2.501889
0.527459
-0.721806
0.337204
1.330576
0.694153
-2.879400
-1.355307
0.517597
2.221115
3.184352
0.366301
1.621455
0.945203
1.326233
-1.053506
1.471202
-4.404036
0.810795
1.456795
3.247666
-0.161512
1.252639
0.904893
1.623454
-3.637107
-2.330148
-0.237228
-0.635951
0.697642
-0.290859
-2.190445
0.453169
-0.834062
0.528631
-2.158941
0.332555
0.902993
1.564070
0.911494
0.905469
7.101631
1.377983
0.469288
0.787862
0.900403
2.327377
0.082735
0.660363
1.980317
0.978212
0.669603
-1.324837
1.267051
0.400648
2.744327
0.246590
1.590668
2.152447
1.703637
0.438799
0.832862
2.584354
-0.151540
2.763054
0.981136
1.023409
1.581066
2.996878
1.944507
6.337991
0.930034
0.911148
2.359355
2.328212
3.464279
-0.178818
-1.967650
9.923797
0.998518
1.262144
2.288397
-1.081004
2.132177
-1.895147
6.696427
-0.007151
2.092299
2.835371
1.248214
1.059283
0.520933
0.373694
1.893117
1.858369
0.179231
1.639598
0.819371
4.658852
1.338238
3.379162
1.356588
1.086220
1.814060
2.924746
3.263308
0.361497
5.743766
7.134121
2.742222
8.092099
4.708743
6.429334
3.923904
2.362524
2.908531
6.749464
0.624876
-0.717723
-1.496191
1.514308
-0.258875
-1.802194
-1.988209
-1.738206
-0.371563
3.398595
-1.310135
0.974709
4.017709
-1.052515
-1.843953
1.720177
1.421428
0.866767
1.900439
-1.839684
0.426391
3.903214
1.006612
-0.638704
1.587567
-2.625070
1.722600
1.804359
4.672964
-0.577127
0.522904
-1.611648
1.789185
1.118474
1.764752
1.289859
1.774513
0.470262
0.819406
-0.964352
1.401865
4.379623
0.414069
-1.060469
1.184499
1.507479
1.987556
0.302179
0.832507
1.689207
0.898669
0.691198
1.576999
2.445647
8.391585
6.769450
0.912127
0.834115
1.114405
-0.978436
1.498506
2.083969
-0.168903
-0.621963
-0.938256
1.198016
0.353365
1.932179
0.932507
0.735644
2.180669
6.007207
2.388478
0.903690
0.332306
2.323369
-0.517724
0.564407
-1.035412
0.551317
6.754389
-0.396645
2.339417
-0.473279
-1.289474
5.558675
0.049743
4.237824
3.237555
1.125347
1.154967
-2.280204
1.080880
-0.712576
3.649306
5.861843
3.974924
-1.639347
1.633447
1.432762
-0.774015
-1.229557
3.115258
3.963113
0.334533
-0.458183
1.891570
1.768057
1.827367
2.640212
3.455058
1.905775
7.037814
2.116090
0.167278
0.755737
-0.207701
4.876371
0.788317
3.039875
2.143720
1.260539
2.181595
5.119840
5.780645
2.155365
1.532173
1.543639
0.882970
4.256180
6.037592
1.702948
4.296442
1.843132
1.866329
1.737692
6.860769
2.710200
7.613804
3.738746
2.285981
5.746974
4.619084
7.678001
6.854600
6.503557
5.105732
2.615032
3.052085
3.274188
0.413454
3.651553
0.884697
9.154054
6.229649
4.038953
6.121433
9.632562
4.900836
5.600440
4.857849
2.722180
6.940386
3.860002
8.955749
-0.287182
0.771573
-0.884384
-0.516252
0.393643
0.078427
0.669366
-1.358483
