2.243917
1.235842
1.460741
0.414564
0.220040
-1.303505
0.417859
-0.664524
-0.229387
-1.024447
-4.599050
2.537358
2.536262
1.480588
1.111798
-0.319218
-1.957910
-1.717980
1.869716
1.383306
4.178385
4.709153
-2.257187
-1.907037
0.666223
1.083325
3.414800
1.999780
1.753408
0.815791
-0.899306
2.109495
1.810766
1.670064
-5.792638
-2.425903
1.782957
-3.786775
0.249598
2.098114
1.486154
-2.263433
3.320492
-4.523699
0.346135
1.939248
2.752562
1.834053
0.872317
0.143167
-0.471639
1.556154
1.576591
0.455347
0.584025
4.519763
0.733660
1.114959
0.592859
-1.903113
9.951374
2.291693
6.408835
2.416975
1.646487
1.249767
2.462667
0.736986
-5.720853
-1.358785
1.000576
-1.047425
1.553313
1.301220
1.065005
0.982639
1.989986
1.801352
-2.675729
1.588800
1.736267
1.457380
1.215615
1.568125
1.995766
1.363651
2.612901
1.835032
2.758002
0.618838
0.389166
-2.760078
0.992336
0.502880
1.103330
-1.006781
1.809792
1.333282
0.868259
0.559170
-0.288495
2.258055
3.852708
1.660207
1.757740
-0.528378
1.903002
2.132399
1.607846
1.587054
0.778329
0.068658
1.496084
5.229662
0.207381
0.192057
2.140066
1.341922
0.394695
0.036745
3.766488
2.531063
-1.309824
-0.403125
-0.119982
0.636106
1.807869
1.909219
2.229526
0.792049
0.823531
1.938917
4.191250
0.712914
0.251030
-0.168814
5.429536
0.408213
-1.557618
-0.468471
2.130056
0.286558
1.067658
1.909485
1.000209
1.200107
0.525735
1.012209
1.537906
0.585077
-0.256320
2.562619
0.671822
0.943342
3.229379
3.184063
0.217906
-0.256093
3.556230
3.359526
0.761820
3.888771
-2.587360
1.561710
1.044960
0.701487
-0.370442
0.415674
-1.830963
0.845771
3.193171
3.607947
4.200084
0.893982
1.816950
1.151608
0.651293
3.686200
1.262785
0.881840
0.005138
0.276471
1.027605
0.674899
0.453164
3.937529
1.241450
0.662460
1.537315
1.656882
0.301775
3.812220
1.111837
0.727201
-0.422208
-1.216206
1.511513
2.154295
0.946597
2.560306
2.388167
0.829409
1.641190
1.541825
1.173012
0.881523
0.956330
0.941486
0.315353
12.058785
-0.190373
-2.188479
0.748592
1.551325
-1.837013
0.893298
1.054441
-2.040206
1.987001
2.531406
1.524756
-0.482705
1.524301
0.629370
9.643446
0.573407
1.598919
0.972382
1.191988
1.585898
0.866432
1.678532
1.727720
0.446798
1.109001
1.909201
1.646253
0.236090
0.903570
-1.761525
1.816357
2.669253
1.058890
1.446092
2.094512
0.338041
2.617124
-0.437325
3.780223
0.496020
1.869076
2.084485
0.810318
4.173293
1.346921
1.404675
2.375869
2.014012
3.399306
2.527139
6.958398
2.763256
3.109635
-0.904822
0.876256
0.788168
0.562326
3.131046
1.840713
1.904480
2.281218
2.491642
1.919573
2.966758
3.110223
1.977612
3.265121
0.796958
0.325169
1.841073
1.495205
-0.813608
3.744866
3.061593
2.560586
4.041998
-1.506921
0.554206
3.666401
0.931689
0.401523
2.483075
3.379003
3.673769
1.172965
1.581682
3.901763
4.109728
2.063845
3.885006
4.070243
-0.431712
1.423664
1.285402
0.113668
2.373756
0.167252
2.374862
1.360037
0.419749
0.743683
0.266834
1.252313
-1.924212
1.718081
1.270550
1.647639
0.602644
1.327998
1.543527
6.310923
-0.857993
2.679439
2.223639
1.592354
2.350879
6.843979
1.410245
1.696135
8.401879
1.564198
7.569087
2.998795
1.847579
16.890532
3.094868
1.289414
2.226049
0.693349
2.056169
1.202064
-0.335898
2.467283
1.227520
2.070229
2.127933
0.709534
2.146824
2.570653
0.928332
1.561701
1.416578
1.964678
1.770393
0.691679
1.899925
2.213306
1.325164
0.589028
1.881931
1.973543
0.622047
1.934645
0.881068
-1.654799
1.789026
0.889663
1.637155
1.699310
2.005445
2.313301
1.471571
2.181097
0.023519
1.818256
3.546248
2.360326
1.464841
4.645355
4.356158
2.092727
2.178492
0.528343
3.403945
0.428558
-0.108597
1.487717
1.453616
1.457081
1.823725
1.775177
3.912893
3.181931
2.180999
1.656047
2.070627
0.949375
1.967371
2.117355
1.913745
2.714863
1.603685
-0.291603
3.749904
3.976759
2.597064
4.722759
-1.762038
2.147477
1.580175
3.171363
1.766842
1.816996
3.771928
2.143035
1.849673
1.601921
1.794439
2.248744
1.995918
1.304951
1.705207
4.893033
1.896692
1.462222
1.423684
1.665422
7.074622
1.187388
10.409731
7.332587
4.857554
1.784167
5.961957
10.593931
4.119791
-0.119497
2.109575
2.251337
4.774397
2.121130
3.365531
5.921083
2.832931
1.799568
2.710430
2.856212
2.870755
2.608848
5.972650
-3.762151
0.252069
-2.479328
-3.114261
0.917708
-3.080931
1.701053
2.616627
1.362675
0.518775
-5.839133
1.481639
-1.350979
2.675719
-2.276490
2.008175
3.342525
-4.032176
3.164100
0.974179
3.292632
2.112059
2.053458
-0.339242
2.349083
-0.475513
1.873442
1.324839
3.499414
0.416408
-2.769848
2.025603
-0.662354
1.212728
2.180148
3.209385
1.853469
3.020143
1.353587
1.861250
1.226286
2.020322
3.063527
2.045082
5.046276
2.269644
-2.781248
2.791985
7.087156
2.099115
4.359544
1.814451
-2.003261
6.886076
6.359948
1.387214
3.403977
0.355697
2.810835
5.987158
-2.185844
4.288823
0.093833
2.235243
2.532498
0.380034
2.081631
3.234321
2.684616
2.782797
2.644234
-0.143081
-2.648031
3.102123
3.678584
-3.744086
-0.443127
-5.842519
10.858192
1.728486
4.352846
10.328251
1.508098
-3.576868
1.674635
1.121606
-0.131042
1.966812
-2.767672
1.104320
-3.822321
-0.209214
1.961336
3.039335
-0.164070
-1.471925
9.328610
-2.458981
1.705684
0.175368
-0.231192
1.710979
-0.763017
8.319453
1.836802
2.255770
0.145267
5.781516
-1.124197
-1.875146
13.580261
1.578793
1.607985
-0.269593
1.710979
1.729529
4.646555
2.216159
1.655150
1.337051
1.995089
4.635391
2.304344
2.269010
1.028716
-0.775852
1.947581
5.000355
1.728617
1.893587
1.919006
5.433695
-0.849229
1.808057
3.872334
0.502181
-0.370857
1.875001
0.739338
0.817834
1.749197
1.726333
2.126941
0.572996
4.997962
-0.946767
1.817103
3.744102
1.863871
2.055053
1.814514
1.313633
8.900542
4.733115
2.103639
1.864318
2.434776
0.436443
1.256335
2.937104
1.831280
1.733549
1.770392
0.393535
4.011854
0.133886
0.124325
8.421032
0.490124
-1.029512
-4.362877
0.970567
2.245612
1.172924
-6.647235
-0.114450
0.621273
0.712663
2.211726
-0.164073
-2.775103
1.477796
1.655701
2.368418
1.263837
0.728134
-0.418714
0.230119
1.373978
1.033072
4.291005
4.079654
0.802731
2.645683
4.462996
1.268661
1.453654
1.793681
1.082960
-0.797386
0.303571
0.599704
2.324373
0.256540
2.266192
0.437508
1.514148
1.573392
2.824928
1.632550
-0.383081
0.512146
1.996920
2.077515
1.446627
0.439575
0.616264
1.007558
1.793599
0.684921
2.132430
-2.080751
2.524155
1.156267
1.191217
1.086547
1.870211
2.847890
2.407890
1.152389
1.215619
1.829667
3.666541
7.588387
2.075957
2.101865
1.151198
1.956573
5.776578
4.033346
2.501034
2.159399
0.875082
-0.424535
3.871102
1.069335
2.024925
0.002994
1.503685
1.001113
1.398329
0.809893
1.148509
3.218598
1.017484
3.252487
-1.661350
2.789344
0.093774
1.152123
0.744747
-1.625066
2.064626
2.216571
1.912787
1.534054
1.242329
3.028291
-3.386110
0.528874
1.821246
3.824603
3.850761
-1.335545
1.953922
0.603327
2.250257
-3.403148
1.639488
-2.604321
1.011808
2.881618
2.644392
-1.092195
1.637875
0.951956
3.165835
-4.501701
-3.256799
0.532334
0.292936
0.469674
0.690224
-0.850272
1.549238
-4.459678
2.991625
-2.963445
-0.776387
0.841749
2.035991
1.172764
0.759159
4.545048
1.087496
1.849916
0.979161
0.726641
3.193482
-2.050506
1.297338
7.825605
1.325267
0.633779
-2.532990
0.395638
2.874378
0.806480
-0.466617
0.940989
1.913556
1.576779
2.912390
0.707808
3.174875
-0.570900
4.713954
1.240266
0.841157
1.768563
3.835829
1.800947
8.983521
0.668971
0.162590
2.209879
2.044925
1.624057
0.981493
-3.884118
11.710326
0.421645
0.863682
2.215175
-4.288369
1.916581
-3.681970
4.531156
-1.077968
2.999852
1.536178
1.175945
0.636591
-0.187915
0.340084
1.068794
1.620980
1.576079
1.495503
0.503644
4.405218
0.745353
3.795019
1.013081
2.392954
2.665399
2.603380
3.410013
2.240827
9.189569
8.559881
2.732632
15.679334
5.265198
9.682452
5.690513
1.107561
5.940407
10.218866
-0.989897
-1.357113
-1.599202
-0.096397
-1.554918
-2.783117
-3.263748
-2.228882
-0.978339
-1.202676
-1.793919
0.188671
7.784265
-1.392363
-2.038985
0.547608
0.227427
-0.308705
2.316766
-1.721743
0.303685
3.194803
-0.131340
-0.434097
1.630471
1.917853
1.042952
2.396620
6.829585
-0.334707
0.312750
-5.819591
1.904780
0.942222
1.014705
0.857234
2.350052
0.045467
0.479158
-0.319212
1.649504
4.712435
0.305999
0.200318
1.067862
0.770151
2.567931
0.248017
0.482878
2.216308
-0.014083
0.321442
1.914829
2.734311
5.933349
7.432680
0.499742
0.522651
0.306894
-1.459674
1.671646
2.819934
0.113389
0.051970
-0.167503
0.484150
0.436003
0.875428
0.040447
-0.556013
2.789039
9.926237
1.107153
-0.236688
-0.836586
1.032299
0.189303
-0.002799
-0.955732
-0.111739
4.917324
0.732752
0.301998
0.066733
-1.844446
3.958995
-0.389815
6.257370
3.681871
-1.274389
1.912110
0.356275
0.767112
-0.454175
7.652665
5.234941
4.165692
-5.206431
1.575641
0.753597
-1.050519
-1.659082
1.788603
4.094990
2.097971
-0.984777
1.886052
-0.076345
2.015033
3.180783
4.033084
1.886639
10.699585
1.819161
-1.581287
0.422428
0.767333
2.747009
0.826551
5.677233
1.826328
1.418899
4.217345
-1.309631
1.842395
1.875825
1.690130
0.377445
-0.018838
8.287725
10.899494
1.722780
4.468729
1.794054
1.665137
1.637129
8.385994
2.701591
9.506294
-0.317984
3.962334
9.400980
0.393841
9.691646
6.622793
10.195195
9.087096
-0.500381
5.851591
6.264210
3.606986
-1.636973
1.148291
11.218099
10.268147
4.916319
1.386808
8.075503
9.998951
2.692209
3.241228
5.852443
9.487741
0.781901
6.571286
-0.437056
2.213061
-1.305411
-0.553147
0.245234
0.078062
0.241958
-1.790319
