1.211660
-2.975527
-1.297836
1.004745
0.105524
2.592790
-1.714625
-0.147366
5.100862
1.324598
0.317385
-2.889931
-2.069853
0.130962
0.209725
-3.946039
1.962393
-3.478742
-0.227586
1.070179
-2.424275
2.741381
5.943092
0.935131
3.742794
1.672143
-0.543339
0.399244
1.391985
1.758230
-0.518700
1.397386
1.136030
12.337834
-0.920613
0.214326
0.246494
-1.806921
3.020432
1.358193
1.825357
2.762159
0.432277
-2.004567
-3.166222
1.282361
4.067091
1.067495
1.953440
5.310150
2.779830
1.655505
0.977309
1.607647
0.710170
2.297325
0.691090
2.630010
1.826384
0.068577
1.508636
1.539413
11.370096
1.764751
1.372495
1.259289
2.448501
10.135056
0.480413
8.451058
2.530728
1.184319
0.361075
1.955640
1.892201
1.768784
1.305584
2.651879
0.670080
2.551257
1.615700
1.171930
-1.101134
1.899378
2.842056
3.041452
3.648622
1.956086
1.960855
0.568366
1.623591
1.283608
2.916545
12.703386
1.579689
1.382568
1.774255
1.826647
2.140903
2.400177
-1.408434
3.750152
2.571662
1.565071
1.128945
0.695552
1.513308
-0.248346
-2.893076
1.061824
-1.893837
0.920398
1.339107
3.454667
1.352880
1.657505
-1.478413
-0.289184
0.448249
-0.667748
3.006645
1.584239
-4.129325
0.939697
1.225088
-0.852312
1.039270
9.513343
9.805377
0.014687
-0.046849
1.222504
3.908832
-3.701062
-1.299556
0.625211
5.276887
-0.933314
0.981018
9.067397
1.402421
5.871242
9.873934
6.468648
2.716146
-0.255197
-0.821637
0.300729
0.561262
0.857186
3.280666
11.107648
1.780548
-0.251835
2.438719
2.096107
3.818972
3.068245
3.834966
3.909764
0.690146
3.066678
2.257646
5.590003
0.890077
0.559325
0.587389
0.810704
1.198667
0.772715
4.911744
3.597027
4.690053
0.917228
1.183882
0.869726
0.605177
5.285287
4.896039
0.720023
0.375952
1.723095
1.176081
1.853033
-0.979953
4.888604
0.447433
-3.656187
1.534902
3.083877
-1.124970
5.582494
1.060673
0.433387
-1.220648
2.653629
1.363281
1.289702
-0.476723
1.312494
1.030180
-1.290907
1.138116
1.006190
0.662900
0.617478
1.186111
0.853748
5.105421
6.168056
3.585136
1.326330
-0.198504
2.402255
-3.991942
1.611676
0.215785
-3.054670
1.081003
4.694077
1.270402
4.319089
0.508697
1.628229
8.032436
2.704904
3.876330
5.754024
1.288280
0.970388
2.048054
0.876302
0.864727
-0.957625
0.984407
3.155729
0.814602
3.941533
-0.171892
3.191207
1.140845
2.307218
1.601389
1.124857
0.666774
-0.479856
2.475029
-1.760518
8.588069
6.905802
4.040248
2.168709
0.440467
4.420257
1.393211
0.992864
4.413898
2.727709
3.572001
1.687157
6.128714
2.177785
1.674614
2.725487
0.780044
1.206739
2.114081
2.439338
5.022594
1.390030
11.820654
1.311501
0.383750
2.694718
2.536796
1.195217
2.935544
5.793035
1.201427
1.214873
1.095580
1.713300
-5.163539
2.868586
5.003372
3.344566
1.306033
4.664681
3.967475
5.064189
2.157424
-0.070053
3.693147
4.187015
1.416911
1.078128
5.405126
6.317575
-1.005092
6.699175
6.255405
1.011743
-1.298974
0.486403
5.224785
8.271002
0.040667
1.994011
3.742179
7.251856
4.538722
0.281333
0.499153
0.280335
1.185689
3.810208
1.314724
-0.443902
0.767310
1.238601
9.645988
0.966399
-4.708655
1.411481
0.163036
1.115054
6.338497
-0.668465
1.195738
7.254075
0.385339
8.529785
5.835591
11.148062
7.643545
3.280422
2.368558
1.871775
1.614666
2.684365
1.938708
5.857825
1.491346
3.403549
3.645088
1.710965
4.946686
1.628899
1.335624
4.459838
0.650425
1.792574
-0.224606
-1.153820
-3.402827
-0.778244
-2.167167
11.451937
-1.478956
1.342040
1.112687
1.357100
1.864918
4.625093
4.186984
1.235207
-0.340449
-0.709786
-0.245864
4.761673
8.808373
1.285376
3.676684
2.701086
4.765798
-0.876605
2.374321
-2.922076
12.148936
-1.688404
0.540056
2.172535
3.714764
-6.310239
3.969259
0.340996
2.108390
1.274433
1.491954
1.439257
-3.578194
4.461140
1.940717
-1.936717
-1.146814
1.631530
4.468766
-1.025510
-2.445383
0.932298
-4.050363
1.278894
4.274892
5.519669
2.534859
1.813188
0.575508
8.878058
-3.295424
1.546307
10.326125
-1.502450
4.203156
-1.939036
-4.872036
0.665918
1.321157
1.525763
-1.197603
2.040815
6.062896
5.468909
9.240994
1.293167
1.539107
1.528008
1.692729
9.248716
7.661260
2.422377
7.103479
11.014765
-0.315802
7.213989
3.504548
6.622581
1.082455
8.177580
1.265268
5.788308
3.205527
2.911035
3.096952
1.361047
3.228085
2.163185
-0.952926
2.731773
3.194326
7.026819
-3.981619
-2.978419
-1.178516
5.043398
1.020735
-3.913837
2.542536
-2.313057
-2.110131
8.796760
-3.179994
-2.266413
-4.867676
2.947111
-3.236086
2.581286
2.443795
0.832412
2.414388
-2.546579
-0.874407
1.126140
-0.136452
-1.981545
-4.644972
2.286270
2.426934
0.551454
2.966714
-0.267896
-1.097463
2.066889
1.670089
1.127421
2.542846
3.569662
2.297100
2.207556
0.486246
2.405958
1.324976
1.809586
3.046840
1.844896
5.776496
-2.368911
1.345803
2.671669
1.395743
1.307125
8.950917
15.585319
8.082360
13.279862
9.721724
1.905987
11.443968
0.871218
4.637422
3.711338
-0.338454
3.249337
1.154795
-1.847712
3.659807
-3.883867
0.200058
0.202851
-1.262489
-0.594946
5.520522
-0.111401
3.581503
0.131479
-4.926929
1.672439
2.806377
3.454835
1.234099
6.443860
-4.663916
5.758293
-3.232746
-3.780603
-8.168889
1.678640
0.691472
1.460666
-1.575880
0.796024
-3.528248
0.874988
1.428408
3.406284
3.990706
2.409930
0.392817
-2.031208
1.971026
5.936034
1.118428
1.812012
1.799590
-0.318025
1.641257
1.637412
0.234630
4.488249
0.212748
5.113173
2.910113
1.831349
1.666846
1.027986
1.515354
1.644628
2.465942
1.938998
1.733566
1.461878
1.948523
8.218703
4.916655
1.126117
1.221003
-0.364984
1.593587
0.846064
1.866301
1.602742
1.811304
-2.015597
0.643397
2.449696
1.862720
10.258924
1.959671
2.756788
2.454553
1.303811
2.071009
2.135264
1.956632
3.905509
2.107085
1.151463
1.540270
0.939099
2.408789
2.110531
6.662902
1.752198
3.332038
4.835787
2.011742
1.428413
-1.210797
2.421356
2.142810
-0.266823
-1.727345
-0.565288
0.958844
6.249913
3.568632
-1.041802
1.206256
7.719589
1.262267
0.505088
7.053414
0.909304
1.179177
0.572423
4.217416
-1.623066
1.526714
0.658534
-1.833823
2.148582
4.364441
-0.141576
1.089591
8.665458
-2.143554
0.200651
-1.611573
1.509068
1.052144
1.170291
5.268917
6.020431
1.397803
5.064074
4.852820
1.633928
0.905339
6.838735
3.527807
-1.075663
0.719694
0.867626
1.448704
0.510441
2.857289
1.814854
3.778235
1.459306
-4.385252
1.210145
0.071778
1.482663
1.690398
1.514791
0.850572
0.277280
2.666238
0.727629
0.399210
0.320190
1.121008
1.791791
-2.908587
-3.330601
-0.124190
0.704084
-0.778378
-2.658828
-1.423897
0.943800
0.267490
1.667691
5.228502
6.729815
0.712075
1.134143
1.545838
1.584816
7.295997
3.127525
5.920300
1.673084
1.719946
8.403159
10.320967
4.708295
-1.351561
2.430728
2.425798
-0.416443
1.269970
-0.604124
3.780446
8.681521
0.634994
2.015779
2.563870
2.017069
0.561962
1.478873
-0.314536
4.910758
2.939149
-1.161989
-3.355201
-0.859817
1.418824
-1.640122
-2.369275
-3.239440
-0.786137
0.617494
2.514473
2.066918
1.288957
1.287067
0.402193
1.297431
1.302915
-6.203585
0.609774
0.029435
3.850938
0.769439
0.867317
0.857730
0.080820
-2.771832
-1.402774
-1.006728
-1.564822
0.925504
-1.269505
-3.529930
-0.644155
2.806023
-1.934384
-1.354425
1.440883
0.964196
1.091785
0.650210
1.051461
9.600330
1.668467
-0.911466
0.596562
1.074166
1.461271
2.215721
0.023349
-3.985214
0.631158
0.705427
-0.116674
2.138356
-2.073198
4.665069
0.959669
2.240217
2.391299
1.830492
-2.036106
0.957905
1.993347
0.267821
0.810074
0.721955
1.205661
1.393515
2.157926
2.088052
3.672149
1.191092
1.659368
2.508795
2.611500
5.302090
-1.339107
-0.046773
7.673086
1.574816
1.660604
2.361138
2.126419
2.347649
-0.096785
8.759407
1.140130
1.178517
4.127231
1.320412
1.481972
1.229665
0.407189
2.717199
2.095756
-1.217681
1.783675
1.135093
4.911418
1.931104
2.963268
1.700007
-0.220527
0.961402
3.245807
3.116447
-1.520902
1.718639
5.428971
2.751504
0.503771
3.935815
3.151403
2.156605
3.597377
-0.129655
2.015284
2.179043
-0.077516
-1.392710
3.117230
1.037306
-0.820781
-0.711507
-1.247293
0.235252
7.891131
-0.826231
1.760734
-0.058912
-0.712645
-1.648889
2.891364
2.614381
2.041932
1.483375
-1.951351
0.549096
4.158707
2.144564
-0.843293
1.544423
-7.166090
2.401152
1.212034
2.244517
-0.819547
0.733057
2.631172
1.672464
1.294702
2.498313
1.720912
1.198866
0.894714
1.159255
-1.609078
1.154195
3.929673
0.522140
-2.316511
1.300405
2.244086
1.406757
0.356341
1.182134
1.162106
1.811380
1.060947
1.239165
2.156981
10.768967
5.884562
1.324513
1.145525
1.921745
-0.494814
1.323435
1.346994
-0.451125
-1.295844
-1.688797
1.911684
0.270698
2.978078
1.823753
2.022422
1.569899
1.661098
3.661687
2.044066
1.501198
3.614424
-1.204630
1.131018
-1.114998
1.214243
7.020827
-1.526038
4.061316
-1.012591
-0.726595
7.026004
0.489297
2.217604
2.792797
3.524210
0.397730
-4.864812
1.394647
-0.970959
-0.383763
6.458131
3.783581
2.028927
1.691246
2.111850
-0.497428
-0.796511
4.427816
3.830480
-1.429006
0.068724
1.897089
3.611494
1.639691
2.097727
2.876182
1.924910
3.364622
2.413018
1.915587
1.088870
-1.182732
6.797752
0.750054
0.393853
2.461094
1.102145
0.083291
11.549288
9.535303
2.434743
1.374215
2.709654
1.784496
0.057850
1.023901
1.683104
4.121260
1.892208
2.067493
1.838255
5.225229
2.718683
5.433686
7.755988
0.609598
2.066712
8.820070
3.945776
7.028751
2.648885
0.806277
5.717641
0.246947
0.284166
-2.794296
8.913279
0.617656
6.659148
2.102002
3.109814
10.478761
7.813902
-0.213470
8.437878
6.470779
-0.509937
4.335966
6.937430
10.859986
-0.137304
-0.670502
-0.462844
-0.478641
0.542052
0.078792
1.096774
-0.926454
