0.039085
0.017635
0.030315
0.020157
0.008872
0.018439
-0.007512
0.022206
0.014877
0.015157
0.014865
0.028054
0.027227
0.009332
0.015114
0.006738
0.039006
0.026255
-0.001939
0.039129
0.012066
0.027646
0.020221
0.041638
0.029337
0.030418
0.032757
0.033915
0.038641
0.029096
0.001931
0.035846
0.035928
0.005181
0.018871
0.023562
0.030027
-0.001473
0.004044
0.031662
0.031712
0.033927
0.030901
0.028182
-0.014121
0.030538
-0.000209
0.035096
0.031995
0.021724
0.032761
0.033331
0.036409
0.030377
0.019300
0.028041
0.030444
0.032818
0.030385
-0.001378
0.042132
0.032835
0.040907
0.033529
0.035160
0.036657
0.033187
0.028051
0.021406
0.043247
0.031459
0.029681
0.029783
0.035681
0.031794
0.023255
0.040493
0.031348
0.019330
0.033392
0.031619
0.041905
0.030204
0.030895
0.029975
0.031012
0.028167
0.032722
-0.001855
0.026180
0.012911
0.010584
0.033397
0.017946
0.029973
-0.014991
0.032043
-0.007596
0.031182
0.032816
0.013817
0.044027
0.021589
0.035603
0.030349
0.005263
0.036771
0.032583
0.028603
0.031511
-0.007163
0.031216
0.040917
0.028162
0.029679
0.032670
0.029183
-0.005859
0.032132
0.030652
0.035049
0.035817
0.017890
0.006463
0.028217
-0.016846
0.030444
0.041364
0.038978
0.016893
0.032522
0.040435
0.033171
0.026622
0.027321
0.030396
0.037409
0.017614
0.030661
0.025918
0.039339
0.016623
0.022673
0.023586
-0.004129
0.036051
0.006597
0.040151
0.026848
0.040251
0.019777
0.008136
0.019936
0.024027
0.033094
0.044593
-0.007218
0.001892
0.036215
0.035027
0.040835
0.042031
0.014110
0.008283
0.040174
0.041291
0.041712
0.041131
-0.004326
0.040162
0.029127
0.044398
0.035298
0.032139
0.038789
0.039306
0.040691
0.036687
0.007340
0.039885
0.041255
-0.020230
0.034535
0.035329
0.030758
0.023073
0.033969
0.021031
0.000960
0.021236
0.027799
0.024366
0.038264
0.040701
0.038838
-0.001092
0.033325
0.038807
0.016207
0.035289
0.035697
0.019878
0.041831
0.037970
0.040955
0.021780
0.038901
0.040156
-0.002843
0.033291
0.017874
0.017944
0.010888
0.022941
0.001702
0.037501
0.042266
0.016358
0.036574
0.014220
0.039542
-0.003162
0.019989
0.021946
0.001459
0.007710
0.017442
0.003175
0.039596
0.041440
0.036041
0.042178
0.042454
0.003593
0.039538
0.001118
0.033895
0.011782
0.019990
0.019479
0.040809
0.022362
0.037522
0.040658
0.031103
0.008061
0.026526
-0.014601
0.022524
0.022920
0.028978
0.018816
0.019749
0.018002
0.037084
0.022918
0.043499
0.043851
0.037858
0.045429
0.008527
0.047332
0.043967
0.044228
0.017642
0.014544
0.044334
0.035440
0.004751
0.040202
0.027552
0.041541
0.037106
0.049777
0.047057
0.040325
0.049946
0.005889
0.043399
0.041229
0.042202
0.005249
0.008424
0.048845
0.011140
0.039775
0.043327
0.015821
0.045032
0.008451
-0.003078
0.030550
0.048063
0.047862
0.040159
0.039722
0.043979
0.031493
0.037539
0.002819
0.039558
0.036145
0.020948
0.039734
0.008177
0.005984
0.041642
0.039773
0.031286
0.001355
0.014245
0.034526
0.040602
0.035104
0.042102
-0.012277
0.040840
0.042583
0.041763
0.040137
-0.000066
0.003395
0.017401
0.039643
0.043104
0.033206
0.002586
0.043067
0.041336
0.023166
0.042744
0.031929
0.020695
0.030038
0.012125
0.044137
0.041105
0.035498
0.037841
0.017278
0.038766
0.029683
0.037228
0.014570
0.035322
0.033341
0.024561
0.039137
0.037518
0.016648
0.029933
0.030757
0.029569
0.030848
0.021147
0.032242
0.029144
0.034736
-0.004285
0.036925
0.038072
0.042143
0.037014
0.027873
0.016722
0.038817
0.030657
0.030565
0.017599
0.023621
0.036202
0.039969
0.037096
0.037082
0.028017
0.013423
0.043606
0.010050
0.033412
0.004613
0.035327
0.040993
0.021755
0.016264
0.030568
0.007650
0.042294
0.038879
0.032497
0.038887
0.023674
-0.008232
0.034973
0.030607
0.004290
0.033546
0.022852
0.029713
0.041862
0.030268
0.027322
0.040688
0.020256
-0.006921
0.000321
0.032245
0.043014
0.036704
0.027481
0.035437
0.038286
0.029112
0.035860
0.005417
0.031817
0.029930
0.039379
0.038339
0.035359
0.041240
0.027539
0.030092
0.041341
0.030598
0.037934
0.036191
0.032470
0.028204
0.012147
0.021718
0.018192
0.027329
0.031639
0.019877
0.019640
0.017077
0.018817
0.022022
0.034742
0.014497
0.036496
0.037760
0.013361
0.017545
0.016460
0.026754
0.015077
0.045626
0.038235
0.001634
-0.002810
0.018863
0.012717
0.014709
-0.002657
0.023713
0.033408
0.017463
0.008058
0.010037
0.023692
0.023911
0.034305
0.043329
0.028434
0.042121
0.043200
0.032967
0.032357
0.030779
-0.001384
0.036950
0.031341
0.010028
0.028136
-0.007966
0.037413
0.028783
0.039762
0.013272
0.025205
0.043595
0.030419
-0.019638
0.043814
0.028545
0.038188
0.044829
0.000316
0.035392
0.032605
0.038457
0.025842
0.029283
0.030090
0.010539
0.030829
0.028799
0.015920
0.040863
0.021930
0.041681
0.013701
0.046728
0.016351
0.041106
0.031410
0.041903
0.015009
0.013115
0.014989
0.015167
0.014627
0.030811
0.046177
0.019941
0.013443
0.013387
-0.013952
0.013073
0.012480
0.013300
0.015099
0.015311
0.011926
0.017421
0.012868
0.031929
0.039995
0.031620
0.025491
0.043693
0.019357
0.017240
0.021855
0.039856
0.032704
0.033511
-0.013655
0.040032
0.019957
0.035663
0.034849
0.035785
0.031659
0.015473
0.039859
-0.010058
0.033167
0.018842
0.041852
0.034955
-0.007500
0.039675
0.036123
0.035974
0.027275
0.034980
-0.011621
0.038624
0.042332
0.035028
0.036205
0.027489
0.037110
0.037756
0.040135
0.040548
0.027744
0.031968
0.036044
0.030962
0.044978
0.039063
0.030668
0.027415
0.037043
0.034187
0.039640
0.038060
0.038572
0.042108
0.028049
0.036970
0.025735
0.003846
0.027062
0.034855
-0.008279
0.030582
0.038100
0.038684
0.039087
-0.010152
0.014882
0.014887
0.038541
0.027095
0.039306
0.038694
0.034192
0.032726
0.000033
0.030203
0.035076
0.022967
0.029360
0.034252
0.040195
0.027599
-0.004365
0.030674
0.033449
0.027667
0.016150
0.036840
0.030882
0.026981
0.030627
0.017112
0.028909
0.030295
0.036359
0.021020
0.005440
0.001453
0.030686
0.033539
0.006424
0.029762
0.009714
0.030221
0.037389
0.021027
0.028466
0.006442
0.011935
-0.001824
0.017586
0.035875
0.004840
0.022028
0.020052
-0.000022
0.023023
0.030826
0.035541
0.023604
0.030007
0.014210
0.011852
0.030613
0.035147
0.009066
0.014511
0.034789
0.029455
0.038104
0.004964
0.030168
0.028138
0.034684
0.031188
0.034874
0.009742
0.030565
0.033231
0.019820
0.030625
0.031927
0.036231
0.042561
0.020419
0.028797
0.029807
0.030692
0.008009
0.026506
0.029352
0.030069
0.030250
0.031181
0.005568
0.017698
0.030486
0.037895
0.030402
0.032735
0.040522
0.037473
0.034886
0.038416
0.030558
0.021434
0.020207
0.027337
0.029238
0.040477
0.032687
0.035919
0.023911
0.035439
0.018989
0.019148
0.025948
0.039329
0.019819
0.020789
0.018980
0.031250
0.023250
0.016308
0.027646
0.032218
0.023738
0.029487
0.037311
0.019118
0.019331
0.017042
0.014979
0.015638
0.039446
-0.004776
0.039643
0.037276
0.031121
0.032305
0.030492
0.026994
0.037075
0.034009
0.008157
0.017287
0.033692
0.037241
0.028374
0.028157
0.003164
0.030386
-0.000812
0.033366
0.018219
0.029290
-0.000247
-0.008388
0.026831
0.031032
0.031391
0.037028
0.035925
0.031567
0.023707
0.034499
0.033631
0.031899
0.037511
0.036593
0.032114
-0.004094
0.032223
0.001933
0.037752
0.037187
0.030619
-0.003076
0.026023
0.025960
0.030684
0.030562
0.033095
0.035489
0.020440
0.036992
0.033577
0.012180
0.013453
0.038539
0.037054
0.036031
0.030537
0.034221
0.000146
0.036501
0.030703
0.024311
0.020003
0.022829
0.030283
0.029166
0.018523
0.018633
0.035807
0.027171
0.029994
0.032614
-0.013543
0.029879
0.014108
0.014600
0.023746
0.037260
0.036278
0.030103
0.030401
0.034075
0.034521
0.029523
0.030742
0.034308
0.018037
0.035293
0.027187
0.030142
0.029435
0.018769
0.032034
0.026988
0.027621
0.041397
0.041796
0.043790
-0.003658
0.023708
0.021162
0.003497
0.039666
0.023635
0.032310
0.020933
0.021241
0.025397
0.018210
0.035003
-0.022514
0.020119
0.017811
0.024290
0.017490
0.014376
0.038086
0.037224
0.002302
0.023874
0.035222
0.042714
0.016546
0.042523
0.030663
0.038146
0.021986
0.037192
0.030139
0.041144
-0.023871
0.039001
0.043335
0.036781
0.037739
0.038655
-0.002252
0.038801
0.038752
0.018666
0.040074
0.043972
0.037576
0.035810
0.037506
0.041650
0.041191
0.036662
0.029848
0.014104
0.035854
0.046056
0.038732
0.038901
0.043930
0.038794
0.038093
0.036081
0.046658
0.034057
0.038443
0.033721
0.016495
0.035591
0.033670
0.037185
0.044317
0.038032
0.037624
0.030987
0.038415
0.036765
0.014810
0.037411
0.024972
0.039315
0.036744
0.039627
0.035164
0.029001
0.043222
0.033213
0.038212
-0.003998
0.032104
0.012729
-0.018546
0.040552
0.037336
0.030503
0.035276
0.037863
0.034741
0.029499
0.019158
0.025060
0.034546
0.038789
0.028921
0.000175
0.029690
0.022395
0.010990
0.034664
0.033611
0.037325
0.017563
0.011373
0.018489
-0.030246
0.034937
0.037899
0.014932
0.034740
0.035069
0.029769
0.036496
0.039244
0.033890
0.033741
0.034410
-0.017144
0.041875
0.036507
0.020051
0.035726
0.034335
0.040120
0.025326
-0.005971
0.037058
0.034439
0.022348
0.024239
0.039950
0.038977
0.037003
0.026829
0.035603
0.034405
0.036971
0.043372
0.039399
0.035792
0.001980
0.015289
0.003156
0.001973
0.013800
0.004579
0.003758
0.002672
0.001649
0.009440
0.007171
0.013562
0.006854
0.010434
0.022392
0.002337
0.003438
0.003361
0.007083
0.002198
0.001957
0.002570
0.012584
0.010338
0.001584
0.000596
0.037480
0.016569
0.033017
0.022624
0.035818
0.038774
0.038238
0.029192
