300 301 642
400 353 416
542 568 362
565 566 580
358 411 422
684 532 332
400 416 424
371 411 423
364 422 397
579 362 536
660 73 105
105 37 127
400 127 37
37 353 400
420 341 337
368 351 398
393 316 609
424 416 351
371 422 411
102 420 337
377 102 515
317 315 77
347 334 358
420 102 377
309 316 291
362 540 536
394 354 357
352 97 424
291 316 607
114 22 133
526 719 534
555 961 565
144 445 438
121 22 56
580 581 593
661 185 670
980 283 762
37 354 353
801 800 708
515 485 377
114 56 22
353 354 398
579 609 362
568 324 362
777 992 979
73 37 105
247 121 56
121 247 441
364 358 422
449 479 506
333 332 334
424 351 352
809 796 41
645 133 918
896 913 916
767 743 673
114 133 645
63 94 34
251 441 247
413 441 251
366 372 317
228 993 990
391 303 395
127 81 105
663 105 427
592 593 390
971 975 321
556 536 597
29 20 33
17 158 24
988 976 762
286 733 641
40 127 400
197 75 174
47 404 405
659 673 283
281 315 317
365 288 50
312 299 607
105 81 427
40 424 97
114 645 254
174 75 90
2 15 14
275 723 286
971 988 979
159 61 529
396 663 427
294 301 297
263 723 275
188 39 47
416 353 398
29 15 20
66 74 65
37 73 354
108 109 475
475 109 123
29 33 32
204 66 53
303 323 980
611 318 233
394 368 398
412 367 368
943 58 457
108 110 109
461 463 921
68 94 129
667 656 812
457 84 88
88 110 108
354 3 357
857 263 260
28 48 46
233 315 325
80 74 86
525 453 535
506 508 500
859 892 995
354 73 675
58 78 457
457 78 84
88 84 110
74 231 93
747 982 743
109 118 134
19 14 29
74 66 231
354 394 398
18 456 465
815 756 727
110 118 109
191 147 90
74 93 86
368 394 412
51 58 929
118 130 134
65 74 80
93 100 99
129 63 61
58 71 78
110 95 118
215 134 218
33 204 53
19 29 32
351 368 57
264 827 267
58 51 71
71 84 78
24 25 39
432 143 436
436 143 151
84 95 110
773 245 553
51 59 71
95 130 118
7 138 2
969 310 977
350 347 383
727 756 433
321 225 971
95 115 130
989 990 993
90 147 174
71 76 84
84 91 95
130 135 134
134 135 248
146 15 2
158 160 25
9 8 454
382 377 466
59 76 71
76 91 84
8 458 454
988 991 978
464 573 568
91 115 95
130 115 135
464 515 573
237 187 201
65 53 66
405 188 47
277 294 293
151 8 9
59 72 76
91 96 115
237 131 187
663 660 105
397 422 421
49 55 59
59 55 72
248 135 355
978 991 970
197 131 237
40 400 424
76 72 91
91 72 96
359 355 135
899 158 17
249 186 210
127 40 81
55 92 72
96 124 115
115 124 135
355 359 378
993 969 972
27 42 470
27 43 49
659 283 401
151 437 8
8 16 21
21 43 27
43 55 49
327 985 976
301 298 642
33 53 48
32 33 28
72 92 96
136 359 135
386 112 120
511 513 516
112 119 120
18 16 8
96 92 106
96 136 124
124 136 135
250 236 68
94 68 236
21 31 43
16 18 44
21 16 31
43 31 55
55 60 92
75 97 352
16 44 31
31 60 55
92 60 69
367 359 136
473 494 478
96 125 136
261 974 973
274 262 275
31 44 35
69 79 92
92 101 106
25 171 39
14 15 29
743 977 631
31 35 60
106 125 96
57 367 136
60 35 69
34 94 236
35 481 69
481 79 69
92 79 101
401 283 323
145 142 7
116 119 112
44 18 38
44 38 35
481 476 79
113 402 82
120 119 131
422 371 421
125 57 136
289 298 301
64 97 197
311 288 305
285 333 350
38 481 35
346 40 406
302 304 307
619 590 627
15 148 20
407 574 336
125 106 4
654 627 651
116 184 119
4 54 125
57 125 54
10 11 456
52 427 81
52 40 346
410 396 427
597 536 540
101 111 106
30 90 75
383 364 397
338 536 556
410 427 52
857 848 263
57 54 26
144 6 445
144 145 6
445 6 10
465 462 474
52 81 40
406 40 97
459 111 101
106 111 4
113 82 317
6 11 10
276 315 233
86 93 99
48 53 65
390 593 308
969 982 981
184 183 119
498 67 486
486 85 446
138 146 2
11 6 462
984 971 225
498 62 67
111 126 4
903 899 17
99 100 112
6 13 462
473 46 62
486 67 85
446 85 455
971 984 988
119 187 131
28 33 48
158 25 24
85 98 455
978 979 988
67 80 85
260 275 262
171 47 39
6 7 13
410 52 104
4 30 54
26 54 30
100 116 112
145 7 6
7 2 13
13 2 19
970 991 816
75 197 97
289 301 294
65 80 67
62 65 67
455 5 191
13 19 28
352 26 30
30 75 352
191 90 126
126 90 4
90 30 4
100 184 116
19 32 28
46 48 62
80 86 85
85 99 98
85 86 99
723 733 286
565 580 577
2 14 19
48 65 62
932 149 146
161 170 165
57 368 367
637 283 673
160 173 171
204 193 66
156 284 162
226 186 249
795 790 497
155 160 158
247 56 242
192 234 179
242 256 247
876 260 262
15 146 148
169 181 168
254 645 220
795 497 139
999 907 922
386 191 5
227 254 220
39 188 24
205 217 244
328 415 399
227 242 254
256 214 247
514 139 805
163 157 220
220 157 227
242 227 224
242 224 256
214 251 247
173 178 171
230 232 241
219 349 201
514 805 789
256 206 214
199 192 186
120 191 386
157 211 227
154 150 166
123 109 215
256 224 206
148 154 165
179 321 192
163 123 215
227 211 224
181 195 217
109 134 215
317 82 281
175 255 221
212 157 163
157 212 211
214 206 190
180 194 208
199 226 234
192 321 987
215 212 163
306 327 152
166 167 168
187 119 183
182 224 211
206 224 239
152 225 321
403 265 282
224 182 253
190 206 223
468 42 944
198 77 686
133 22 442
211 212 196
182 211 196
224 253 239
239 223 206
177 194 180
246 179 234
152 321 179
212 215 218
196 212 218
252 370 190
207 243 216
779 640 802
566 936 581
252 190 223
161 166 170
170 180 176
259 149 932
114 242 56
154 161 165
131 197 174
170 177 180
171 178 404
369 252 223
369 223 239
194 181 205
170 166 168
226 249 164
140 437 143
586 972 981
184 255 183
114 254 242
760 770 785
170 168 177
253 369 239
369 265 252
148 165 20
267 827 822
162 172 160
168 181 177
120 147 191
196 218 248
182 196 248
202 253 182
25 160 171
182 248 202
253 202 369
77 315 276
165 170 20
402 113 372
168 167 169
20 170 176
146 149 154
146 154 148
120 131 147
186 330 210
208 205 229
207 229 243
209 152 179
954 925 932
162 284 172
169 24 181
230 241 221
244 230 221
17 24 169
175 241 1
175 221 241
24 188 195
460 981 527
349 219 1
174 147 131
204 176 193
176 180 193
255 175 219
236 213 164
327 225 152
213 246 234
981 982 527
754 271 144
155 162 160
213 153 246
172 178 173
221 243 229
221 255 243
66 216 231
23 282 240
23 240 222
666 654 741
150 167 166
113 317 372
271 142 144
144 142 145
208 194 205
275 286 289
222 240 238
708 722 970
217 230 244
155 156 162
213 234 226
205 244 229
258 903 150
179 246 209
980 323 283
657 806 817
767 747 743
233 325 611
961 566 565
181 217 205
450 990 989
263 706 723
282 980 189
801 708 614
282 189 240
192 199 234
238 240 189
612 669 292
160 172 173
222 153 250
184 231 216
712 526 718
263 848 706
195 415 328
34 164 379
153 222 238
229 244 221
258 150 259
180 207 193
193 216 66
193 207 216
150 17 167
132 1 241
209 306 152
181 194 177
208 229 207
306 238 189
20 176 204
186 226 199
217 195 328
209 238 306
209 153 238
153 236 250
329 233 318
149 259 150
154 166 161
237 201 200
149 150 154
217 328 230
903 17 150
189 985 306
34 236 164
261 285 269
21 27 458
167 17 169
164 249 379
175 1 219
219 183 255
201 187 219
243 255 184
28 473 13
180 208 207
670 628 617
303 980 282
231 184 100
153 209 246
24 195 181
183 219 187
706 848 698
226 164 213
216 243 184
201 349 200
985 327 306
213 236 153
200 197 237
843 853 859
579 393 609
228 310 993
738 744 748
260 263 275
979 992 975
308 235 390
228 290 278
567 336 574
609 316 309
407 582 574
609 500 362
278 290 311
289 641 298
297 301 300
579 340 393
738 730 744
304 778 313
907 916 948
315 281 325
464 602 482
464 488 448
551 482 602
460 585 910
59 51 49
261 269 974
275 289 277
278 311 305
658 329 320
896 892 913
454 528 518
270 633 276
423 558 544
463 461 541
898 899 903
608 607 340
302 296 304
340 579 338
579 536 338
855 45 322
302 295 296
611 399 674
308 593 599
455 98 5
87 962 479
509 518 517
313 320 319
178 297 300
267 272 279
508 506 551
335 992 791
855 496 861
952 959 953
151 143 437
577 580 591
287 295 302
692 822 824
335 330 987
580 592 591
690 692 824
310 278 305
77 198 317
672 287 728
451 541 461
743 631 625
451 516 541
908 889 909
33 20 204
93 231 100
264 267 672
595 994 910
430 509 503
350 290 285
753 622 805
376 683 677
548 738 739
270 233 329
362 500 508
138 142 954
228 990 269
630 617 667
390 299 361
500 609 309
269 290 228
312 607 608
302 307 314
307 313 319
453 447 511
658 270 329
683 641 644
846 264 672
574 324 567
464 568 602
305 631 310
304 313 307
952 948 959
972 986 989
319 320 329
290 269 285
272 280 279
279 280 287
287 280 295
286 641 289
324 606 540
686 276 633
324 574 606
516 528 541
853 893 859
686 77 276
567 568 573
749 760 785
516 518 528
739 765 790
314 307 318
316 393 607
672 279 287
797 607 45
320 313 778
278 310 228
270 276 233
230 328 232
672 267 279
689 690 824
203 241 232
241 203 132
268 272 267
506 500 449
314 287 302
232 328 331
331 203 232
132 203 402
282 265 303
82 402 203
303 265 369
839 842 694
972 586 986
981 972 969
156 883 284
172 293 178
192 987 330
331 82 203
883 262 274
73 660 680
822 692 268
303 369 395
284 293 172
293 297 178
274 275 277
883 274 284
350 311 290
399 325 331
82 331 281
318 307 319
958 309 291
134 248 218
325 281 331
277 289 294
303 391 323
274 277 284
284 277 293
293 294 297
318 319 329
883 876 262
336 337 387
341 339 374
337 336 102
602 542 551
178 300 404
620 342 616
285 684 333
300 392 404
935 997 949
413 375 373
375 214 190
300 642 392
311 397 288
370 403 385
288 397 50
984 976 988
7 142 138
392 414 404
414 405 404
642 376 392
392 376 414
421 371 342
128 70 371
376 384 414
414 188 405
387 70 582
384 415 414
415 188 414
214 375 251
336 387 407
487 936 941
380 23 408
684 332 333
370 252 403
322 45 235
384 399 415
50 342 365
23 339 385
342 70 374
421 342 50
350 333 347
993 972 989
631 305 365
466 373 382
387 337 374
341 345 385
616 374 339
347 358 364
357 12 401
3 612 117
365 342 620
355 409 391
421 50 397
791 210 335
986 994 989
440 521 518
42 468 470
202 391 395
3 117 357
403 23 385
23 250 408
409 378 412
382 420 377
935 949 939
345 373 375
383 347 364
34 379 63
391 202 355
333 334 347
508 542 362
383 397 311
358 502 411
352 351 26
520 453 525
94 63 129
659 401 12
70 128 560
339 23 380
345 341 382
870 879 882
385 339 341
288 365 305
250 23 222
401 409 357
359 412 378
382 341 420
380 616 339
494 62 498
375 413 251
378 409 355
394 357 409
581 599 593
409 412 394
47 171 404
337 341 374
332 504 334
833 845 847
117 12 357
969 977 982
373 345 382
380 408 554
367 412 359
372 417 402
70 387 374
374 616 342
351 416 398
299 390 235
402 141 132
428 440 435
402 417 141
1 132 141
1 141 349
8 21 458
618 210 791
401 391 409
413 373 466
372 388 417
388 418 417
141 417 418
366 388 372
586 981 460
370 345 375
403 282 23
423 128 371
395 369 202
343 141 418
354 675 83
388 425 418
385 345 370
366 360 388
349 141 343
485 466 377
441 413 466
99 112 386
360 389 388
349 343 200
403 252 265
366 623 360
388 389 425
418 425 107
343 122 200
13 473 462
386 98 99
343 418 107
200 64 197
340 607 393
68 408 250
389 426 425
107 122 343
122 64 200
425 426 107
122 406 64
70 342 371
504 502 358
334 504 358
360 410 389
410 426 389
104 107 426
375 190 370
323 391 401
122 107 104
566 581 580
592 390 361
592 580 593
895 886 907
267 822 268
426 410 104
346 406 122
64 406 97
597 540 606
122 104 346
52 346 104
521 9 454
753 805 792
507 504 572
437 444 452
428 431 440
502 504 507
755 906 920
245 727 326
801 614 530
484 480 494
462 473 474
431 436 521
436 9 521
514 819 139
79 493 471
541 468 463
804 809 814
38 465 474
601 768 621
528 470 468
891 155 900
457 950 943
457 490 950
111 191 126
428 432 431
446 493 486
953 444 437
993 310 969
722 978 970
18 465 38
976 980 762
474 473 478
704 703 694
458 27 470
431 432 436
411 502 423
454 458 528
528 458 470
975 992 987
261 973 983
473 62 494
549 491 41
459 79 471
600 936 487
481 484 476
471 446 459
27 49 42
441 485 467
472 439 496
442 918 133
108 475 496
916 930 948
463 468 911
79 476 493
452 456 18
437 452 18
430 435 509
456 11 465
441 467 121
968 754 438
438 754 144
918 442 940
719 730 534
789 805 666
478 494 480
472 490 439
490 457 88
788 800 801
485 441 466
453 451 461
896 916 907
493 498 486
884 434 505
484 481 480
534 730 738
442 479 940
469 442 467
121 467 22
840 853 843
434 443 505
505 443 510
446 471 493
490 472 477
722 708 800
439 108 496
423 544 128
322 348 489
128 544 560
464 448 515
8 437 18
22 467 442
599 600 487
492 599 487
348 492 489
488 469 467
129 61 547
444 445 452
781 794 813
790 765 497
447 520 443
434 447 443
261 684 285
954 932 146
477 492 487
322 489 855
438 445 444
521 454 518
440 431 521
845 1001 875
940 479 495
488 467 448
484 494 498
541 528 468
445 10 452
953 437 140
953 438 444
11 462 465
727 433 326
68 129 408
476 498 493
430 947 435
498 476 484
266 572 604
449 87 479
473 28 46
139 483 805
429 447 434
447 453 520
452 10 456
867 886 895
496 855 489
490 88 439
467 485 448
477 487 955
475 861 496
485 515 448
765 804 497
472 492 477
489 492 472
474 478 480
722 979 978
158 899 155
489 472 496
634 820 501
482 506 479
474 480 481
503 447 429
79 459 101
469 482 479
459 446 455
453 461 535
535 461 921
488 464 482
503 513 511
614 708 768
455 191 459
111 459 191
547 554 129
408 129 554
560 544 545
950 955 941
490 477 955
490 955 950
430 915 947
479 442 469
469 488 482
604 983 973
379 529 63
630 661 617
572 504 532
332 532 504
664 360 653
604 596 266
578 596 604
336 567 573
248 355 202
646 682 688
578 537 596
89 572 266
578 595 537
572 89 507
89 266 559
994 595 783
596 559 266
596 537 36
559 596 36
533 737 718
89 603 507
502 507 603
516 517 518
646 688 570
603 89 589
573 102 336
559 589 89
589 559 36
538 653 623
971 979 975
569 794 781
794 598 813
818 813 610
813 598 610
585 595 910
569 583 794
794 583 587
598 819 610
585 537 595
502 603 558
794 587 598
589 550 603
737 557 569
557 576 569
569 576 583
550 558 603
533 557 737
598 587 819
610 819 514
610 514 635
508 551 542
533 548 557
855 797 45
36 564 589
987 321 975
533 534 548
557 548 576
587 795 819
501 829 499
567 324 568
589 564 550
581 600 599
718 526 533
36 537 564
501 499 512
526 534 533
583 739 790
512 499 519
512 519 522
576 739 583
936 600 581
503 509 513
513 517 516
522 719 526
583 790 795
564 537 585
701 691 648
460 594 585
564 585 545
984 327 976
530 561 798
522 720 719
530 529 561
529 379 561
627 687 646
511 516 451
499 839 519
548 739 576
634 344 712
63 529 61
545 550 564
741 650 635
324 540 362
550 545 558
502 558 423
839 720 519
534 738 548
787 571 588
735 549 605
235 45 299
299 45 607
415 195 188
568 542 602
88 108 439
627 590 687
695 858 871
360 623 653
561 210 618
605 381 735
652 666 805
638 649 657
529 530 159
387 582 407
922 907 948
670 624 628
663 396 682
652 805 622
235 348 322
585 594 545
435 440 509
453 511 451
527 594 460
102 573 515
348 235 308
688 538 570
661 630 638
571 584 588
356 735 381
922 948 952
683 644 677
558 545 544
675 680 681
588 584 605
350 383 311
546 594 527
328 399 331
356 433 756
601 159 614
503 511 447
531 745 715
782 562 571
584 363 605
381 605 363
527 982 773
545 594 546
599 348 308
87 309 958
695 615 704
381 363 273
547 61 159
615 524 523
633 647 686
562 563 571
563 577 571
571 577 584
509 440 518
547 159 601
523 524 525
523 525 531
577 591 584
584 591 363
381 273 419
419 356 381
546 560 545
920 552 755
755 552 562
273 363 361
433 356 419
638 630 649
326 556 543
635 650 636
650 741 626
606 553 543
449 309 87
746 539 906
552 563 562
591 361 363
546 553 574
546 574 582
560 546 582
554 547 601
695 510 615
695 505 510
615 510 524
525 539 531
583 795 587
419 273 299
608 326 433
556 326 338
606 574 553
506 482 551
560 582 70
509 517 513
500 309 449
525 535 539
549 588 605
299 273 361
608 338 326
606 543 597
338 608 340
597 543 556
524 510 520
524 520 525
739 748 765
738 748 739
591 592 361
299 312 419
433 419 312
433 312 608
380 554 621
810 617 628
617 656 667
530 614 159
983 532 684
5 98 386
261 983 684
617 662 656
646 643 627
662 617 810
318 674 314
613 671 647
696 699 689
671 686 647
676 652 622
623 671 613
73 680 675
320 778 802
512 344 634
682 396 688
623 366 198
734 314 674
802 640 658
681 590 676
613 624 670
640 628 647
185 643 668
344 522 526
888 897 909
410 360 664
647 628 624
410 664 396
620 625 365
734 674 677
298 683 642
676 619 652
527 773 546
762 283 637
616 380 620
365 625 631
663 682 660
660 687 680
712 648 634
810 628 640
621 625 620
380 621 620
613 670 639
650 626 661
344 512 522
344 526 712
612 83 681
318 611 674
658 320 802
634 648 691
630 667 649
304 763 778
681 680 590
743 637 673
646 570 643
643 570 668
622 753 575
619 654 666
601 621 554
647 624 613
651 643 185
636 610 635
636 655 610
680 687 590
639 570 538
376 642 683
716 629 632
655 638 657
810 640 662
675 681 83
348 599 492
570 670 668
650 661 638
779 662 640
674 399 384
651 627 643
673 678 767
629 767 678
673 659 678
629 678 679
632 629 679
575 632 665
666 652 619
677 644 734
633 658 640
575 665 622
679 665 632
655 636 638
683 298 641
688 664 653
817 655 657
679 685 665
26 351 57
384 376 674
610 655 818
12 117 678
659 12 678
678 117 679
665 685 622
3 83 612
676 590 619
151 9 436
838 849 844
664 688 396
676 669 612
292 679 117
538 623 613
703 704 615
682 646 687
601 614 768
210 561 249
317 198 366
679 292 685
644 641 733
399 611 325
670 570 639
270 658 633
660 682 687
626 185 661
615 523 703
622 669 676
982 977 743
647 633 640
450 989 783
681 676 612
661 670 617
198 686 671
671 623 198
743 625 637
674 376 677
327 984 225
379 249 561
292 669 685
669 622 685
654 619 627
653 538 688
613 639 538
117 612 292
636 650 638
815 721 756
895 907 999
634 691 820
808 721 697
519 720 522
720 730 719
735 491 549
733 724 734
539 746 531
710 693 41
859 893 892
713 724 733
604 572 532
799 621 816
269 990 974
713 707 724
815 773 747
747 773 982
953 140 952
752 491 761
724 314 734
815 727 245
747 721 815
629 716 697
752 710 491
752 716 632
752 761 716
706 698 713
713 698 707
314 724 728
796 549 41
815 245 773
779 803 662
728 287 314
752 632 575
745 746 749
654 626 741
766 771 770
693 483 814
814 483 804
707 728 724
766 755 771
785 809 804
713 733 723
770 786 809
753 792 575
637 799 762
755 782 771
808 761 356
761 735 356
749 785 769
698 672 707
707 672 728
766 906 755
720 744 730
706 713 723
746 906 760
858 695 704
960 754 968
769 804 765
785 770 809
779 802 778
631 977 310
755 562 782
698 846 672
483 792 805
295 280 296
296 763 304
571 787 782
763 757 778
757 779 778
779 774 803
692 272 268
744 740 748
740 776 748
786 771 796
729 763 296
280 729 296
752 575 710
906 766 760
272 725 280
280 725 729
779 757 774
709 523 715
335 987 992
884 505 695
729 736 763
720 715 744
776 749 769
785 804 769
760 766 770
272 692 725
725 717 729
763 736 757
776 769 765
443 520 510
694 858 704
717 736 729
736 764 757
644 733 734
335 210 330
803 656 662
692 705 725
740 745 749
491 735 761
705 717 725
757 764 774
783 578 450
709 715 720
693 710 575
531 746 745
699 700 692
692 700 705
717 726 736
38 474 481
789 741 635
846 827 264
803 812 656
497 804 483
789 635 514
185 668 670
629 697 767
690 699 692
764 784 774
774 784 803
139 497 483
768 708 816
705 726 717
784 812 803
839 709 720
736 742 764
784 793 812
764 758 784
784 758 793
748 776 765
715 523 531
41 814 809
693 814 41
726 742 736
973 974 450
245 543 553
689 699 690
740 749 776
742 750 764
705 731 726
764 750 758
793 806 812
740 715 745
816 708 970
703 523 709
694 703 709
700 711 705
806 667 812
771 786 770
767 697 747
705 711 731
621 799 625
768 816 621
245 326 543
793 807 806
892 886 867
744 715 740
731 742 726
758 780 793
780 807 793
546 773 553
710 41 491
699 702 700
742 731 750
799 991 762
756 721 808
696 702 699
886 896 907
694 709 839
806 649 667
750 780 758
604 532 983
354 83 3
499 829 839
654 651 626
512 634 501
700 702 711
711 714 731
731 751 750
811 791 992
618 791 811
751 780 750
578 783 595
806 657 649
702 714 711
807 817 806
817 818 655
714 732 731
731 732 751
780 775 807
786 796 809
991 988 762
777 811 992
618 798 561
751 732 759
759 775 780
751 759 780
697 721 747
788 618 811
756 808 356
693 575 792
578 604 973
795 139 819
702 701 714
807 775 817
771 787 796
483 693 792
746 760 749
821 689 823
788 798 618
696 701 702
782 787 771
910 994 986
696 691 701
701 718 714
714 718 732
450 578 973
908 909 914
732 718 737
732 737 759
775 759 781
775 781 817
796 588 549
701 712 718
737 569 759
817 813 818
808 716 761
979 800 777
811 777 800
798 788 530
701 648 712
781 813 817
666 741 789
800 979 722
788 811 800
788 801 530
697 716 808
759 569 781
821 691 696
799 816 991
890 899 898
651 185 626
625 799 637
588 796 787
917 925 954
260 876 866
948 935 939
845 841 1001
866 876 879
856 863 860
931 1002 998
860 863 878
863 865 878
909 917 996
869 849 873
904 888 909
878 888 881
475 123 927
783 989 994
931 908 914
460 986 586
854 863 856
913 923 930
698 848 846
833 856 841
844 849 869
823 824 828
846 848 854
874 887 894
875 887 874
894 889 908
947 428 435
865 905 897
865 898 905
607 797 291
897 257 917
917 257 925
291 797 958
899 900 155
848 857 854
220 933 937
948 939 959
897 905 257
856 846 854
879 876 891
884 885 434
949 960 939
847 845 864
854 870 863
143 137 140
837 838 844
865 882 890
865 890 898
186 192 330
958 957 87
962 87 957
887 888 904
873 894 869
869 894 893
942 954 271
689 824 823
926 495 962
926 962 957
826 828 832
754 960 942
949 924 942
894 887 889
890 891 900
958 797 861
958 861 957
926 940 495
854 857 870
271 754 942
957 919 926
974 990 450
832 828 837
855 861 797
863 870 865
892 893 913
220 645 933
566 965 936
963 961 555
957 861 919
926 103 940
563 552 555
965 941 936
931 998 997
566 961 965
103 926 919
103 918 940
823 826 825
963 772 961
890 900 899
827 846 856
925 257 932
772 965 961
845 833 841
894 908 893
923 908 931
882 879 891
949 942 960
927 861 475
861 927 919
882 891 890
920 938 552
552 938 555
836 837 840
840 869 853
917 954 942
937 103 919
933 918 103
913 893 923
555 938 963
832 837 836
850 856 860
927 937 919
645 918 933
772 963 956
965 772 941
937 933 103
434 885 429
938 956 963
772 928 941
939 960 959
968 959 960
838 847 849
871 885 884
877 867 895
920 934 938
772 951 928
937 927 163
898 903 905
951 772 956
905 903 257
138 954 146
887 904 889
871 862 902
871 902 885
932 257 259
906 934 920
938 934 956
935 931 997
163 220 937
694 842 858
893 908 923
858 862 871
429 885 901
941 928 964
941 964 950
916 913 930
964 943 950
870 882 865
858 842 862
563 565 577
906 921 934
934 946 956
951 956 946
996 917 924
903 258 257
928 945 964
904 909 889
911 951 946
928 951 945
943 964 929
909 897 917
921 946 934
891 156 155
929 964 945
142 271 954
911 945 951
862 880 902
885 902 901
696 689 821
842 851 862
901 902 912
901 912 503
430 503 915
137 952 140
923 931 930
829 851 839
839 851 842
912 915 503
189 976 985
980 976 189
943 929 58
840 844 869
820 851 829
501 820 829
837 844 840
959 968 953
915 912 947
123 163 927
901 503 429
944 51 929
864 874 873
880 862 872
911 468 945
929 945 944
820 825 851
902 880 912
947 966 428
539 921 906
259 257 258
828 838 837
862 867 872
872 1000 880
912 967 947
944 945 468
930 931 935
847 864 873
876 883 891
825 830 851
851 830 834
851 834 852
851 852 868
851 868 862
947 967 966
487 941 955
891 883 156
953 968 438
873 874 894
912 922 967
51 944 42
820 691 821
820 821 825
868 867 862
875 888 887
695 871 884
864 875 874
823 828 826
841 856 850
830 835 834
428 966 432
479 962 495
878 865 888
535 921 539
260 866 857
825 831 830
852 834 995
910 986 460
51 42 49
828 827 833
924 917 942
821 823 825
835 843 834
834 843 995
867 877 872
857 866 870
870 866 879
830 831 835
966 967 137
966 137 432
843 859 995
922 952 967
828 833 838
835 836 843
555 565 563
853 869 893
838 833 847
831 836 835
836 840 843
967 952 137
849 847 873
825 826 831
824 827 828
824 822 827
868 995 867
432 137 143
845 875 864
888 865 897
827 856 833
826 832 831
831 832 836
1001 841 850
881 888 875
463 911 946
946 921 463
995 868 852
892 867 995
892 896 886
914 909 996
1002 931 914
922 912 880
877 895 999
1000 872 877
999 922 1000
1001 881 875
930 935 948
997 998 949
998 924 949
1002 914 996
924 998 996
877 999 1000
1001 860 878
880 1000 922
850 860 1001
878 881 1001
996 998 1002
