0.966159 0.248037 0.345990
0.411623 -0.731616 0.620273
-0.036774 0.509776 -0.118191
0.156473 0.251478 0.499099
0.301242 0.093183 0.612855
0.121940 -0.699392 0.625995
0.272647 -0.753373 0.607351
-0.246219 -0.673826 0.481420
-0.375577 -0.714824 0.498063
0.024156 -0.678144 0.559378
0.068897 -0.644933 0.546556
-0.215180 0.557040 -0.104776
0.253968 -0.637529 0.658889
0.439023 -0.678224 0.642433
0.519514 -0.692826 0.626268
-0.135039 -0.596962 0.453478
0.975751 -0.664472 0.395395
-0.083260 -0.637685 0.478903
0.376193 -0.618237 0.657073
0.591917 -0.563575 0.683988
-0.197170 -0.564763 0.469542
-0.784898 0.564951 0.678391
-0.398400 0.933742 0.084559
1.070499 -0.503258 0.376131
1.137714 -0.538596 0.357011
0.185909 0.424625 0.403828
-0.264531 -0.503705 0.480999
0.319446 -0.503229 0.728538
0.464780 -0.611544 0.703890
0.279302 0.379444 0.460300
-0.126383 -0.447225 0.469065
0.399004 -0.553191 0.729539
0.458021 -0.469090 0.744207
-0.009835 1.301685 -0.252802
-0.060218 -0.373518 0.481866
-0.711023 0.996672 -0.685427
0.239613 0.573565 0.045570
-0.003160 -0.497761 0.457601
1.141568 -0.464375 0.307484
0.481010 0.583615 0.204178
-0.542439 -0.053111 -0.467616
-0.338405 -0.447101 0.458183
-0.195784 -0.450210 0.511248
-0.070926 -0.530054 0.467301
-0.878736 0.220979 0.133272
0.263010 -0.399065 0.743989
1.192518 -0.405105 0.263899
0.354360 -0.362631 0.766311
-0.273072 -0.382704 0.516519
-0.564959 1.010993 -0.304794
-0.388218 -0.331599 0.513685
0.610887 0.589016 0.087343
0.474683 -0.322902 0.764881
0.125507 0.345304 0.451439
-0.189414 -0.289921 0.521292
-0.698936 0.589743 0.675327
0.022378 0.381945 0.384210
-0.489112 -0.251399 0.539601
-0.298003 -0.253624 0.548018
-0.113017 -0.267079 0.486031
-0.177591 1.262152 -0.244955
0.213133 -0.285819 0.751527
-0.074263 1.325554 -0.250573
0.641296 0.496406 0.351971
0.375415 -0.216123 0.773733
0.566519 -0.206052 0.740972
0.207550 -0.137546 0.764183
-0.232644 1.131442 -0.074140
-0.073944 -0.206157 0.517488
-0.716947 0.987248 -0.125864
-0.396233 -0.205520 0.563903
-0.233585 -0.123711 0.551202
0.246804 0.555747 -0.094780
0.476842 -0.106896 0.754826
0.446024 0.412063 0.452461
-0.326076 -0.141555 0.561516
1.079315 0.126862 -0.196115
-0.469832 -0.169541 0.570323
-0.026826 -0.079640 0.564065
0.331431 -0.100813 0.769111
0.493640 0.607478 0.071848
1.115961 0.112133 0.100458
0.054258 0.495350 -0.163249
-0.434737 -0.073791 0.571812
0.247165 -0.013785 0.724633
0.398535 -0.037113 0.744354
-0.971310 0.320659 0.427018
-0.593477 -0.045373 0.546021
-0.718813 1.156277 -0.802137
0.353719 0.289926 0.510164
-0.300341 -0.011736 0.539892
-0.117514 -0.084734 0.522084
0.514208 -0.020163 0.721125
-0.121359 1.231778 -0.165671
-0.378332 0.083545 0.543833
-0.172274 0.081638 0.476284
0.498865 0.510949 0.355792
0.311244 0.042951 0.642467
0.427031 0.044034 0.689131
0.584408 0.043416 0.664686
-0.008070 0.037140 0.540405
-0.873682 0.945769 0.202385
-0.768465 0.267140 0.575951
0.716782 0.552472 0.110699
0.406600 0.595707 -0.027412
-0.019477 0.111386 0.506790
0.802331 0.505449 0.144598
-0.630808 0.071588 0.510812
-0.530659 0.176770 0.491649
-0.499819 0.062365 0.544751
0.123863 0.133147 0.515035
0.534231 0.115959 0.616097
1.083254 0.205655 0.046554
-0.688448 0.475509 0.697554
-0.276159 0.145635 0.512299
0.630225 0.099377 0.615411
-0.155451 0.517258 -0.172927
-0.430870 0.150758 0.477206
0.657220 0.159912 0.562707
0.496918 0.183591 0.560905
-0.753958 0.680057 0.644814
0.711890 0.525246 0.255184
-0.580298 0.216512 0.471762
-0.211696 0.194791 0.458869
-0.014919 0.246634 0.474590
0.241499 0.198861 0.494892
0.376960 0.599079 0.097222
-0.737307 1.013089 -0.247079
-0.253904 1.183379 -0.133737
-0.347736 0.194477 0.480515
0.615559 0.273089 0.503576
1.025405 0.227219 0.267207
-0.770205 0.444153 0.695033
-0.393382 0.272015 0.449547
-0.256909 0.298548 0.417938
-0.133962 0.290788 0.426185
-0.379340 -0.906894 0.568208
0.408523 -0.803948 0.603158
-0.140256 -0.019935 -0.525092
-0.264785 -0.866062 0.567348
0.944580 0.362180 0.235471
0.262465 -0.813433 0.643933
-0.347211 -0.822063 0.571845
0.089641 -0.792741 0.676069
0.175879 -0.771901 0.635953
0.588599 -0.782835 0.586580
0.462001 0.237666 0.507145
0.631087 -0.693221 0.617962
0.746710 -0.773698 0.514023
0.862456 -0.726859 0.460284
-0.323028 -0.753183 0.533648
0.068207 0.982944 -0.197997
-0.147686 1.027184 -0.081847
0.732914 -0.694556 0.542205
1.118296 -0.719317 0.319172
1.220785 -0.727921 0.247415
-0.535394 0.356187 0.530827
1.064575 -0.632824 0.336747
-0.195034 1.212071 -0.295243
1.204024 -0.592349 0.336788
0.754188 -0.622931 0.583675
1.246109 -0.660520 0.288870
-0.560402 0.275877 0.503507
0.053833 1.301326 -0.299020
0.690376 -0.629202 0.618394
0.832138 -0.621916 0.528151
0.928672 -0.617692 0.456096
0.900543 -0.534640 0.507515
0.959303 -0.542162 0.395645
0.753161 -0.531583 0.612549
1.232323 -0.466220 0.308441
1.318450 -0.571281 0.256815
1.287830 -0.515238 0.296515
0.511060 0.330054 0.494178
0.963684 0.120829 0.435477
0.665143 -0.426653 0.690603
0.865433 -0.451912 0.556017
1.341160 -0.451490 0.216737
0.112443 1.064392 -0.260210
0.781012 -0.367457 0.631273
0.991858 -0.417805 0.452638
-0.406200 0.451905 0.396072
0.792434 0.141400 0.537380
0.721658 0.039310 0.619667
0.459517 0.201709 -0.498968
0.232387 1.288056 -0.437384
0.765354 0.238407 0.489845
1.144918 -0.374629 0.267579
-0.264129 0.822170 -0.030077
-0.468237 0.803124 0.408593
0.296826 0.163445 0.569766
0.236813 1.170566 -0.386725
0.676694 -0.279592 0.701422
0.899935 -0.364970 0.546604
1.100585 -0.346621 0.323446
-0.405195 0.393673 0.421420
0.611917 0.407702 0.432712
1.005008 0.240331 -0.219591
0.183696 1.226215 -0.382692
0.754037 0.430185 0.365330
0.818833 0.321532 0.421049
-0.296034 0.517859 0.298496
1.095505 0.095167 0.229207
0.573638 -0.375969 0.736247
0.965948 -0.272037 0.504521
-0.489142 0.675145 0.468809
0.791467 -0.208290 0.641246
0.869610 -0.276384 0.584214
-0.054855 0.983214 -0.141796
0.267468 1.351539 -0.529315
-0.459685 0.409773 0.506758
-0.462652 0.344074 0.473671
-0.002974 1.167334 -0.227861
-0.549775 0.752611 0.503938
-0.490659 0.277710 0.442201
0.707032 -0.121304 0.679490
1.058144 -0.253164 0.400099
-0.401299 0.341410 0.423024
0.882007 0.216971 0.446133
-0.596679 0.318297 0.602147
0.967513 -0.026644 0.488251
-0.302593 0.928013 0.004726
-0.425148 0.720902 0.382496
-0.480534 0.525849 0.513207
0.107367 0.973000 -0.246869
0.123757 1.266572 -0.357369
-0.541000 0.409166 0.596748
-0.509939 0.949637 -0.669962
0.907987 -0.161168 0.561277
1.068560 -0.102093 0.383097
0.613557 -0.057370 0.704253
1.115071 -0.046947 0.284524
1.139985 -0.100044 -0.173320
0.105380 1.155316 -0.312011
-0.952847 0.139971 0.092488
-0.110312 1.169255 -0.160801
0.729031 0.337355 0.445733
-0.214902 0.905327 -0.028164
-0.425868 0.622672 0.413286
-0.317486 0.862225 0.050319
1.043807 0.078943 0.353067
-0.602968 0.523253 0.635540
0.831675 -0.063235 0.601443
1.004576 -0.156383 0.474671
-0.792811 0.548571 -0.242520
-0.003707 1.070722 -0.196848
-0.646078 0.688113 0.600404
-0.338790 0.380982 0.351257
0.173491 1.370964 -0.416804
-0.273879 1.028709 -0.013970
-0.615532 0.810997 0.522228
-0.398328 0.805436 0.313824
-0.378695 0.548053 0.392242
-0.611273 0.401819 0.662073
0.872663 0.069527 0.531897
-0.559906 0.627294 0.558378
0.748822 -0.893042 0.451572
0.844039 -0.820802 0.438028
0.796719 -0.816740 0.483710
1.181307 -0.804456 -0.021733
-0.503548 1.156268 -1.031708
1.273759 -0.748017 0.032880
1.129983 -0.802786 -0.117470
0.789074 -0.866940 -0.299915
-0.353465 0.772715 0.216125
-0.671048 1.148415 -0.914603
0.790687 -0.835625 -0.375561
0.741885 -0.840384 -0.443449
-0.504274 1.055679 -0.879471
1.076156 -0.047813 -0.305785
0.207527 -0.862361 0.670235
0.777847 -0.763464 -0.471381
-0.891952 0.092177 -0.169199
1.333894 -0.686469 0.060701
1.297152 -0.684040 -0.067081
1.085123 0.033829 -0.249471
1.377433 -0.596722 0.038315
-0.500411 0.954812 -0.534960
0.859019 -0.720576 -0.399168
0.844291 -0.632997 -0.481445
1.148782 0.024197 0.026649
-0.351076 0.801596 0.095024
-0.338229 0.651677 -0.100393
1.326848 -0.651809 0.176472
-0.511807 1.172969 -0.912258
1.296748 -0.593352 -0.158922
0.950085 -0.610027 -0.355053
-0.530730 0.991244 -0.366714
1.367202 -0.520843 -0.074040
-0.501386 1.051214 -0.717938
-0.946769 0.326574 0.211639
-0.139364 0.477749 -0.271029
1.384076 -0.534255 0.141264
1.403724 -0.495164 0.033250
0.929329 -0.552944 -0.425826
0.882386 -0.510453 -0.487888
1.396308 -0.438113 0.102426
1.338917 -0.413847 -0.091123
-0.932798 0.168536 -0.035948
1.330583 -0.379688 0.104073
1.383046 -0.410621 0.001664
0.986366 -0.474151 -0.369294
-0.304532 0.679512 0.135557
0.949025 -0.390663 -0.438546
-0.509659 0.921085 -0.372941
-0.112851 0.902101 -0.097848
1.056440 -0.347882 -0.315411
-0.969773 0.035898 0.095703
-1.008365 0.369304 0.295379
-0.520149 0.859553 -0.431674
-0.516670 1.038807 -0.538854
-0.916250 0.255110 -0.086765
1.010701 -0.288637 -0.389230
1.070981 -0.466756 -0.255996
1.136988 0.023528 -0.107345
-0.975370 0.378574 0.161133
1.090085 0.167602 -0.063826
1.129725 -0.258512 -0.207610
1.076937 -0.240184 -0.311456
1.014324 -0.192409 -0.398144
0.206527 1.055369 -0.339750
-0.886973 0.164733 0.194141
-0.285320 0.635357 0.021587
-0.958096 0.769189 0.016862
1.169191 -0.098616 -0.006179
-0.881548 0.445453 -0.183004
-0.042026 0.905296 -0.160842
1.133680 -0.200800 0.261289
1.089930 -0.147331 -0.297869
0.298935 1.245826 -0.491065
1.151078 -0.060022 0.151938
-0.617858 1.341687 -0.993323
-0.568398 1.271932 -0.913653
-0.646284 1.314413 -0.879671
0.303855 1.241832 -0.550493
-0.884569 0.933849 0.063564
-0.764567 0.975980 0.129193
-0.967457 0.462178 -0.081457
-0.537807 0.975714 0.080913
-0.980877 0.390734 -0.003618
-0.627926 0.982244 0.199554
-0.599388 0.989974 -0.170926
0.828368 0.460758 0.256654
-0.115811 -0.742074 -0.525862
-0.556399 0.957626 0.325034
0.625982 0.573485 0.197210
-0.601118 1.236273 -0.768120
-0.943253 0.082584 0.195139
0.874072 0.361281 0.346551
-0.532976 1.157372 -0.754552
0.157813 0.482669 0.310533
0.327461 0.475234 0.387774
0.155412 0.547095 0.127699
0.062094 0.529223 -0.006602
-0.223739 0.452764 0.269024
-0.756762 0.202739 -0.280468
-0.112651 0.536003 -0.014940
-0.684350 1.252294 -0.713897
-0.169521 0.379793 0.298410
0.855780 0.436127 -0.146466
-0.928007 0.016803 -0.112553
-1.004319 0.624555 0.135686
-0.879876 -0.030744 -0.219242
-0.612745 1.189456 -0.625301
-0.528564 0.920754 -0.233959
0.983574 0.316672 -0.128900
-0.090251 0.404848 0.330028
-0.010247 0.461349 0.265188
-0.351784 0.658852 0.295752
-0.454313 0.901992 0.325960
-0.680469 1.076428 -0.322366
1.032173 0.285309 0.007471
-0.630816 0.930990 0.406262
-0.650964 0.980299 0.020038
-0.543182 0.878634 0.430247
1.236304 -0.329228 -0.013782
-0.822081 0.930767 0.328308
-0.170642 0.456210 0.227370
0.073081 1.395081 -0.347910
-0.482393 0.950352 -0.031921
-0.830837 0.073450 -0.261420
-0.691677 0.960500 0.329191
-0.559132 1.146225 -0.632265
1.187182 -0.294444 0.055415
-0.481585 0.957389 0.213845
0.394638 0.102537 0.604380
-0.775889 0.965318 0.001539
0.937363 0.396814 -0.012227
0.849226 0.465694 -0.041281
-0.959549 0.043320 -0.002789
-0.242213 0.569047 0.146939
1.279982 -0.344282 0.092164
-1.023583 0.396300 0.079607
-0.051370 0.508010 0.135138
-0.299733 0.595098 0.209536
0.633984 0.553347 -0.155543
-0.571812 1.090807 -0.469287
0.071484 0.510657 0.180202
1.178268 -0.219314 0.072294
0.291919 0.574582 0.171134
-0.226881 0.583698 -0.009395
1.045367 0.247883 0.148198
-0.394420 0.876960 0.217105
1.258887 -0.380464 0.195629
1.203495 -0.361360 0.223290
0.594705 0.550281 0.286456
-0.843124 0.929844 -0.025809
-0.371040 1.049836 -0.020686
-0.160208 0.519638 0.139973
0.731509 0.536158 -0.050013
-0.716634 1.174405 -0.533628
-0.113431 0.468023 0.236922
-0.648382 0.879040 0.478574
1.212892 -0.326866 0.145746
1.163569 -0.289036 0.188671
0.196822 0.537758 0.224018
0.975860 0.358310 0.105888
0.894076 0.439424 0.136501
-0.866177 0.185791 -0.173047
-0.761240 0.971766 0.243655
-0.611617 1.069960 -0.346593
-0.647673 1.154932 -0.505323
-0.751399 1.093906 -0.415424
0.331480 0.542291 0.285951
0.866204 0.467255 0.047846
0.799532 0.511522 0.032816
0.575382 0.593718 -0.029346
-0.564358 -0.849645 0.503545
-0.594235 -0.865092 0.072498
-0.585314 -0.861617 0.315715
-0.514778 -0.785964 0.529501
-0.471272 -0.844940 0.576506
-0.844503 0.296729 -0.192314
-0.646783 -0.844953 -0.009200
-0.588403 -0.837070 0.400471
-0.427499 -0.769997 0.547931
-0.200025 -0.767799 0.532716
-0.049610 -0.818340 0.646664
-0.709511 -0.004281 0.494083
-0.543968 -0.774627 0.440911
-0.734945 0.798002 0.548373
-0.871206 0.484093 0.648667
-0.616887 -0.785326 -0.028852
-0.106392 -0.775965 0.578177
-0.009524 -0.738216 0.610877
0.103108 0.003328 0.664582
-0.543352 -0.782667 0.060854
-0.921035 0.790604 0.440515
-1.014869 0.413375 0.421806
-0.560637 0.981827 -0.961481
-0.364801 -0.675672 0.127289
-0.066752 -0.702341 0.531246
-0.435255 -0.683782 0.030531
-0.372751 -0.666760 0.431994
0.219003 0.049340 0.622284
-0.001650 -0.645104 0.507893
-0.571817 -0.168750 0.543490
-0.290272 -0.598525 0.435887
0.096457 0.048815 0.575126
-0.680700 0.791669 -0.465164
-0.394215 -0.621211 0.086004
0.121377 -0.596489 0.595031
-0.412324 -0.578448 0.177566
-0.973879 0.769625 0.329080
0.030700 -0.595206 0.511598
-0.739815 0.903341 0.432929
-0.860112 0.692013 0.589544
-0.393665 -0.522159 0.338489
-0.926907 0.579605 0.575776
-0.326938 -0.532127 0.417558
0.047466 -0.023925 0.598876
-0.811801 0.001471 0.412495
0.174076 -0.458195 0.682828
0.077624 -0.468306 0.556268
-0.663428 0.160402 0.471051
0.022486 -0.156784 0.592598
-0.834622 -0.094852 0.390888
0.095514 -0.402245 0.643104
-0.970585 0.422023 0.541067
0.058152 -0.339434 0.602049
-0.015000 -0.294782 0.540858
-0.978903 0.615759 0.456105
-0.266672 0.002640 -0.506695
0.059159 -0.231931 0.601109
-0.846730 0.845318 0.448561
0.110361 -0.069661 0.721971
-0.874964 -0.153459 0.302261
-0.941068 0.696952 0.500554
-0.845535 0.102815 0.290563
-0.721408 -0.115899 0.482872
-0.608332 0.062301 -0.425261
-0.898929 -0.007953 0.302181
0.026396 -0.071388 0.652630
0.096023 -0.308177 0.685031
-0.931720 0.311643 0.557625
-0.753711 0.105651 0.408077
-0.196151 -0.138835 -0.496095
0.075721 -0.170525 0.703993
-0.267909 -0.846148 -0.468352
-1.023586 0.495679 0.310309
-0.226840 -0.868963 -0.543778
-0.770977 1.199417 -0.660585
-0.540693 -0.842077 0.195538
-0.723824 1.311663 -0.906506
-0.666051 -0.823424 -0.094136
-1.003120 0.521202 0.427727
-0.770080 1.217897 -0.829848
-1.002937 0.588132 0.310899
-0.540798 -0.785456 0.317664
-0.606418 -0.771628 -0.118335
-0.445302 -0.739310 0.141372
-0.200203 -0.793247 -0.506593
-0.479234 -0.760672 0.228813
-0.042933 0.043951 -0.549528
-0.924378 0.877516 0.309649
-0.415327 -0.684731 0.233353
-0.478395 -0.733839 0.284525
-0.463203 -0.704983 0.362736
-0.222079 -0.797332 -0.407155
-0.535647 -0.724913 -0.043789
-0.464763 -0.726765 0.477184
-0.159360 -0.718848 -0.435335
-0.438719 -0.706194 -0.228002
-0.524918 -0.716679 -0.143665
-0.457474 -0.655704 -0.109583
-0.061401 -0.672716 -0.479891
-0.690000 0.744555 -0.295143
-0.380688 -0.603948 0.347166
-0.036389 1.341447 -0.360041
-0.024945 1.274230 -0.424248
-0.420514 -0.607658 -0.220540
-0.629759 1.293737 -1.070232
-0.016969 -0.590733 -0.505581
-0.073370 -0.614594 -0.391662
-0.432224 -0.617835 -0.023769
-0.974551 0.594501 -0.032700
-0.699190 0.944539 -0.719053
0.728332 0.389430 -0.336664
-0.417685 -0.571482 -0.119912
-0.954098 0.698991 -0.021989
-0.370648 -0.609769 0.208560
-0.989235 0.665092 0.253657
-0.868627 0.618137 -0.180820
-0.764216 0.989468 -0.303567
-0.768123 0.902291 -0.338790
-0.762403 0.806090 -0.200231
-0.302293 1.160607 -0.188890
-0.033291 -0.515649 -0.421642
-0.696916 -0.073616 -0.401558
-0.769536 0.994472 -0.487816
-0.990261 0.620332 0.363374
-0.678301 -0.455942 -0.123827
-0.788900 0.703618 -0.161763
-0.407890 1.060051 -0.111355
-0.750474 -0.425975 -0.014154
-0.927970 0.557824 -0.131996
-0.030104 -0.486631 -0.545112
-0.785448 1.047308 -0.461900
-0.679127 1.091312 -0.772208
-0.765796 0.926505 -0.191238
0.126354 1.400670 -0.482263
-0.698854 -0.390550 -0.221831
-0.773014 -0.364453 -0.137700
-0.744617 0.933790 -0.524215
-0.836218 -0.329081 -0.015793
-0.865495 -0.289069 0.113334
-0.960052 0.852310 0.055330
-0.992927 0.760772 0.167286
-0.025199 -0.359979 -0.630536
0.596680 0.350289 -0.408757
-0.767851 -0.286043 -0.262037
-0.700797 1.229084 -0.966035
-0.966598 0.875290 0.172065
-0.875845 0.846821 -0.069039
-0.347166 0.238374 -0.446686
-0.068563 -0.408994 -0.508748
-0.853541 -0.253982 -0.142992
-0.631130 1.002934 -0.955100
-1.017140 0.492424 0.039563
-0.911201 -0.201731 -0.012192
-0.922930 -0.178802 0.127619
-0.798313 0.916197 -0.099309
-0.097303 -0.271491 -0.536716
-0.845437 -0.163163 -0.248616
-0.722923 0.856915 -0.527401
-0.639446 0.787643 -0.498282
-0.090457 -0.157869 -0.582472
-0.758486 -0.180201 -0.347400
-0.724174 1.048570 -0.626734
0.243903 0.427342 -0.347474
-0.907655 -0.126361 -0.139277
-0.946072 -0.074293 -0.050948
-0.958332 -0.075802 0.050664
-0.706155 0.818419 -0.326714
-0.666594 0.899522 -0.787487
-0.655104 1.056473 -0.861847
-0.924001 0.661434 -0.105449
-0.048093 -0.110890 -0.634225
-0.945409 -0.058711 0.182992
-0.916086 -0.159997 0.213704
-0.347464 1.075770 -0.215014
-0.979127 0.694725 0.308478
-0.758325 1.112535 -0.649033
-0.617579 1.157248 -1.036254
-0.807392 -0.060587 -0.317443
-0.885014 0.736809 -0.096088
-0.963973 0.294562 0.063785
-0.939147 0.340267 -0.091298
-1.035732 0.460988 0.174827
0.027351 -0.016239 -0.630390
1.125431 -0.210426 -0.066444
-0.013413 0.471803 -0.242662
0.784186 0.293732 -0.373755
-0.211321 1.120421 -0.319224
-0.545345 -0.774847 -0.215403
-0.566756 0.970501 -0.040617
0.622080 0.052938 -0.561438
0.188699 1.331612 -0.557966
0.161809 0.316575 -0.437184
-0.529580 0.925932 -0.126404
-0.448982 0.939947 -0.165009
-0.144727 0.329118 -0.412089
0.875232 0.354493 -0.259764
0.755336 0.210908 -0.420801
-0.493131 0.830389 -0.177737
0.309625 0.141302 -0.498384
0.336425 0.349266 -0.424596
0.751162 0.123493 -0.481283
-0.421285 0.445727 -0.287511
0.464228 0.050372 -0.614441
-0.510853 0.827676 -0.266022
-0.401474 0.360603 -0.373097
0.989326 0.044007 -0.368842
-0.120877 -0.820432 -0.587021
0.083976 0.072653 -0.564193
0.164227 0.032500 -0.600655
-0.428734 0.727133 -0.175334
0.305512 0.030204 -0.610803
0.681521 0.317674 -0.389299
0.860235 -0.004858 -0.481131
1.276073 -0.489343 -0.145329
1.320289 -0.348100 -0.009414
0.460158 0.296961 -0.446520
1.211035 -0.471855 -0.172209
-0.680606 0.364035 0.673300
0.500586 0.425881 -0.365048
0.868096 0.170438 -0.399807
-0.022286 -0.801734 -0.612682
0.380086 0.006854 -0.676301
0.243868 0.085114 -0.553927
0.352112 0.228347 -0.472683
0.010705 0.285539 -0.445937
0.774269 0.443681 -0.252173
0.221409 0.216949 -0.472067
0.153394 -0.012159 -0.672533
0.621100 -0.064857 -0.627567
0.258487 -0.017451 -0.706711
1.003955 -0.076619 -0.398437
-0.305892 0.577689 -0.122658
0.406839 0.560230 -0.171797
0.444994 0.114096 -0.547344
0.731796 -0.057096 -0.569652
0.522332 0.584663 -0.122184
0.734440 0.500844 -0.187372
-0.283177 0.371765 -0.359709
0.065869 0.207801 -0.491092
0.502170 -0.023019 -0.657802
0.535711 0.257352 -0.458238
-0.076139 0.428183 -0.328412
0.631588 0.217673 -0.467077
0.913791 0.260905 -0.315713
0.883354 -0.770334 -0.299560
-0.394675 0.627804 -0.196330
1.166781 -0.324255 -0.101593
0.147617 0.513613 -0.159130
0.059743 0.392544 -0.362803
1.196912 -0.399464 -0.133468
-0.315214 0.543247 -0.212798
-0.279232 0.470008 -0.291376
0.273653 0.512081 -0.230844
0.137465 0.469535 -0.261741
0.532157 0.530582 -0.239420
1.262381 -0.400306 -0.109375
-0.537671 1.273382 -1.036600
-0.188770 0.434287 -0.336315
0.999085 0.154442 -0.302436
0.398227 0.482485 -0.304130
0.645747 0.471468 -0.287470
0.355477 -0.929937 -0.530293
0.517998 -0.907400 -0.508334
0.001352 -0.867901 -0.613102
0.617876 -0.838291 -0.511349
-0.396046 0.063169 -0.492460
-0.441972 -0.857176 -0.319566
-0.628964 -0.848620 -0.196894
0.198843 -0.866341 -0.576984
-0.539738 0.445447 -0.311533
0.947244 -0.811477 -0.226917
0.413062 -0.864305 -0.544303
0.431565 -0.804286 -0.567118
0.085714 -0.777989 -0.602528
0.266997 -0.800583 -0.590269
-0.463577 -0.791449 -0.280816
-0.538146 -0.841402 -0.274424
0.497105 -0.714714 -0.589526
1.062375 -0.795003 -0.187707
0.978380 -0.713237 -0.247772
-0.192763 1.020283 -0.321862
-0.362093 -0.762939 -0.308950
-0.485155 0.101882 -0.464537
0.325268 -0.732650 -0.598569
-0.031322 -0.741271 -0.573145
1.077038 -0.709386 -0.226704
0.178969 -0.700154 -0.627722
-0.326289 -0.638957 -0.293914
-0.521408 0.330975 -0.356200
0.607819 -0.636220 -0.615037
0.043123 -0.658004 -0.586227
-0.124771 -0.661067 -0.377721
-0.229001 -0.701870 -0.344388
-0.633170 0.430071 -0.285084
-0.082854 0.995141 -0.344213
1.198009 -0.700684 -0.179813
1.062775 -0.604050 -0.217640
0.694711 -0.702622 -0.556441
0.485994 -0.611604 -0.648354
-0.793350 0.405699 -0.245353
0.985689 -0.638545 -0.279766
0.738311 -0.576858 -0.568922
-0.142331 -0.625608 -0.340840
0.310898 -0.608315 -0.669904
0.129118 -0.569408 -0.677198
1.186169 -0.578432 -0.198850
1.144074 -0.477889 -0.200392
-0.734211 0.055277 -0.352826
0.614849 -0.515915 -0.636146
0.025579 -0.518044 -0.625978
-0.119840 -0.553030 -0.360357
-0.102860 -0.393924 -0.411752
-0.277738 -0.521799 -0.339601
0.147392 0.123799 -0.500928
0.443135 -0.522615 -0.675944
-0.502685 0.702385 -0.237643
-0.203412 -0.592392 -0.330603
-0.352250 -0.542257 -0.270220
-0.406080 -0.508556 -0.225321
-0.591910 0.572486 -0.282795
-0.183662 -0.470264 -0.371834
-0.355026 -0.437218 -0.356951
0.345287 -0.449432 -0.717054
0.208534 -0.475030 -0.727084
-0.503366 0.214479 -0.418370
-0.223592 0.228051 -0.459032
0.057669 -0.879741 0.683751
-0.600318 -0.447813 -0.233396
-0.729332 0.345307 -0.274711
0.725931 -0.362613 -0.604267
0.409533 -0.337620 -0.723232
0.091087 -0.396320 -0.725015
-0.436832 -0.415378 -0.295752
-0.630801 0.190273 -0.367700
-0.319582 0.765784 -0.146114
0.801323 -0.445530 -0.556049
0.535235 -0.399363 -0.677242
-0.205024 -0.300376 -0.440084
-0.508611 -0.409890 -0.280689
-0.460618 0.559537 -0.265553
-0.334580 0.999352 -0.246440
-0.301466 -0.313472 -0.430811
-0.495339 -0.344367 -0.395873
-0.594974 -0.345320 -0.361420
-0.712834 -0.422126 0.222867
-0.706754 0.653586 -0.254382
0.667544 -0.287470 -0.637341
0.132023 -0.255686 -0.768332
-0.252695 -0.396570 -0.375213
0.146570 1.134317 -0.478375
0.898191 -0.288375 -0.497320
0.797921 -0.189966 -0.562588
0.248285 -0.333621 -0.754970
0.028859 -0.242472 -0.729401
-0.670911 -0.355295 -0.299872
-0.610221 0.925196 -0.901837
0.540915 -0.266453 -0.688173
-0.399916 -0.314408 -0.422334
-0.554644 -0.276966 -0.421170
-0.686165 -0.268665 -0.343801
0.076756 1.248914 -0.492814
0.015389 0.123368 -0.523128
-0.145149 -0.247049 -0.475907
0.259114 1.276013 -0.577659
-0.274516 0.144127 -0.477836
0.386479 -0.226699 -0.735706
-0.051736 -0.208580 -0.649127
-0.129409 -0.145796 -0.526683
-0.631491 -0.204851 -0.419579
-0.872835 0.273911 0.231555
0.109411 1.337854 -0.513758
-0.407020 0.820174 -0.179827
0.022529 1.115717 -0.427370
-0.072483 1.156711 -0.404245
0.927269 -0.144420 -0.475307
0.662831 -0.171897 -0.633477
-0.321850 -0.178384 -0.479714
-0.114644 0.156958 -0.492520
0.345813 -0.094041 -0.727535
0.240945 -0.199018 -0.764610
-0.633063 0.318704 -0.318539
-0.485476 -0.204876 -0.462967
0.747980 0.032862 -0.528238
0.172147 1.219058 -0.530755
0.519450 -0.139847 -0.687580
0.009397 -0.121757 -0.700677
-0.410669 -0.070536 -0.498245
-0.706259 0.487816 -0.278494
-0.336546 0.904877 -0.227981
0.138786 -0.115978 -0.747087
0.065749 -0.055421 -0.705159
-0.077523 -0.066398 -0.571495
-0.141092 -0.932346 -0.553522
0.097110 -0.939018 -0.564275
0.703034 -0.896972 -0.421480
0.278232 -0.909814 -0.480883
0.542586 -0.918720 -0.444732
-0.007005 -0.931860 -0.478153
0.206469 -0.902040 -0.455459
0.686121 -0.920060 -0.320053
0.453625 -0.912032 -0.381159
-0.276567 -0.913549 -0.477304
-0.111748 -0.911514 -0.416343
0.047691 -0.899275 -0.435562
0.251359 -0.891125 -0.405313
0.583445 -0.911626 -0.240940
-0.141152 -0.914202 -0.330327
-0.054172 -0.843940 -0.404562
0.134225 -0.867043 -0.380481
0.364658 -0.865624 -0.355558
0.496454 -0.884574 -0.290612
-0.318833 -0.847548 -0.378638
0.240124 -0.843550 -0.288971
0.617755 -0.937798 -0.132316
-0.408914 -0.929476 -0.321884
0.007488 -0.846604 -0.287309
0.414982 -0.858167 -0.272834
0.527173 -0.928234 -0.096116
0.818646 -0.891822 -0.216205
0.491601 -0.887086 -0.167444
0.957765 -0.874220 -0.145517
0.450354 -0.873499 -0.199311
0.664676 -0.935293 -0.084205
-0.244629 -0.930707 -0.364075
-0.191978 -0.931516 -0.266627
0.146999 -0.858484 -0.168130
0.861978 -0.926074 -0.071797
-0.815122 0.194271 0.266587
0.716582 -0.937472 -0.139990
1.023056 -0.881305 -0.044492
-0.533929 -0.918376 -0.267166
0.030910 -0.879938 -0.118342
0.704510 -0.935793 -0.018622
-0.783635 0.218679 0.385374
-0.395369 -0.955827 -0.150455
0.789773 -0.937733 0.032741
0.445837 -0.895965 -0.029116
0.804390 -0.923517 0.216565
1.084530 -0.864877 0.044050
-0.165436 -0.935156 -0.036538
-0.227951 -0.939991 -0.197298
0.328746 -0.868128 -0.124624
0.937021 -0.913905 0.074397
-0.602889 -0.941366 -0.148730
-0.288370 -0.945868 -0.005632
0.406780 -0.880017 -0.053946
0.425185 -0.882594 0.075128
0.509691 -0.926224 0.075483
1.177726 -0.811101 0.094234
-0.192267 -0.940264 0.054457
0.694808 -0.936131 0.100347
1.058398 -0.867141 0.131756
-0.390246 -0.953879 0.075657
0.604184 -0.934832 0.105843
0.960330 -0.882564 0.189936
1.257729 -0.744179 0.144944
-0.684235 -0.888402 -0.108777
-0.642693 -0.923233 -0.013540
-0.060245 -0.924549 0.102810
0.495547 -0.890835 0.187242
0.615681 -0.928206 0.221100
0.492848 -0.891302 0.259044
0.943590 -0.854313 0.270620
1.101867 -0.811739 0.225672
-0.007715 -0.902947 0.031037
0.185006 -0.873175 0.066469
0.385479 -0.876264 0.113674
-0.116733 -0.938076 0.102450
-0.025300 -0.915077 0.181048
0.681877 -0.906543 0.352285
0.866596 -0.868690 0.308309
0.971265 -0.766949 0.333167
1.030007 -0.798877 0.304427
-0.588980 -0.920466 0.110295
-0.536772 -0.956777 0.008482
0.871444 -0.813342 0.380681
0.556934 -0.905265 0.271478
0.795174 -0.906740 0.345679
-0.501808 -0.525452 -0.165189
-0.104062 -0.933973 0.232572
0.374256 -0.834434 0.280050
0.545785 -0.903190 0.348982
-0.678632 0.836895 -0.665995
-0.445796 -0.480392 0.241766
-0.500606 -0.944097 0.234267
0.045341 -0.891406 0.212333
0.414901 -0.874413 0.388822
-0.571936 -0.910600 0.281006
-0.040672 -0.913726 0.294577
0.532051 -0.922661 0.487023
-0.781103 0.351800 0.651627
-0.763458 0.223598 0.490112
-0.586933 -0.507841 -0.101297
-0.456802 -0.586771 0.015728
-0.277606 -0.944459 0.286153
0.169981 -0.864273 0.277991
0.331544 -0.886231 0.519967
0.625760 -0.899424 0.528252
-0.864052 0.260626 0.528962
-0.662519 0.216001 0.470985
-0.646821 -0.412517 0.332365
-0.507000 -0.352420 0.472042
0.035314 -0.892494 0.358196
0.218643 -0.858139 0.404162
0.670799 -0.839270 0.519278
-0.686563 0.291417 0.618029
-0.522797 -0.489972 0.009749
0.041420 -0.900975 0.462485
-0.866746 -0.245421 0.228114
-0.660197 0.249432 0.543151
-0.652624 -0.502709 0.000006
-0.017285 -0.925568 0.531088
-0.875389 0.337795 0.601455
-0.762702 -0.305644 0.338381
0.247198 -0.924969 0.607483
-0.584821 -0.279023 0.500727
-0.421191 -0.420865 0.437530
-0.515825 -0.446894 0.367699
-0.482255 -0.505336 0.134172
-0.563762 -0.920593 0.401437
-0.101984 -0.925246 0.418389
0.130011 -0.902073 0.535996
-0.687125 -0.245996 0.464047
-0.577395 -0.487843 0.251474
-0.247136 -0.931493 0.509609
-0.158218 -0.857808 0.587222
0.446872 -0.854824 0.567384
-0.790121 -0.193703 0.407465
-0.620034 -0.509266 0.128056
-0.879120 0.246946 0.441817
-0.923949 0.276460 0.331782
-0.104629 -0.930152 0.566038
0.031051 -0.930522 0.614423
-0.792610 -0.384324 0.109551
-0.941309 0.292930 0.501200
-0.715399 -0.458951 0.094816
-0.625784 -0.351446 0.422995
-0.807764 -0.337393 0.216600
-0.502493 -0.919706 0.532716
-0.417949 -0.943278 0.442524
-0.062430 -0.895657 0.646365
-0.567349 0.786584 -0.399513
-0.211959 0.921626 -0.277141
0.124239 0.987883 -0.312465
-0.599302 0.808005 -0.545809
-0.537315 1.095314 -1.062806
-0.516884 1.047824 -0.988534
0.232879 1.076455 -0.420116
-0.192452 0.821079 -0.127444
-0.541248 0.772096 -0.295098
-0.113598 0.924500 -0.289686
0.081457 1.033812 -0.384292
-0.306352 0.721236 -0.023158
-0.630050 0.759832 -0.386163
-0.602780 0.706150 -0.284406
-0.534321 1.217869 -1.102466
-0.006335 0.910797 -0.216090
-0.167843 0.850137 -0.098179
-0.639499 0.823277 -0.644462
0.291026 1.151446 -0.473650
-0.099341 0.887577 -0.237572
-0.589056 0.882158 -0.786535
-0.533605 0.955744 -0.837032
-0.266843 0.847399 -0.220518
0.242074 1.162923 -0.513287
-0.546681 0.864039 -0.609794
-0.637996 0.870585 -0.798422
-0.108065 -0.909884 -0.176675
0.434500 -0.882699 0.444608
0.137948 -0.889944 0.472566
0.262108 -0.882205 0.469915
-0.178618 -0.937079 0.159065
-0.266247 -0.944085 0.107024
0.613106 -0.934157 -0.009188
0.346587 -0.873374 0.427779
