0.714199 0.461475 0.526270
0.070261 -0.384930 0.920268
0.088718 0.969523 -0.228372
-0.156628 0.437133 0.885654
-0.086264 0.706699 0.702235
-0.238093 0.427482 0.872107
0.131768 0.046433 0.990192
-0.098116 0.404507 0.909256
-0.114477 0.720334 0.684116
-0.363033 0.712025 0.601022
-0.546672 0.470511 0.692654
0.407014 0.861788 -0.302755
-0.211647 -0.204190 0.955778
0.058200 -0.474284 0.878446
0.213695 -0.442589 0.870890
0.101809 -0.004961 0.994792
0.506279 -0.307595 0.805646
-0.206123 0.330994 0.920846
-0.099028 -0.421636 0.901341
0.336660 -0.291438 0.895390
-0.111058 -0.089696 0.989758
-0.303201 0.229464 0.924887
0.394788 0.727935 0.560582
0.431643 0.079022 0.898576
0.265485 0.094066 0.959515
-0.217387 0.698739 0.681547
-0.441884 -0.226354 0.868045
-0.187249 -0.276392 0.942627
0.149403 -0.369396 0.917183
-0.120219 0.554489 0.823462
0.197745 -0.146929 0.969179
-0.027410 -0.305048 0.951942
0.126886 -0.210397 0.969347
0.264889 0.589943 0.762759
-0.139538 -0.185593 0.972669
-0.881539 -0.342602 -0.324826
-0.206570 0.978219 -0.020396
-0.469887 -0.075755 0.879470
0.171200 0.406671 0.897390
0.008660 0.961941 0.273120
-0.315347 0.018012 -0.948806
-0.476449 -0.471500 0.742081
-0.039581 -0.189584 0.981066
-0.019650 -0.033877 0.999233
-0.973704 -0.074057 0.215442
-0.267422 -0.235824 0.934276
0.258814 0.528549 0.808487
-0.044451 -0.136475 0.989646
-0.187922 -0.295715 0.936610
0.660446 0.681332 0.315591
-0.182934 -0.465921 0.865709
0.242865 0.968950 0.046398
0.156735 -0.062787 0.985643
-0.214417 0.563459 0.797834
0.122531 -0.132274 0.983611
0.233927 0.327207 0.915540
-0.216870 0.700041 0.680375
-0.185100 -0.405238 0.895277
0.041713 -0.213571 0.976037
0.131649 -0.140530 0.981285
-0.608572 0.790568 -0.068129
-0.289923 -0.144410 0.946092
-0.407310 0.876471 0.256705
0.247906 0.739360 0.626010
0.040428 -0.003680 0.999176
0.286798 0.048201 0.956778
-0.193087 0.071276 0.978589
-0.013969 0.611817 0.790876
-0.279765 -0.190293 0.941021
-0.481383 0.867948 0.122213
-0.013802 -0.234954 0.971909
0.143410 -0.006131 0.989644
-0.191243 0.953218 -0.234098
0.195093 0.150527 0.969165
0.022685 0.582349 0.812622
0.099477 -0.047809 0.993891
0.867172 0.367219 -0.336396
-0.141725 -0.157409 0.977311
-0.677555 0.131446 0.723631
0.003701 0.199058 0.979981
0.048520 0.998063 0.038937
0.940304 0.323406 0.106008
-0.063937 0.960485 -0.270890
-0.060879 0.058654 0.996420
-0.121885 0.505305 0.854290
0.067943 0.399572 0.914181
-0.845549 -0.518441 0.127535
-0.302119 0.049308 0.951994
-0.806675 -0.439219 -0.395427
-0.038931 0.441489 0.896422
0.115935 0.146886 0.982336
-0.104649 0.009780 0.994461
0.205559 0.402454 0.892063
-0.044559 0.688740 0.723637
0.022344 0.291081 0.956437
0.027787 0.277712 0.960262
0.027757 0.789477 0.613153
-0.066319 0.664471 0.744366
0.061977 0.601660 0.796344
0.223987 0.510330 0.830297
-0.335263 0.289181 0.896645
-0.447752 0.885999 0.120514
-0.193465 -0.760665 0.619646
0.403771 0.912705 0.062755
-0.087090 0.987178 -0.133772
-0.195076 0.302632 0.932930
0.526971 0.841078 0.122019
-0.329289 0.237288 0.913928
-0.078125 0.271627 0.959226
-0.137812 0.264973 0.954357
-0.203179 0.416388 0.886194
0.093635 0.632418 0.768947
0.897309 0.440865 0.021768
0.161289 0.061257 0.985004
0.077911 0.386211 0.919114
0.222553 0.556014 0.800824
0.202737 0.921109 -0.332349
-0.049284 0.415407 0.908299
0.188564 0.541700 0.819149
0.045747 0.572239 0.818810
-0.095836 0.526213 0.844935
0.403145 0.848697 0.342326
0.103954 -0.248038 0.963157
0.067691 0.456797 0.886992
-0.184648 0.486095 0.854176
-0.129410 0.428444 0.894253
-0.109079 0.991088 0.076458
-0.729737 0.611791 0.305280
-0.462332 0.808744 0.363569
0.059732 0.457627 0.887136
0.146856 0.460524 0.875415
0.828872 0.438785 0.347042
-0.279172 -0.149073 0.948599
0.134150 0.360215 0.923173
0.109813 0.552717 0.826102
-0.056719 0.577817 0.814193
-0.007129 -0.689777 0.723986
0.217622 -0.087172 0.972133
-0.372263 0.089383 -0.923813
0.013978 -0.268627 0.963143
0.738010 0.608812 0.291013
0.226819 0.077671 0.970835
0.053503 0.173988 0.983293
-0.045979 0.241206 0.969384
0.128856 0.280073 0.951291
0.288503 -0.291958 0.911881
0.053956 0.415101 0.908174
0.361088 -0.389706 0.847198
0.472610 -0.209994 0.855887
0.624105 -0.308779 0.717738
0.039303 0.527686 0.848530
0.599279 -0.048100 0.799094
0.483962 0.243268 0.840596
0.481992 -0.346761 0.804637
0.400860 -0.543736 0.737334
0.582591 -0.680758 0.444023
0.680575 -0.438585 0.586907
0.260800 -0.212301 0.941760
-0.679288 0.537260 -0.499919
0.451986 -0.183371 0.872974
0.522507 -0.312467 0.793316
0.630157 -0.458600 0.626569
0.452705 -0.635307 0.625654
0.626455 0.218637 0.748166
0.441962 -0.323616 0.836626
0.562931 -0.299799 0.770214
0.597146 -0.287129 0.748982
0.604823 -0.223263 0.764423
0.615238 -0.221243 0.756659
0.518329 -0.235020 0.822254
0.442830 0.283716 0.850533
0.798648 -0.250798 0.547048
0.654956 0.026725 0.755194
0.091970 0.437579 0.894464
0.678818 0.340128 0.650784
0.445968 -0.181526 0.876448
0.601458 -0.180659 0.778210
0.819088 0.194074 0.539843
0.510269 0.370443 0.776143
0.542288 -0.137784 0.828818
0.689331 -0.113460 0.715506
0.717966 0.140603 0.681730
0.354916 0.453189 0.817713
0.364688 0.391458 0.844845
0.068861 0.408999 -0.909933
0.671152 0.327230 0.665188
0.296275 0.476322 0.827852
0.260056 0.619558 0.740621
0.686917 -0.356715 0.633166
0.680214 0.323172 0.657927
-0.099281 0.570989 0.814932
0.632282 0.324291 0.703602
0.434306 -0.041286 0.899819
0.625883 -0.144814 0.766354
0.774113 0.121385 0.621301
0.639862 -0.180357 0.747026
0.180780 0.568182 0.802800
0.764181 0.517611 -0.384846
0.591302 0.292024 0.751721
0.387501 0.663900 0.639593
0.422165 0.521133 0.741753
0.770025 0.333984 0.543614
0.911051 0.311568 0.270021
0.311832 -0.129159 0.941317
0.693484 -0.091280 0.714666
0.705038 0.220156 0.674131
0.524682 -0.006656 0.851272
0.598325 -0.091458 0.796017
0.473413 0.225724 0.851427
0.640731 0.762598 -0.088928
0.723289 -0.125682 0.679012
0.618937 -0.386346 0.683852
0.579475 0.205471 0.788664
0.582210 0.336505 0.740133
0.351612 -0.121345 0.928248
0.422427 0.138784 0.895709
0.817754 -0.045092 0.573800
0.489882 -0.085141 0.867621
0.524218 0.450042 0.722951
0.473652 -0.575226 0.666910
0.696048 0.189061 0.692657
0.500295 0.190826 0.844565
0.764087 0.196434 0.614480
0.704968 0.206975 0.678367
0.647417 -0.683043 0.338088
0.633182 0.216893 0.742993
0.708268 -0.075479 0.701897
0.962188 -0.258293 -0.086476
0.624777 0.028896 0.780268
0.839874 0.095141 0.534379
0.333070 0.256787 0.907262
0.916536 0.160381 0.366388
0.949617 0.098326 -0.297591
0.548932 0.328650 0.768546
-0.980571 0.185063 0.065050
0.464736 0.256653 0.847437
0.263788 0.516422 0.814693
0.528732 0.005173 0.848773
0.741429 0.237071 0.627758
0.627141 0.130705 0.767861
0.817044 0.282623 0.502557
0.581552 0.238154 0.777869
0.524794 0.182994 0.831327
0.745415 0.024937 0.666134
-0.500837 0.097810 -0.859997
0.483324 0.348661 0.803016
0.384172 0.436681 0.813463
0.536984 0.229938 0.811650
0.598138 0.601769 0.529249
0.274624 0.440946 0.854487
0.279603 0.547310 0.788844
0.827263 0.319507 0.462116
0.739513 0.265143 0.618725
0.485485 -0.131103 0.864359
0.524782 0.329575 0.784846
0.637770 0.269826 0.721417
0.446128 -0.811030 0.378418
0.687350 -0.520485 0.506601
0.579394 -0.415214 0.701356
0.547709 -0.815941 -0.185080
0.977896 0.051736 -0.202590
0.661853 -0.746750 -0.065685
0.511431 -0.777271 -0.366454
0.593671 -0.716103 -0.367085
0.916241 0.301144 0.264225
-0.788383 -0.418528 -0.450874
0.684852 -0.649085 -0.331159
0.579359 -0.576242 -0.576445
0.995353 -0.086801 -0.041693
0.838297 0.168374 -0.518564
0.174586 -0.302954 0.936877
0.622441 -0.447505 -0.642111
-0.872265 0.156145 -0.463436
0.818787 -0.573959 0.012605
0.750735 -0.576611 -0.322362
0.861588 0.251932 -0.440676
0.924832 -0.375423 -0.061182
0.998093 0.042725 0.044558
0.738971 -0.466800 -0.485818
0.664534 -0.351270 -0.659548
0.968654 0.248299 0.007495
0.893195 0.242565 0.378636
0.833668 0.217601 -0.507589
0.817563 -0.486824 0.307560
0.923376 0.361611 0.128895
0.726726 -0.306284 -0.614866
0.748289 -0.385377 -0.539951
0.813060 0.528521 0.244127
0.912112 -0.158682 -0.377984
0.978916 0.190839 0.072827
-0.756857 -0.651015 0.057846
0.089543 0.864442 -0.494694
0.941189 -0.205531 0.268179
0.991401 -0.106336 -0.076265
0.757865 -0.288905 -0.584957
0.671768 -0.160065 -0.723261
0.973455 0.137447 0.183011
0.785372 0.339930 -0.517338
-0.969265 0.051420 -0.240585
0.821120 0.532615 0.205141
0.941357 0.277807 -0.191495
0.781096 -0.197801 -0.592254
0.917278 0.355752 0.179002
0.719891 -0.112685 -0.684879
0.976182 0.179417 0.121975
0.561251 -0.302266 0.770475
0.815299 -0.132891 -0.563585
-0.997013 0.023344 0.073620
-0.935054 -0.347858 0.068335
0.933205 -0.346960 -0.093524
0.867129 0.457866 0.196075
-0.890410 -0.127503 -0.436936
0.756603 -0.112636 -0.644100
0.695091 -0.056393 -0.716707
0.954077 0.231483 -0.190136
-0.926714 -0.375766 0.001364
0.899359 0.417124 -0.131002
0.903467 -0.025444 -0.427902
0.836429 -0.093525 -0.540037
0.747305 -0.027487 -0.663912
0.831087 -0.229831 0.506431
-0.916058 0.186730 0.354921
0.901298 0.429327 -0.057793
-0.912440 0.173268 -0.370718
0.990739 0.125256 -0.052404
-0.695312 -0.030803 -0.718048
0.561952 -0.660578 0.497843
0.925381 0.076457 0.371247
0.862016 0.017277 -0.506586
0.809726 0.313021 0.496349
0.972337 0.157917 0.172114
0.093487 0.991997 -0.084860
0.649693 0.707080 0.279171
0.164856 0.929001 0.331329
0.875164 0.001812 -0.483823
-0.541072 0.819070 -0.190695
-0.197259 0.980210 -0.016626
-0.869065 0.005598 -0.494667
0.065412 0.997605 0.022499
-0.914832 -0.210306 -0.344751
0.006738 0.997388 0.071917
0.366802 0.902932 0.223988
0.559672 0.753720 0.344491
-0.461189 0.652560 -0.601224
0.169081 0.931141 0.323091
0.247608 0.947791 0.200954
0.497047 0.799498 0.337264
-0.938760 0.112368 0.325735
0.589268 0.586818 0.555345
0.788026 0.569863 0.232960
-0.246206 0.833954 0.493865
-0.119907 0.748549 0.652148
-0.268278 0.954524 0.130042
-0.131378 0.989221 -0.064663
0.398145 0.665076 0.631787
-0.599910 0.195876 -0.775720
0.227307 0.972961 -0.040967
-0.032975 0.928364 0.370208
0.039555 0.730513 0.681753
0.606553 0.745230 -0.276995
-0.934652 0.040183 -0.353287
-0.982606 0.164864 -0.085474
-0.865526 0.013011 -0.500696
0.420596 0.839459 0.344105
0.858768 0.502471 0.100199
0.757942 0.606598 -0.239921
-0.107121 0.758309 0.643034
-0.145077 0.869355 0.472413
0.839512 0.286270 0.461811
0.596384 0.667532 0.445788
-0.174341 0.890813 0.419591
0.824096 0.564134 -0.051168
0.026928 0.871760 0.489192
-0.019725 0.999452 0.026592
0.394498 0.649182 0.650334
0.312837 0.902995 -0.294504
-0.361710 0.857379 0.366152
0.122761 0.829841 0.544329
0.012737 0.940704 0.338988
-0.315044 0.949056 -0.006293
-0.745220 0.194968 -0.637679
-0.118703 0.946858 0.298948
0.660361 0.695310 0.283666
0.635307 0.771620 -0.031413
0.324374 0.932489 0.158888
0.008285 0.687828 0.725827
-0.350247 0.927287 -0.132160
0.719439 0.688499 -0.091524
0.590513 0.793452 -0.147405
-0.984969 0.055417 -0.163602
0.761278 0.587893 0.273565
0.423547 0.900055 0.102517
-0.969771 -0.188110 -0.155429
0.012562 0.964452 0.263960
0.850530 0.398786 0.342884
0.282156 0.901464 -0.328255
0.604905 0.733094 0.310908
-0.232118 0.937613 0.258851
0.972006 0.227220 0.059790
-0.171680 0.963583 0.205022
0.609867 0.788829 -0.076232
0.858561 0.486422 0.162070
0.799248 0.540287 0.263233
0.539117 0.623598 0.566108
0.161334 0.807013 0.568068
0.160427 0.890115 0.426566
-0.555627 0.747384 -0.364274
-0.327466 0.772233 0.544446
0.285731 0.892906 0.347962
0.426235 0.893538 -0.141118
-0.299951 0.865680 0.400783
0.018983 0.860391 0.509281
0.035258 0.744827 0.666325
0.294392 0.916175 0.271951
0.764713 0.497696 0.409284
-0.252577 0.913122 0.320020
0.775937 0.626531 0.073352
0.672626 0.732541 0.104683
-0.826316 0.100080 -0.554244
-0.189075 0.968874 0.159793
0.368059 0.850757 0.375161
0.209113 0.895232 0.393485
-0.676172 0.645044 0.355964
-0.129584 0.890900 0.435321
0.628455 0.777806 -0.007897
0.508262 0.860370 -0.037861
0.192595 0.975362 -0.107592
-0.840819 -0.153420 0.519120
-0.898610 0.097663 0.427741
-0.987790 -0.093739 -0.124438
-0.572292 0.489986 0.657568
-0.303732 -0.084241 0.949026
-0.706234 -0.067385 -0.704764
-0.888187 0.150231 0.434229
-0.992768 0.087025 0.082694
-0.115003 0.550587 0.826819
-0.127593 0.464849 0.876148
-0.390468 0.229626 0.891519
-0.513675 0.098118 0.852356
-0.766304 0.620878 0.165192
-0.141518 0.665161 0.733167
-0.583666 -0.007521 0.811959
-0.685625 0.664709 0.296784
-0.441812 0.499798 0.744986
-0.352985 0.592049 0.724486
-0.401522 0.598388 0.693334
-0.642328 0.655747 0.396749
-0.692774 0.544856 0.472436
-0.975076 -0.084580 0.205119
0.271984 -0.713525 -0.645683
-0.882733 0.450891 0.132209
-0.350071 0.670768 0.653850
-0.739140 0.588442 0.327732
-0.403892 0.742206 0.534791
-0.223554 0.690303 0.688117
-0.397811 0.572274 0.717112
-0.331177 -0.177422 0.926738
-0.562169 0.185523 0.805945
-0.424273 0.603489 0.675125
-0.596945 -0.775273 -0.206419
-0.943026 -0.150122 0.296926
-0.619840 0.044638 0.783457
-0.634775 -0.729193 0.255612
-0.921849 0.309181 0.233671
-0.561384 0.127548 0.817667
-0.237429 0.818643 0.522926
-0.526057 0.483887 0.699369
-0.672935 -0.563092 0.479672
-0.777488 0.227175 0.586433
-0.716991 -0.161741 0.678059
-0.667681 0.556110 0.494918
-0.709651 0.072592 0.700803
-0.498389 -0.286272 0.818326
-0.704961 -0.231200 0.670505
-0.287791 -0.027264 0.957305
-0.820892 -0.097107 0.562767
-0.763904 -0.110764 0.635753
-0.671329 -0.331755 0.662764
-0.876904 -0.046083 0.478451
-0.756314 -0.289091 0.586869
-0.713434 -0.217121 0.666236
-0.946912 0.186910 0.261576
-0.075519 0.007228 -0.997118
-0.759910 -0.225121 0.609801
-0.448567 0.705258 0.548997
-0.404287 0.293116 0.866392
-0.843101 -0.286183 0.455281
-0.809157 0.378013 0.449857
-0.820576 0.152890 0.550708
-0.549035 -0.123676 0.826599
-0.428640 0.221759 -0.875837
-0.869796 -0.003697 0.493398
-0.701728 0.231982 0.673619
-0.603887 -0.258552 0.753971
-0.651927 -0.450689 0.609812
-0.640952 0.091904 0.762059
-0.251620 -0.216778 -0.943236
-0.579658 -0.096152 0.809167
-0.794636 0.346653 -0.498383
-0.989301 0.120091 0.082830
-0.618524 -0.046276 -0.784402
-0.716420 0.648239 0.257931
-0.969998 0.242844 0.011454
-0.693621 0.715663 -0.081959
-0.907387 0.418561 -0.038145
-0.961448 0.177957 0.209642
-0.971195 0.089253 -0.220940
-0.977005 0.194031 0.088391
-0.768521 0.612801 -0.183987
-0.642000 0.737889 -0.208222
-0.700342 0.706594 0.101222
-0.597230 0.584490 -0.549261
-0.712022 0.661586 -0.235221
-0.335304 0.414086 -0.846229
-0.663533 0.666946 0.338979
-0.758988 0.632533 -0.154403
-0.679445 0.694955 -0.235356
-0.639819 0.768402 0.013778
-0.664869 0.604736 -0.438456
-0.582311 0.792890 0.179553
-0.409784 0.807056 0.425132
-0.529678 0.723833 -0.442162
-0.581530 0.504346 -0.638324
-0.585333 0.763082 -0.274026
-0.855389 0.514925 -0.056240
-0.632573 0.571655 -0.522553
-0.595793 -0.663938 -0.451904
-0.868169 0.385706 0.312271
-0.606477 0.724476 -0.327598
-0.630678 0.358418 -0.688318
-0.821478 -0.004633 -0.570222
-0.529696 0.377188 -0.759705
-0.870851 -0.007536 -0.491490
-0.794165 0.220763 -0.566185
-0.968127 0.016487 0.249916
-0.921226 0.188560 -0.340275
-0.954021 -0.137161 -0.266517
0.366602 0.612066 -0.700698
-0.952863 -0.267325 -0.143487
-0.914487 0.202140 -0.350504
-0.997206 -0.020192 0.071917
-0.991305 0.107835 0.075407
-0.671774 0.182664 -0.717881
-0.923484 0.314478 0.219731
-0.991661 -0.118048 -0.051702
-0.898209 0.022552 -0.438990
-0.691033 0.708486 -0.143254
-0.847020 -0.201519 -0.491882
-0.513898 0.026856 -0.857431
-0.958482 -0.260032 -0.117031
-0.978700 0.166630 0.119923
-0.571335 -0.767709 -0.290172
-0.628472 0.219838 -0.746119
-0.702639 0.709889 -0.048543
-0.685999 -0.719140 -0.110646
-0.806759 0.119874 -0.578594
-0.872878 -0.235262 -0.427477
-0.962309 0.214138 0.167648
-0.813003 -0.442331 -0.378643
-0.929182 0.368172 0.032714
-0.274732 0.868211 -0.413198
-0.595335 -0.680597 -0.427042
-0.713745 -0.634409 -0.296805
-0.916428 -0.324247 -0.234569
-0.804865 -0.583457 -0.108491
-0.843052 -0.531399 0.082937
-0.861131 0.409430 -0.301365
-0.990117 0.139121 -0.017733
-0.789700 -0.251515 -0.559565
0.187027 0.556486 -0.809534
-0.705631 -0.513822 -0.487925
-0.832277 -0.175801 -0.525747
-0.825120 0.561546 0.062001
-0.729695 0.434948 -0.527603
-0.150144 0.396040 -0.905875
-0.856081 -0.270299 -0.440527
-0.828991 -0.467521 -0.306916
-0.843392 -0.192406 -0.501668
-0.964267 0.114650 -0.238841
-0.910608 -0.397320 -0.113712
-0.924345 -0.369317 0.095868
-0.696531 0.628685 -0.345832
-0.846273 -0.212407 -0.488575
-0.821699 -0.264218 -0.504975
-0.947548 -0.264469 -0.179467
-0.112779 -0.969171 -0.219064
-0.851020 0.036981 -0.523829
-0.656108 -0.249697 -0.712162
-0.844729 -0.433271 -0.314181
-0.091017 0.747860 -0.657587
-0.915829 -0.216376 -0.338287
-0.964704 -0.147733 -0.217995
-0.981694 -0.189502 -0.019116
-0.880863 -0.427453 -0.203383
-0.954724 -0.119903 -0.272260
-0.880372 -0.292075 -0.373680
-0.829539 0.231353 -0.508273
-0.736300 0.295902 -0.608526
-0.955775 -0.130796 0.263414
-0.905732 -0.311479 0.287456
-0.724575 0.439659 -0.530745
-0.985178 0.125374 0.117072
-0.986643 -0.114813 -0.115559
-0.755039 -0.268436 -0.598213
-0.722483 0.023850 -0.690977
-0.771813 0.291530 -0.565080
-0.899022 -0.427109 -0.096625
-0.835761 -0.237218 -0.495209
-0.999390 0.034915 0.001054
-0.453996 0.616620 -0.643170
0.977559 0.101528 -0.184580
0.070969 0.911668 -0.404754
0.413605 0.495265 -0.763966
-0.610096 0.199223 -0.766873
-0.541356 0.611102 -0.577485
0.131841 0.990307 -0.043704
0.287546 0.488356 -0.823909
-0.313154 0.356626 -0.880200
-0.059304 0.571108 -0.818730
0.298421 0.904062 -0.305969
-0.526258 0.412999 -0.743293
-0.008639 0.539569 -0.841897
0.591563 0.620227 -0.515142
0.341766 0.454411 -0.822622
0.580102 0.292366 -0.760266
-0.005189 0.479385 -0.877589
-0.032622 0.588458 -0.807869
0.368336 0.414174 -0.832339
0.028505 0.502413 -0.864158
0.187084 0.670976 -0.717490
0.988598 -0.001164 -0.150575
-0.155331 0.517199 -0.841651
0.672965 0.301093 -0.675618
-0.359098 0.151455 -0.920929
-0.168633 0.634428 -0.754363
-0.168956 0.781265 -0.600898
0.418352 0.047697 -0.907032
-0.007146 0.772257 -0.635270
0.301754 0.485565 -0.820470
0.515527 0.282392 -0.809004
0.652674 0.112925 -0.749176
0.616116 0.736090 -0.280307
0.052854 0.492529 -0.868690
0.292905 0.357533 -0.886779
0.056133 -0.398136 0.915607
0.070728 0.672952 -0.736297
0.503215 0.393601 -0.769320
-0.096078 0.140703 -0.985379
0.166568 0.562173 -0.810072
-0.057574 0.707342 -0.704523
0.003400 0.432124 -0.901808
-0.065621 0.517514 -0.853155
0.467816 0.723596 -0.507501
-0.033855 0.452036 -0.891357
-0.155016 0.694482 -0.702613
0.389649 0.302718 -0.869790
0.021934 0.532618 -0.846071
0.704609 0.147276 -0.694143
0.611927 0.640953 -0.463384
-0.096521 0.922015 -0.374930
0.072662 0.630924 -0.772435
0.437622 0.274639 -0.856189
0.061523 0.959169 -0.276061
0.426123 0.832937 -0.353038
-0.073597 0.586153 -0.806851
-0.077477 0.439721 -0.894786
0.301712 0.402912 -0.864078
0.143600 0.407718 -0.901746
0.083256 0.759185 -0.645528
0.220469 0.439361 -0.870836
0.586651 0.499485 -0.637460
0.602135 -0.543631 -0.584721
0.568201 0.397761 -0.720371
0.707168 0.484975 -0.514503
-0.195043 0.932600 -0.303669
-0.034662 0.732354 -0.680041
0.211613 0.666189 -0.715131
0.352467 0.674452 -0.648754
0.027384 0.752640 -0.657863
-0.153319 0.880734 -0.448109
-0.115388 0.882390 -0.456152
0.084069 0.846318 -0.526002
0.402437 0.644392 -0.650234
0.725656 0.671072 -0.151937
0.036604 0.709601 -0.703652
0.714323 0.377958 -0.588974
-0.055977 0.783827 -0.618451
0.251404 0.752673 -0.608506
0.142332 -0.742650 -0.654380
0.267211 -0.626971 -0.731783
-0.004644 -0.351800 -0.936064
0.319753 -0.502377 -0.803353
-0.165312 0.159215 -0.973305
-0.420703 0.035123 -0.906518
-0.786162 0.033253 -0.617126
0.143661 -0.324032 -0.935075
-0.083849 0.265242 -0.960529
0.354013 -0.612963 -0.706365
0.177392 -0.345952 -0.921330
0.151896 -0.395107 -0.905990
0.012479 -0.034710 -0.999320
0.112987 -0.302780 -0.946339
-0.379876 0.479433 -0.791099
-0.520273 0.174812 -0.835917
0.164103 -0.423906 -0.890715
0.401457 -0.680110 -0.613418
0.368474 -0.338490 -0.865824
-0.413370 -0.176856 -0.893223
-0.421069 0.396703 -0.815676
-0.281394 0.240578 -0.928945
0.083690 -0.391576 -0.916332
-0.329384 0.470634 -0.818541
0.343052 -0.380375 -0.858854
-0.056407 -0.307564 -0.949854
-0.450948 0.071437 -0.889687
-0.259325 0.379830 -0.887964
0.277880 -0.306723 -0.910332
-0.528599 -0.011225 -0.848798
-0.546741 0.658075 -0.517698
-0.444440 0.507640 -0.738089
-0.231344 0.120599 -0.965368
-0.210821 -0.430379 -0.877683
0.551128 -0.540718 -0.635517
0.321613 -0.079739 -0.943508
0.405233 -0.397080 -0.823477
0.172828 -0.296107 -0.939389
-0.506200 -0.039296 -0.861520
0.510804 -0.261239 -0.819044
0.487457 -0.210130 -0.847485
-0.460475 0.275232 -0.843925
0.071322 -0.362412 -0.929285
-0.259347 -0.354868 -0.898225
0.383332 -0.086055 -0.919593
0.240741 0.330990 -0.912409
-0.576035 0.222021 -0.786696
0.329241 -0.142550 -0.933424
-0.713402 -0.252535 -0.653669
-0.548402 -0.195753 -0.812980
-0.634072 -0.331470 -0.698627
-0.217822 -0.305765 -0.926856
-0.061406 0.495199 -0.866607
0.197617 -0.227972 -0.953403
0.608486 0.017861 -0.793364
-0.216863 -0.061372 -0.974271
-0.533452 -0.278685 -0.798601
-0.656634 -0.452741 -0.603206
0.005667 0.081901 -0.996624
-0.231890 -0.348594 -0.908135
-0.283029 -0.467156 -0.837651
0.179670 -0.228970 -0.956709
-0.011593 -0.291085 -0.956627
-0.314419 0.361531 -0.877745
-0.048144 0.403845 -0.913560
-0.072354 -0.472537 0.878336
-0.423576 -0.769003 -0.478767
-0.441249 0.045409 -0.896235
0.460411 -0.059336 -0.885721
0.246008 -0.119909 -0.961822
-0.364116 -0.264663 -0.892957
-0.283338 -0.661460 -0.694399
-0.451048 0.308667 -0.837425
0.370493 -0.619056 -0.692463
0.546070 -0.081778 -0.833738
0.308812 -0.131170 -0.942035
-0.173518 -0.355906 -0.918271
-0.277731 -0.747617 -0.603270
0.254420 0.324205 -0.911132
-0.584251 0.079061 -0.807713
-0.077629 -0.412887 -0.907468
-0.148589 -0.583816 -0.798173
-0.394534 -0.603510 -0.692906
-0.583198 -0.750257 0.311441
-0.424968 -0.054134 -0.903588
0.419648 -0.027234 -0.907278
-0.130658 -0.048258 -0.990252
-0.118287 -0.400233 -0.908747
-0.237906 -0.483839 -0.842200
0.625611 -0.050190 -0.778519
0.511017 0.083970 -0.855459
0.094298 -0.152171 -0.983846
-0.518408 -0.060006 -0.853026
-0.528615 -0.639029 -0.558756
-0.453466 -0.634709 -0.625710
0.335869 -0.017859 -0.941739
-0.103407 -0.473145 -0.874895
-0.285883 -0.430892 -0.855922
-0.550164 -0.467248 -0.692097
-0.503193 -0.030495 -0.863636
-0.125611 0.444424 -0.886966
-0.555699 -0.291490 -0.778609
0.017756 0.025440 -0.999519
-0.086020 0.235585 -0.968039
0.245399 0.013388 -0.969330
-0.802701 -0.047127 -0.594516
-0.688039 -0.094790 -0.719457
-0.428850 -0.245056 -0.869503
-0.795446 -0.572459 0.198889
-0.554654 0.354753 -0.752668
-0.093289 -0.118930 -0.988510
-0.328827 -0.336280 -0.882490
-0.503941 -0.018495 -0.863540
0.606771 0.090655 -0.789690
0.424348 0.118273 -0.897742
-0.044710 -0.273211 -0.960915
-0.101478 0.327068 -0.939536
0.191818 0.248632 -0.949414
0.111067 0.075005 -0.990978
-0.363005 0.219260 -0.905623
-0.152093 -0.271287 -0.950406
0.395367 0.363759 -0.843424
-0.353389 -0.271095 -0.895334
0.327270 0.156451 -0.931889
-0.571593 0.264478 -0.776745
-0.123285 -0.074059 -0.989604
-0.283827 0.059388 -0.957035
-0.416968 -0.184743 -0.889948
-0.119992 0.269077 -0.955615
-0.345536 0.516249 -0.783640
-0.668272 0.258830 -0.697438
-0.156625 -0.818790 -0.552315
0.043580 -0.821483 -0.568566
0.464245 -0.784479 -0.411180
0.022107 -0.998246 0.054922
0.203883 -0.942247 -0.265712
0.070818 -0.933702 0.350978
-0.068059 -0.807595 0.585797
0.310458 -0.936319 -0.164081
-0.155328 -0.914633 0.373256
-0.689923 -0.590917 -0.418119
0.269350 -0.809291 0.522014
0.035832 -0.835800 0.547864
-0.091704 -0.802324 0.589802
-0.179539 -0.983747 0.002735
0.250151 -0.964186 0.088151
0.158241 -0.943915 0.289801
0.018196 -0.950094 0.311434
-0.135402 -0.921776 0.363312
-0.386087 -0.904784 0.179727
-0.710218 0.085062 -0.698824
0.002102 -0.995029 0.099559
-0.020353 -0.999789 0.002912
-0.318543 -0.715146 -0.622171
0.139951 -0.988673 0.054222
-0.150397 -0.983907 0.096476
-0.167615 -0.984911 -0.043081
0.402219 -0.810418 -0.425960
-0.409059 -0.901768 -0.139591
0.353830 -0.837787 -0.415834
-0.326445 -0.941792 -0.080389
0.000901 -0.999726 0.023369
-0.000429 -0.999966 -0.008278
0.272116 -0.962262 -0.002200
0.052688 -0.998599 -0.004837
0.235530 -0.957914 -0.164090
-0.882104 -0.056685 0.467632
0.086928 -0.993378 -0.075121
0.379567 -0.907308 -0.180889
-0.422431 -0.684640 -0.593986
0.169466 -0.984241 -0.050512
-0.019667 -0.999793 0.005265
-0.604556 -0.636920 0.478377
-0.001699 -0.999161 -0.040925
0.072889 -0.997196 0.016958
-0.368182 -0.926643 -0.075994
0.208081 -0.965693 0.155369
0.426570 -0.904443 -0.004674
0.153565 -0.986782 -0.051765
0.194085 -0.980959 -0.007063
-0.091897 -0.995190 -0.033943
0.266319 -0.962645 0.048880
-0.349274 -0.911721 -0.216268
0.076713 -0.997044 0.004267
-0.431640 -0.896234 -0.102237
-0.410353 -0.910850 0.044307
-0.147922 -0.988121 0.041673
0.527556 -0.840727 0.121911
0.054171 -0.998517 -0.005403
0.006803 -0.999587 0.027934
0.406456 -0.894288 0.187198
0.034418 -0.999111 0.024348
-0.037883 -0.999172 0.014859
0.327998 -0.901858 0.281194
0.638022 -0.734845 0.230067
-0.907460 -0.411351 -0.085481
-0.691317 -0.685142 0.229480
0.247424 -0.968129 -0.038843
-0.280551 -0.946602 0.158854
-0.093906 -0.993860 0.058512
-0.264572 -0.960309 0.088366
0.335077 -0.818321 0.466984
0.452101 -0.809205 0.375223
0.260337 -0.963045 -0.069053
0.055010 -0.998258 -0.021342
-0.268502 -0.961824 0.052931
0.083885 -0.996406 -0.011776
0.310314 -0.950471 0.017628
0.077808 -0.992165 0.097749
0.449408 -0.792589 0.412112
0.356283 -0.558215 0.749306
0.353134 -0.712108 0.606793
-0.729918 -0.593057 0.339858
-0.143281 -0.989048 0.035422
0.603831 -0.594632 0.530850
-0.257590 -0.961547 0.095265
0.434743 -0.854011 0.285768
-0.471585 -0.802251 -0.366062
0.157370 -0.987021 0.032007
-0.089407 -0.995985 -0.004485
-0.206413 -0.976802 -0.057014
-0.777188 -0.584633 -0.232774
-0.369472 -0.855989 0.361627
-0.307408 -0.950499 0.045306
0.222225 -0.974948 0.009588
-0.141277 -0.980269 -0.138253
-0.721801 -0.668368 -0.179689
0.264764 -0.963662 0.035428
0.020838 -0.998523 0.050177
-0.325076 -0.449877 0.831827
-0.175443 -0.914726 0.364001
-0.410650 -0.873115 -0.262748
-0.678089 -0.728438 0.097844
0.042297 -0.998766 0.026021
0.071961 -0.997199 -0.020413
-0.053941 -0.964380 -0.258963
0.280716 -0.799104 0.531631
-0.348610 -0.813478 0.465537
-0.023464 -0.707832 0.705991
-0.473317 -0.740060 0.477789
-0.244244 -0.617151 0.747977
0.173818 -0.983723 -0.045577
0.031197 -0.991486 -0.126420
0.422536 -0.365196 0.829515
0.016755 -0.698886 0.715037
-0.369822 -0.928174 -0.041524
0.133120 -0.971480 -0.196231
-0.823351 -0.477703 0.306420
0.151764 -0.852729 0.499821
-0.514910 -0.854587 -0.067440
0.071077 -0.990599 -0.116884
-0.454246 -0.392444 0.799780
-0.666005 -0.562046 0.490451
0.072330 -0.948106 0.309618
-0.335986 -0.462604 0.820433
-0.303791 -0.647924 0.698502
-0.333094 -0.761576 0.555923
-0.364204 -0.906740 0.212554
-0.577316 -0.806296 0.128816
0.135762 -0.990420 -0.025226
0.021435 -0.968482 -0.248159
-0.520403 -0.407385 0.750479
-0.384118 -0.848690 0.363565
-0.018440 -0.937744 0.346836
-0.419367 -0.174884 0.890812
0.240062 -0.439339 0.865651
-0.696223 -0.342340 0.630933
-0.439080 -0.880183 0.180241
-0.499872 -0.858165 0.116967
-0.667913 -0.743095 0.041253
-0.154752 -0.946159 0.284314
-0.016881 -0.977851 0.208619
-0.734984 -0.671159 0.096661
-0.764583 -0.599615 0.236377
-0.609817 -0.785832 0.102920
-0.425358 -0.635167 0.644696
-0.738480 -0.613792 0.279118
-0.357917 -0.802587 0.477231
-0.055614 -0.992194 0.111615
-0.332341 -0.584081 0.740540
0.556391 -0.784238 -0.274589
-0.254321 -0.398340 -0.881276
0.377420 -0.871701 -0.312557
0.345334 -0.908679 -0.234621
0.052178 -0.450377 -0.891313
0.866466 -0.382974 -0.320263
0.400152 -0.800502 -0.446178
0.531897 -0.838704 0.116883
0.767327 -0.511156 -0.387207
-0.065381 -0.606377 -0.792485
-0.054915 -0.649238 -0.758600
0.969724 -0.228204 0.086937
-0.059451 -0.954823 -0.291167
0.150997 -0.633075 -0.759221
0.221083 0.168692 -0.960555
0.429788 -0.901722 -0.046676
0.548722 -0.678039 0.489046
-0.071993 -0.964134 -0.255465
0.954679 -0.290949 0.062745
0.190287 -0.824941 -0.532225
0.486724 -0.823211 -0.292273
0.835471 -0.512627 -0.197993
-0.132895 -0.519831 -0.843869
-0.015368 -0.569770 -0.821661
0.743890 -0.640982 -0.189126
-0.394526 -0.830771 -0.392643
0.244933 -0.968817 -0.037433
-0.152163 -0.926831 -0.343264
0.041844 -0.957838 -0.284246
-0.051081 -0.920235 -0.388018
0.045026 -0.998965 0.006450
0.062442 -0.998014 0.008300
-0.024569 -0.999664 0.008321
-0.074006 -0.947005 -0.312578
