2.262756
-2.986062
1.601615
1.054724
1.182799
3.726686
-3.515241
-2.291700
5.152013
1.485223
-5.272416
-2.892364
2.689931
1.658532
1.530581
-4.234384
2.062585
-3.588308
1.875773
1.546464
4.213573
4.718660
5.951146
-2.997932
3.743312
2.322585
4.850103
2.110406
1.988949
1.858735
-1.015257
2.253596
1.937432
14.091007
-6.257615
-2.677311
1.801622
-3.950572
3.539788
2.136935
1.989914
2.946538
4.163059
-4.755368
-4.970107
2.608565
4.124650
2.119990
3.432868
6.459627
2.808926
1.746081
1.631873
1.881861
0.943291
4.755828
1.953257
2.632520
2.402814
-2.549120
11.293337
2.805086
17.292043
2.648646
1.816361
1.260774
2.859102
11.346949
-6.492072
8.526781
2.712944
1.185313
1.720869
1.968135
2.052244
1.848865
1.996995
2.676575
-4.268766
2.588868
1.737939
1.472647
1.581927
1.969447
3.048672
3.119013
4.719580
2.270696
3.855563
0.889332
1.623843
-2.774966
2.932008
14.131181
1.592464
1.598926
2.434539
1.946441
2.173410
2.407365
-3.436741
3.776249
3.918671
1.662261
1.760849
1.221278
1.904993
2.137973
-3.099447
1.670245
-1.897600
1.189084
1.579126
5.478763
1.482641
1.836411
2.141157
1.387780
1.190052
-1.397258
4.945153
2.560444
-8.329315
1.370001
1.626566
-0.914534
1.818040
12.965723
11.720903
0.934321
0.915384
1.938964
4.621026
-4.257431
-2.134577
1.619234
9.184274
-1.816695
-2.712648
10.668690
2.132848
5.909277
9.958679
6.471557
3.497518
1.212717
-1.046400
1.417937
1.564970
1.559613
3.534202
12.954746
2.073930
1.188454
4.452976
3.485602
3.819556
3.255380
7.129531
5.160458
0.910259
4.623882
-3.655424
5.992264
1.263860
0.702837
0.591676
0.864409
-1.930686
0.938332
5.345119
4.520988
6.037856
1.035702
1.956894
1.165098
0.764846
5.731607
5.441465
0.905561
1.187857
2.515332
1.794145
1.976987
-1.219448
6.356795
1.513214
-5.936317
6.341377
3.246893
-1.775222
8.104542
1.259632
0.813302
-3.470922
3.465511
1.823341
2.154699
0.984527
2.641431
2.408883
-2.482311
1.642867
1.544315
1.267160
1.178301
1.351886
1.016403
5.126314
15.654000
3.605799
-2.982455
0.754670
3.280407
-7.752141
1.685886
1.505076
-6.830010
2.172201
4.786121
1.623843
5.641805
1.529835
1.634592
16.581270
3.176742
3.905858
6.566123
1.390475
1.604450
2.055886
1.694956
1.774845
-0.970764
2.773496
4.892413
1.659956
4.639750
0.928408
5.186132
1.826093
2.809850
1.761643
1.448931
2.378478
-0.666046
4.235433
-4.212545
11.912636
7.867181
4.864645
2.270541
1.304365
4.916570
1.863587
1.964159
5.765825
4.108243
5.477515
2.720349
8.645045
2.849708
3.460694
3.147065
0.941690
1.739514
2.549762
3.532462
6.171948
1.948523
12.664272
2.597099
2.145779
2.966828
3.418230
2.007092
3.297344
6.526440
1.471888
2.052915
1.495945
2.953023
-5.210770
3.307888
6.028457
4.856337
-1.507911
5.343173
4.606304
5.927021
2.341450
2.614127
4.081947
4.250184
1.827157
1.802803
5.485713
6.865232
2.471511
6.700294
6.418777
1.036506
1.543815
1.381380
6.177122
10.692246
1.029189
2.525821
4.450403
8.064845
5.205993
2.597438
1.301646
-3.235627
1.718086
4.022295
1.667272
1.821315
1.437819
1.752394
15.441628
2.046055
-4.717801
2.331983
1.620658
2.472494
12.849365
1.766970
1.726693
9.717823
1.585825
10.989490
6.058291
11.522977
17.599749
4.522079
2.517543
2.252750
2.583112
2.838998
1.979087
7.393203
2.475556
4.173716
3.730360
2.149446
5.443001
2.362596
2.570688
5.344418
2.168557
2.377031
1.965517
1.865362
-4.798903
1.919087
2.217087
12.196854
-2.464284
1.882233
2.040026
1.689687
2.374160
5.473244
6.025639
1.795287
1.771237
2.012353
1.824310
4.767403
11.832013
1.550334
3.695502
2.756000
4.822503
3.759881
2.894772
-3.480365
15.133593
5.270709
2.158239
2.263188
4.253060
-6.395844
4.197440
0.892411
4.128514
1.495016
1.494544
2.223119
-4.088824
4.739101
3.218489
2.234719
1.996253
2.070687
5.299737
2.045871
-2.456940
1.966704
-4.116087
1.640067
4.279120
5.574744
4.324427
2.688832
5.006092
9.147420
-3.602907
1.582344
13.471267
2.059349
4.282105
3.837819
-5.421070
2.045652
1.656162
1.796343
2.280159
2.298384
7.530832
7.070109
14.213610
2.282347
1.551028
1.530607
1.713801
11.252056
10.056339
11.705718
8.155257
11.051644
2.523992
10.636542
10.788410
7.158015
2.782260
8.622842
2.326733
6.058501
4.039837
3.551803
6.173935
5.224164
3.880254
2.747404
3.202055
4.441874
4.016363
14.289994
-5.718254
-2.980291
-3.868728
5.246464
1.697630
-4.901379
2.565663
5.061215
-2.467685
9.931164
-8.790166
-3.046471
-6.870970
4.470919
-3.624003
2.621210
4.030433
-5.232592
3.497366
-4.742245
3.687351
2.114949
2.530257
-1.985408
-5.194474
2.376762
2.505843
2.056511
3.565634
0.427056
-4.176537
2.948782
1.706404
1.281930
3.190082
3.956792
2.395586
4.057874
2.055014
2.499066
1.374295
2.266336
4.489104
3.041264
5.781538
-2.526891
-2.918376
3.372480
8.105230
2.370332
9.784712
16.737143
8.755560
18.233147
10.073963
1.960163
14.505625
1.084254
5.961741
5.987434
-2.612804
5.126653
3.179424
2.525290
4.485457
-3.924764
2.082039
4.074048
3.597720
3.172003
5.982442
-0.454763
3.620911
4.744973
-5.344110
-3.980870
6.827597
-5.847552
10.872699
7.393960
-4.708911
12.966638
-3.608059
-5.170470
-8.902501
2.062439
0.744192
2.058797
-7.725467
2.052696
-8.100054
1.040532
2.540603
6.991263
4.506410
4.045173
9.567726
-2.469591
1.989302
6.149511
1.177742
1.817668
2.431916
9.246451
1.836857
2.571281
1.358334
9.946370
-1.360298
6.032627
14.174624
1.839406
1.683449
1.028676
1.711101
1.852505
4.709714
2.331112
2.645906
1.575189
2.156697
9.960643
4.923328
3.054958
1.361698
-1.213472
1.961329
5.485059
2.027479
1.928981
1.937385
5.589157
-1.424437
2.552061
5.420278
11.013501
2.811074
2.756854
2.996665
2.059962
2.338720
2.299726
2.145842
5.969318
5.610405
1.273322
2.562325
3.945485
2.409346
2.325018
8.610811
2.629699
11.718725
6.109396
2.455964
2.085761
2.518499
2.649627
2.161593
3.224635
2.144470
2.142362
1.793075
6.444579
5.467348
-2.192982
1.491038
11.908567
1.699328
-5.350217
7.294233
1.830811
2.264730
1.240375
-6.865140
-2.248059
1.732698
1.161058
2.380905
2.194984
5.783889
1.588290
1.778702
8.689862
-2.528705
1.444126
-2.955353
1.537027
1.374481
1.418058
6.522601
6.098495
1.440341
5.200207
5.285423
1.840877
1.539058
7.219761
3.670130
-2.593472
0.734380
1.676556
2.356480
0.512331
3.123811
1.815732
3.918467
1.805421
-4.392571
1.868103
-1.361431
1.515950
1.997725
2.077706
1.793935
0.659724
2.675157
1.026404
2.539694
1.085409
2.141275
-2.253921
-2.910585
-4.802044
1.625537
2.264594
3.526344
2.874068
2.438826
1.840899
2.094765
2.015204
5.341472
8.290626
2.430604
2.116179
1.961943
2.053270
12.689768
6.603919
7.173083
2.629578
1.746190
8.445824
10.403713
5.367951
2.272601
3.337740
3.481661
1.043716
3.210263
0.972283
4.257716
9.625863
1.032777
4.515103
2.652119
4.754082
0.974393
1.528693
0.744787
5.065161
4.325483
2.229106
-3.380077
1.584513
1.441560
4.210814
-3.775930
-3.355458
2.101340
4.586549
4.759478
2.172818
1.956996
1.347329
2.538039
-3.643819
1.673080
-6.225562
1.190972
3.230594
4.884753
-3.082469
1.647472
1.185873
3.941551
-4.502701
-4.454168
-2.113282
-1.795267
1.169590
-3.167832
-4.023059
3.713196
-4.636381
3.121707
-3.185955
2.062018
1.289908
2.422024
1.177119
1.539451
12.478226
1.928752
2.165746
0.995999
1.175227
3.761898
2.292138
1.309130
7.965699
1.338526
1.002758
-3.165146
2.315082
3.147271
6.054604
0.962152
2.275358
2.397021
1.838464
3.356669
1.014062
3.255766
-0.694090
5.076209
1.380125
1.296820
1.953282
3.938229
2.091638
11.048029
1.229697
1.667491
2.603819
2.729240
6.220841
-1.357160
-4.832310
12.617089
1.679879
1.663042
2.660124
-4.320418
2.371113
-5.271624
10.910398
-4.948321
4.270519
5.675563
1.629812
1.484609
1.419611
1.444398
2.719984
2.123052
1.661924
2.009437
1.346108
6.045755
1.948670
3.799969
1.904122
2.398066
5.398775
3.291051
3.490260
3.507282
9.879369
13.879913
3.854571
16.100648
8.347323
12.245966
8.258614
4.662484
6.046129
11.483770
2.331663
-1.489544
-2.480212
3.654881
-1.715381
-2.794292
-3.305037
-2.699942
-2.125343
8.616941
-1.806072
1.801302
8.367923
-1.422155
-2.103159
3.124268
3.542749
2.261197
3.415483
-2.701654
0.833753
7.908085
2.513129
-0.860185
2.606583
-7.171756
3.365868
2.544494
7.840457
-0.908786
0.841496
-6.118629
2.873303
1.300176
2.837770
2.246143
2.358858
0.992518
1.436372
-1.659394
1.709359
5.903764
0.527341
-2.508338
1.627250
2.263789
2.576410
0.650171
1.317382
2.303082
1.983088
1.215328
2.477796
2.798379
11.294677
10.818541
1.326700
1.393980
1.929505
-1.807936
3.252690
3.033697
-0.471077
-1.305615
-1.924111
1.982181
0.443596
3.642200
3.246937
3.073461
3.701704
13.535789
3.919966
3.234733
1.549447
4.304883
-3.355199
1.131786
-1.420047
1.948459
12.824025
-2.496330
4.437653
-1.018131
-1.937065
10.571949
0.667598
7.783477
4.009986
3.621081
2.018003
-6.283697
1.396175
-0.989943
7.682595
10.488219
4.532889
-7.069145
1.791871
2.264966
-1.301017
-1.692159
4.970029
4.267825
2.118742
-1.303597
2.030717
3.802551
2.030216
5.172129
4.381608
2.041170
13.905437
2.518276
2.226221
1.924101
-1.806379
7.274645
1.899903
6.103669
2.509298
1.619862
4.355000
12.271971
11.118033
2.475890
1.811066
3.255872
2.150960
8.885852
11.052499
1.899907
4.838433
2.054055
2.175887
1.893439
8.497472
3.003218
13.978667
8.848115
4.614388
10.831023
9.371949
13.291729
11.980112
11.899593
12.026232
8.654196
6.173401
6.316150
5.033247
9.799460
6.509981
11.790473
11.975421
8.853900
11.779161
16.699124
10.021344
10.201446
8.656363
6.695940
10.106553
7.548607
16.154222
-0.445365
2.496059
-1.437911
-0.754656
0.594846
0.194237
1.107000
-1.828291
