1.192845
1.246263
-1.438706
0.364587
-0.857233
-2.437214
2.206481
1.479122
-0.280084
-1.184385
0.984561
2.539497
-2.221916
-0.046954
-0.208951
-0.036460
-2.057998
-1.608421
-0.232461
0.907030
-2.459008
2.737906
-2.258803
2.008917
0.665724
0.432914
-1.977488
0.288720
1.157699
0.715554
-0.402831
1.253291
1.009561
1.098299
-0.459576
0.465236
0.228151
-1.648201
-0.266806
1.319372
1.321598
-2.445944
-0.409632
-1.775444
2.145338
0.613853
2.699018
0.781559
-0.607062
-1.004332
-0.500440
1.465578
0.922036
0.181135
0.350939
2.077347
-0.528507
1.112682
0.016985
0.714536
0.504470
1.026048
0.699400
1.533442
1.202640
1.248281
2.052447
-0.033740
1.239877
-1.359868
0.818369
-1.048182
0.193598
1.289030
0.904979
0.902703
1.298630
1.776810
2.259482
1.551443
1.614030
1.156663
-1.467424
1.498067
1.789280
1.286868
1.542003
1.520424
0.863678
0.297960
0.388987
1.287142
0.977234
0.501994
1.090576
-1.223139
1.149508
1.213944
0.835760
0.551993
1.738672
2.232612
2.506359
1.563019
1.125846
-1.054091
1.511318
-0.253918
1.813359
0.978635
0.781488
-0.199959
1.256072
3.206675
0.077621
0.013158
-1.478453
-0.335026
-0.346932
0.766030
1.828093
1.554903
2.889383
-0.833429
-0.521455
0.698328
1.029101
-1.438160
0.314041
-0.127550
-0.138656
1.222463
3.479632
1.265571
1.086042
-1.162700
1.813940
1.286901
2.133092
-1.631725
1.399630
0.258313
1.008153
1.906580
0.224039
-0.267187
0.750461
-0.104988
0.534875
-0.115677
-0.509785
0.740347
0.378848
-0.496869
1.215123
1.795857
0.217335
-0.443138
0.298858
2.109540
0.541729
2.332013
3.324579
1.168832
0.671177
0.557974
-0.374710
0.361974
1.298375
0.680162
2.761134
2.683989
2.852405
0.775508
1.043962
0.856269
0.491625
3.240417
0.717379
0.696303
-0.806708
-0.511420
0.409656
0.551263
0.692555
2.473603
0.176064
2.919616
-3.249788
1.494065
0.951319
1.291940
0.912888
0.347286
1.819973
-2.027523
1.051455
1.289659
-0.514652
1.231464
1.009487
2.017780
1.136572
1.003700
0.568752
0.320701
0.790562
0.778831
0.294461
4.611065
-0.196733
2.120148
-0.204544
0.673196
1.878036
0.819089
-0.234847
1.707869
0.895803
2.439399
1.171326
-1.802296
0.503165
0.623127
1.105444
0.101698
1.580687
0.162649
1.089794
0.951836
0.859032
0.859897
0.817608
0.459857
-0.680054
0.204294
0.801121
-0.451344
-0.196715
-3.742283
1.131159
2.167003
0.898642
1.122020
0.383452
0.524110
0.858290
2.007558
2.005512
-0.365914
1.044679
1.982709
-0.053573
3.682991
0.876556
0.433590
1.053260
0.642902
1.498551
1.494394
4.546401
2.091408
1.324119
-1.325863
0.714619
0.255699
0.126694
2.048776
0.696090
1.345997
1.439006
1.208320
0.157671
2.694665
2.228856
1.165739
2.903321
0.115203
0.054730
1.003033
1.094856
-2.043503
3.792097
2.622314
1.535591
2.532612
1.307023
-0.121550
3.030149
0.069796
0.217824
-0.200766
2.990412
3.611286
0.762752
0.857061
3.821334
3.568580
-1.410825
3.884916
3.909398
-0.456454
-1.419046
0.390509
-0.837838
0.010810
-0.821265
1.843230
0.652196
-0.375206
0.076522
-2.049047
0.449962
1.561239
1.185688
1.060864
1.295093
-1.661989
0.657537
1.029772
0.924217
-1.937466
2.684270
1.303444
0.134796
0.993440
0.378846
-1.024828
1.165184
5.969109
0.363738
5.140956
2.781143
1.727119
7.245783
1.853499
1.140536
1.845108
-0.275069
1.901540
1.161703
-1.811498
1.483082
0.458115
1.986264
1.689500
0.217885
1.413325
1.335595
0.051608
0.043589
0.832264
-0.225138
-1.248761
2.065518
-0.797197
-2.170868
0.696691
1.573766
1.341779
1.046210
0.289665
1.425405
0.051076
-3.492635
1.228947
-1.221818
-1.084897
-0.370862
2.000059
-0.599876
1.206623
2.162620
-0.031321
1.763039
-1.090022
1.839884
2.022845
1.899022
-2.600728
0.474770
2.087845
0.004667
3.471639
0.208179
-0.660012
-0.532276
1.233034
1.454494
1.039862
2.285734
3.639898
1.904181
-1.989498
-1.486981
1.631469
0.118977
-1.104011
2.118822
0.879344
2.779244
1.242524
-0.293123
3.701015
2.189257
1.721464
0.296508
-2.023077
2.454602
1.544138
0.286269
-1.794700
1.738101
-2.003575
2.642238
0.469976
1.266919
1.523860
-1.228800
1.738487
-0.131039
0.104282
0.084450
0.907524
1.450307
1.421103
1.644351
5.096672
-1.199574
1.163876
6.288090
4.822126
-1.054934
2.595228
3.494057
3.584362
-1.817688
1.684546
1.189886
4.507963
1.288584
2.724793
2.853412
-1.029554
1.147755
2.126872
-1.298754
1.160815
1.787757
1.590418
-2.038089
0.253919
0.202461
-3.316990
0.240910
-2.093472
1.678100
-4.757644
1.720108
-0.533152
-0.291147
2.247171
0.618330
1.152215
-1.899645
1.968266
1.756004
2.004657
2.082602
3.169422
-1.268216
1.123250
-0.613009
-0.335538
2.868926
-0.565191
1.794587
-0.180036
2.901937
-0.278535
0.308216
1.143919
-0.698580
1.058240
1.533190
2.822341
1.754983
1.170519
-0.214978
1.768201
1.176984
1.563596
1.624432
0.851505
5.042974
2.427042
1.473567
2.091367
0.467522
1.035960
3.531268
0.731951
-2.391963
2.068792
6.045851
1.333140
1.461141
0.142842
1.490046
3.711220
0.087578
2.412293
-1.930794
-2.137646
1.707015
0.420095
0.200007
-0.636628
-2.175576
-0.983974
2.184571
0.200275
-2.687393
-1.510696
4.083126
1.909215
-4.464092
3.454979
1.223383
0.781986
4.395422
4.801110
1.881197
-2.189664
2.374996
0.738063
-0.183761
1.368683
3.315208
-0.150404
0.749335
-0.374752
0.849185
-0.538203
-0.667087
-3.103674
0.317610
-2.020635
1.687480
0.014361
-0.290486
1.705331
-1.395295
-1.231553
1.641206
1.321901
-0.978382
0.333401
0.448654
-2.779576
2.705938
1.570770
1.591384
-0.269804
1.515232
1.521689
2.404264
1.824071
0.742988
1.223809
1.786948
2.969395
2.297999
0.343351
0.888056
0.072635
1.579842
0.568055
1.567464
1.567349
1.792930
-2.166722
1.218449
1.705720
0.336480
-0.206263
-1.220147
1.874984
0.197248
0.061683
1.481488
1.561881
1.937748
-1.489994
1.546583
-1.068617
0.795075
0.739857
1.863444
1.840682
-0.133287
0.436435
0.516778
3.476138
1.659713
1.207117
-1.294287
0.208272
1.238202
-0.553875
-2.040349
-0.974096
0.936223
0.201800
2.113386
1.270225
-0.159237
4.515541
0.053178
4.823287
-4.597979
0.049090
1.160061
0.505006
4.433531
0.510475
0.415387
0.210139
-2.002765
-0.207546
-4.194326
-0.251995
0.966672
2.344183
1.648444
-0.515325
0.922948
0.202233
1.051652
0.785317
3.039459
4.001763
0.760541
2.509656
4.030487
1.061712
0.819959
1.415169
0.943023
0.719799
0.288908
-0.209225
1.416601
0.254660
1.999741
0.436669
1.374937
1.227331
2.831007
0.974592
1.050127
0.478925
1.689625
1.514790
0.504089
0.057143
0.608872
0.708796
-0.345192
-0.080209
1.112216
1.964938
2.525252
2.599617
-0.558106
-0.473959
-2.432089
-2.681480
-1.454449
0.255317
-0.611650
1.482251
3.554476
6.200768
0.358645
1.119921
0.735142
1.488156
0.555787
0.671550
1.284730
1.210094
0.848862
-0.454372
3.846256
0.415368
-1.599233
-0.900153
0.449220
-0.459014
-0.538578
-0.766491
0.673605
2.353130
0.619702
0.753672
-1.748786
0.052740
-0.318440
1.102304
-0.314576
-1.776961
0.678296
-1.174187
1.936465
-0.910106
1.219592
-2.822509
-1.982869
0.644843
-1.066146
-0.144319
1.609226
-1.440216
1.285913
0.543077
0.114427
1.536806
1.269325
-2.582510
0.430617
-0.317004
1.610579
2.759445
0.857807
0.623913
-0.694644
-2.771512
-0.206128
1.638827
0.523366
0.225694
2.586113
-0.357831
-2.806858
2.968257
-2.064446
-1.131928
-1.396909
0.516078
0.706115
0.645869
0.271487
1.725036
0.827214
-1.227171
0.579725
0.625579
0.892856
-2.126669
0.011596
-4.005066
0.617898
0.336448
0.515473
0.219020
-2.345974
-0.565950
-0.468973
0.905977
1.907874
1.568810
-2.479072
0.651662
1.912942
0.391011
0.449900
0.582147
0.749999
1.208850
2.055526
1.797375
1.627954
0.630370
0.154806
2.114892
1.927185
0.707716
0.999523
0.897010
7.230504
0.317158
0.861245
1.916670
2.158410
1.893241
1.481330
2.482456
4.934020
-0.085922
-0.004822
0.866616
0.633957
-0.377745
-0.697011
1.066250
1.593685
-1.303463
1.269759
0.292634
3.271950
0.727806
2.958354
0.809054
-0.225626
-1.770655
2.558442
3.036356
-2.784288
1.608163
0.388329
1.629874
0.083550
1.070162
0.612702
-0.410806
0.062564
-0.229068
2.015157
-1.081911
0.054097
-0.512171
-0.626264
1.197632
-0.810095
-0.671381
-0.776470
1.382216
-1.819751
-0.814197
0.148116
-0.332505
-0.682874
-1.584748
0.316085
-0.699892
-0.527662
0.385395
-0.977715
0.019028
-0.101657
-0.499906
-0.417223
0.568551
1.921617
0.079333
1.064223
1.505470
-0.245468
0.204313
2.895334
0.705066
0.936772
0.691734
0.333575
1.190167
-0.051995
0.202440
-0.269311
1.094370
2.855482
0.300797
0.387400
0.741748
0.751169
1.398702
-0.045813
0.347632
1.075332
-0.185750
0.167067
0.676202
2.092914
5.488492
2.720359
0.497555
0.274249
0.299305
-0.148935
-0.255677
1.134242
0.133272
0.061689
0.047600
0.413850
0.263134
0.222159
-1.381923
-1.602173
0.659635
-1.521375
0.856990
-1.427354
-0.884835
0.341856
2.319752
-0.002972
-0.650778
-0.845825
0.684754
1.703041
0.241182
0.071572
-0.641884
0.545401
-0.568113
0.692172
2.465124
-1.370388
0.291932
1.723289
0.765584
-0.435208
-0.383982
1.235468
3.416958
3.790450
1.475022
0.600558
-0.247014
-0.766954
1.260486
3.658401
-1.449676
0.387231
1.752424
-0.266437
1.624518
0.108294
2.528508
1.770380
0.170192
1.713905
-1.891666
-0.412628
1.390978
2.478096
-0.323269
-0.023919
1.778141
0.901216
0.008190
-2.032291
0.443257
1.834840
1.253280
-0.168595
-0.385021
-0.373493
1.022685
1.505990
3.754450
1.632209
1.556771
1.581946
5.224066
2.417182
1.248941
-1.370623
-0.042426
0.662926
-0.133782
2.064273
1.729087
1.107520
-1.814768
-3.424131
-0.069232
0.232226
-4.206339
-2.496355
-4.740587
6.517634
0.483876
-0.775994
0.463705
2.565999
-0.219672
0.999434
1.059335
-1.251579
3.774219
0.171397
1.757277
-0.128998
-0.952912
-0.330857
-0.277847
0.192441
-0.037383
0.231733
-0.888676
