0.579421 0.022095 -0.814729
-0.430480 -0.842062 -0.324989
-0.014419 -0.229040 -0.973310
0.182513 -0.867979 0.461845
-0.995843 -0.082717 -0.038147
-0.758869 0.474474 -0.446085
0.509153 0.846840 -0.153704
0.418569 0.850553 -0.318370
-0.651890 0.472431 -0.593168
-0.537336 0.350856 -0.766922
0.517875 0.831401 -0.201440
0.858585 -0.469387 -0.206175
-0.908608 0.406604 -0.095418
-0.984310 0.116375 0.132633
-0.977655 -0.131230 0.164223
-0.257106 0.966367 -0.005543
-0.180816 -0.949818 -0.255250
0.537933 -0.746869 0.390916
-0.882113 0.449824 0.139767
-0.921266 -0.303412 0.243332
0.994532 -0.027369 0.100780
-0.949008 -0.252460 -0.188807
0.708659 -0.644278 0.287590
0.856506 -0.412599 -0.310096
0.105604 -0.992252 0.065448
0.166868 -0.664406 0.728505
0.880912 0.106315 0.461184
-0.983036 0.085444 -0.162294
-0.978355 -0.203980 0.034847
-0.283877 0.766475 -0.576133
-0.806412 0.532463 0.257262
-0.996418 -0.066221 -0.052585
-0.980280 -0.183446 0.073481
0.788584 -0.421654 0.447596
-0.988824 -0.074329 -0.129238
0.397269 -0.902802 -0.164699
0.082390 0.011244 -0.996537
0.889563 0.142148 0.434132
0.042617 -0.924153 0.379637
-0.056947 -0.272656 0.960425
0.486746 -0.855421 -0.177011
0.608759 0.451282 0.652501
0.967905 0.240394 0.073278
-0.949637 0.311114 -0.037382
0.019372 -0.990798 -0.133954
-0.903476 -0.294560 -0.311395
0.374819 -0.799944 0.468615
-0.940645 -0.327784 -0.088001
0.801545 0.502966 0.323344
-0.739666 0.622953 0.254605
-0.546359 -0.689432 -0.475578
0.823472 -0.181516 -0.537537
-0.963431 -0.226949 0.142460
0.195486 -0.774987 0.600983
-0.720948 -0.692901 -0.011085
0.986165 -0.004522 -0.165708
0.005578 -0.696212 0.717814
-0.372544 -0.820072 -0.434388
-0.666151 -0.731154 -0.147161
-0.941837 -0.327457 0.075593
0.197254 0.450692 0.870613
-0.876717 -0.359690 -0.319361
0.598385 -0.084399 0.796751
0.216018 0.572749 -0.790756
-0.851426 -0.523090 0.038083
-0.283647 -0.949157 0.136551
-0.652114 -0.756381 -0.051330
0.781389 -0.338253 0.524420
-0.963405 -0.069168 -0.258972
0.821512 0.524121 0.224533
-0.524805 -0.826162 -0.205026
0.010608 -0.999779 -0.018156
0.096151 -0.226326 -0.969294
0.023420 -0.985140 0.170147
-0.236621 0.795125 -0.558378
-0.335858 -0.941603 -0.024130
-0.379081 0.023475 -0.925066
-0.314792 -0.926054 -0.208160
-0.710023 0.213599 -0.671001
0.009512 -0.976719 0.214312
-0.154754 -0.035580 0.987312
0.032959 0.225414 -0.973705
0.078961 -0.268300 -0.960094
-0.329745 -0.943565 0.030867
0.117326 -0.852645 0.509148
0.202475 -0.910559 0.360398
0.499859 -0.848980 -0.171389
-0.579283 -0.802856 -0.140899
0.589761 -0.708582 -0.387419
-0.959327 0.241100 -0.146843
0.157799 -0.980140 0.120104
-0.987393 0.018132 -0.157248
-0.319659 0.893857 -0.314383
0.671920 -0.695057 0.255774
0.135030 -0.946896 0.291813
0.000978 -0.960555 0.278087
-0.110969 0.611565 -0.783373
-0.305606 0.679321 -0.667179
-0.470332 0.719903 -0.510420
-0.561536 0.762902 -0.320403
0.791649 -0.441866 0.421956
-0.884731 -0.460939 -0.069179
0.445619 -0.614914 -0.650618
0.195112 -0.014111 -0.980679
-0.064819 -0.135731 -0.988623
-0.182598 -0.946433 0.266314
0.061051 0.103837 -0.992719
0.901696 0.366964 0.228652
0.463083 -0.846220 0.263564
-0.803463 -0.593209 0.050502
0.443474 -0.759704 0.475584
-0.905458 0.378554 -0.191944
-0.208649 0.457491 -0.864388
-0.912765 -0.379687 0.150660
0.088544 -0.921361 0.378488
-0.779351 0.594265 -0.198648
-0.325795 -0.239766 -0.914533
-0.828519 -0.523789 0.197993
-0.956623 0.288179 0.042734
0.010017 0.825177 -0.564785
0.990448 -0.041978 0.131344
0.195014 0.292792 -0.936078
0.393942 -0.881353 -0.260819
0.017778 -0.889579 0.456435
0.068765 -0.859833 0.505923
-0.244406 0.860059 -0.447845
0.036392 -0.071355 0.996787
0.618319 0.720996 0.312803
0.589618 -0.028166 0.807191
-0.658428 -0.652828 0.374550
0.971345 0.092269 -0.219031
0.346159 0.091281 -0.933725
-0.846691 -0.442753 -0.295100
0.630139 -0.756392 0.175488
0.896518 -0.413352 0.159362
-0.023831 -0.811979 0.583200
-0.032850 0.846510 0.531359
0.599454 0.800094 -0.022448
-0.840619 0.364384 0.400730
-0.043019 0.894043 0.445911
0.253526 0.150808 -0.955501
-0.155486 0.984150 -0.085280
-0.090146 0.989137 -0.116112
-0.216728 0.945158 -0.244345
-0.712727 0.685806 -0.147274
-0.928361 0.115707 0.353211
-0.067347 0.907048 -0.415606
-0.925780 -0.251860 0.281953
-0.798854 0.270316 0.537366
-0.209170 0.795804 0.568281
-0.298608 0.814411 -0.497562
0.237319 -0.927073 -0.290200
0.578192 -0.812025 -0.079430
-0.872755 -0.178693 0.454277
0.247079 -0.710425 -0.658975
0.131585 -0.490013 -0.861727
-0.447222 -0.882715 -0.144248
0.003640 -0.974155 -0.225852
0.008790 0.610612 0.791881
0.424808 -0.823727 -0.375515
-0.815480 -0.465628 0.343776
0.265545 -0.644804 -0.716738
0.333179 -0.542244 -0.771339
-0.450476 0.890910 0.057893
-0.860904 -0.414606 0.294866
-0.795720 0.056121 0.603059
-0.234056 -0.956503 -0.174128
-0.462931 -0.880175 0.104820
0.704730 -0.271967 -0.655278
-0.802113 -0.473741 0.363571
0.616694 -0.786555 -0.031947
0.212126 -0.734749 -0.644318
0.507420 -0.751438 -0.421741
0.280714 0.850892 -0.444053
-0.728414 0.244979 0.639843
-0.899511 -0.094551 0.426545
-0.711877 -0.564275 0.418120
0.392169 -0.865730 -0.310992
0.611057 -0.791132 -0.026827
-0.735195 0.402549 0.545383
-0.547602 -0.732883 0.403750
-0.254221 -0.883125 0.394286
-0.880260 0.452645 0.142324
-0.628294 0.771029 -0.103736
-0.061063 0.909083 0.412116
0.128123 0.807212 -0.576188
-0.948440 0.108302 0.297878
0.921023 -0.383801 0.066433
-0.226243 0.763648 0.604695
0.515530 -0.851163 -0.098745
-0.098913 0.799731 -0.592155
0.675121 -0.662670 -0.324162
-0.657063 0.671920 0.341748
-0.753993 -0.362708 0.547665
0.526753 -0.719366 -0.452817
-0.447100 -0.875088 0.185264
0.258344 0.759100 -0.597516
-0.404018 -0.117471 -0.907177
0.695148 0.286456 -0.659327
0.458592 0.455240 -0.763184
0.797884 0.169272 -0.578557
0.585723 -0.742049 -0.326024
0.267183 0.101422 -0.958294
-0.948000 0.025492 0.317248
-0.698596 -0.329475 0.635145
0.675834 -0.500784 -0.540799
-0.458869 0.841466 0.285262
-0.606607 0.596201 0.525901
0.281496 -0.954622 0.097244
-0.634651 -0.119172 -0.763555
-0.197469 -0.978405 -0.061076
0.479456 -0.510170 -0.714036
0.806163 0.026352 -0.591106
0.705300 -0.663727 -0.249037
0.457726 -0.815677 -0.353776
-0.394516 0.917807 0.044579
0.515928 0.496147 -0.698324
0.483585 -0.771274 -0.413862
-0.839987 0.132836 0.526096
-0.693968 -0.710888 -0.114222
-0.703962 0.388907 0.594298
0.518381 -0.843487 -0.140751
-0.599354 -0.140282 0.788096
0.145335 -0.980531 0.132048
-0.222985 -0.565607 -0.793956
0.087334 0.930823 -0.354882
-0.062213 -0.987802 -0.142750
0.253613 0.903586 0.345271
-0.477390 0.804016 0.354481
0.510059 0.194942 -0.837757
-0.333607 0.928805 -0.161332
0.344522 0.169380 -0.923372
0.266114 0.235168 0.934815
0.404677 -0.907944 0.108967
-0.084725 -0.082999 -0.992942
0.752946 -0.647088 -0.119789
0.739232 0.420807 -0.525792
0.292361 -0.928066 -0.230690
-0.588261 -0.229110 0.775537
0.501831 -0.837718 -0.215393
0.525519 -0.037633 -0.849949
0.812974 -0.340936 -0.472055
-0.524726 0.839104 0.143413
-0.659709 -0.102568 0.744489
-0.842309 0.215322 0.494118
0.632871 -0.772063 -0.058239
0.897476 -0.401962 -0.181557
0.669629 -0.683216 -0.291225
-0.503093 0.476755 -0.720834
0.721063 -0.652337 0.233506
0.851213 -0.521335 0.060381
-0.006503 -0.802590 0.596495
-0.335324 -0.654644 0.677494
-0.680174 -0.706898 0.194059
-0.778512 0.555935 0.291300
0.745210 -0.479780 -0.463113
0.449225 0.636762 0.626682
0.049201 0.776550 0.628132
-0.164977 0.756153 0.633257
0.164126 0.299941 -0.939733
0.279289 0.632814 0.722180
0.183678 0.259400 -0.948142
-0.028500 0.428043 -0.903309
-0.575399 -0.688236 0.441868
-0.390056 0.474537 0.789095
-0.076314 -0.678101 0.730996
-0.444329 -0.736211 0.510455
0.147123 -0.535539 0.831597
0.125473 0.882142 0.453963
0.548024 -0.219785 0.807071
0.032771 0.956124 0.291125
0.470074 -0.391065 0.791264
-0.495943 -0.259201 0.828767
0.014023 0.012033 -0.999829
0.010240 0.507940 -0.861332
0.478585 -0.122639 0.869434
0.049831 0.276020 -0.959859
-0.144322 0.936061 0.320874
-0.204696 -0.845663 0.492903
0.432550 -0.540817 0.721400
-0.003190 -0.043673 0.999041
-0.437799 0.805337 0.399706
-0.180188 0.976001 0.122285
-0.040852 -0.589959 -0.806399
-0.383392 0.805622 0.451645
-0.337784 0.656715 -0.674260
0.532256 -0.135960 0.835595
-0.562276 0.778480 0.278953
-0.154669 0.787354 -0.596784
-0.191766 0.906140 0.377011
0.595759 -0.672698 0.438803
0.297744 0.460431 0.836273
0.008142 -0.804703 -0.593621
-0.044581 -0.948648 0.313177
0.140877 -0.808019 0.572066
0.550665 -0.535484 0.640332
0.183796 -0.962010 -0.201878
0.554913 -0.799053 0.231485
-0.265858 -0.084174 0.960330
0.549365 -0.833541 0.058377
0.346968 -0.912708 0.215819
-0.275361 -0.960670 -0.035908
-0.242212 0.157326 0.957383
0.609169 -0.350398 0.711431
-0.201088 0.912378 0.356553
-0.055113 0.875755 0.479600
0.501221 0.645924 0.575812
-0.059825 -0.123919 -0.990487
0.352647 -0.933042 -0.071219
-0.315392 -0.902310 -0.293880
-0.501786 0.808504 0.307462
-0.404958 -0.245131 0.880863
0.588302 -0.277219 0.759638
0.637226 -0.540602 0.549266
0.187848 0.020557 0.981983
0.335311 -0.901727 0.272864
-0.221799 0.181324 -0.958085
0.348369 0.586865 0.730910
0.529133 0.348529 0.773657
0.539548 -0.545948 0.640959
-0.009140 -0.752887 -0.658086
-0.337976 0.086877 -0.937137
-0.452300 0.891797 -0.011063
-0.422549 -0.477917 0.770096
0.028164 0.139224 0.989860
-0.697077 -0.216326 0.683584
0.132232 0.609768 0.781472
0.329945 0.370831 -0.868113
0.486216 0.237754 0.840873
0.509505 -0.513067 -0.690773
0.154088 0.145656 -0.977262
0.816660 0.046315 0.575257
0.780076 -0.614252 -0.119061
0.974362 -0.075062 0.212096
-0.314817 -0.196138 -0.928666
-0.723373 -0.578356 -0.377142
0.929402 0.201236 0.309382
-0.487505 0.235315 0.840813
0.797870 -0.069005 0.598867
-0.053818 -0.785380 0.616670
-0.956427 0.032185 -0.290191
0.884315 -0.381840 -0.268674
0.276002 0.226124 -0.934179
0.314018 -0.527374 -0.789474
-0.832575 0.333926 -0.441941
0.403493 0.098300 -0.909687
0.878888 -0.465992 -0.102013
-0.326323 -0.148715 -0.933487
0.551128 0.207465 -0.808218
-0.645239 0.694695 0.317907
0.027475 -0.500612 0.865236
-0.190261 0.634813 -0.748875
0.111959 0.177090 -0.977806
0.109444 -0.053340 -0.992561
0.898907 -0.437866 -0.015457
-0.784068 -0.304634 0.540772
-0.011721 -0.034953 -0.999320
0.987655 -0.115504 0.105812
0.972309 -0.177721 0.151755
-0.298620 -0.120617 -0.946719
-0.333192 -0.461985 0.821920
-0.090413 -0.098502 0.991021
-0.359289 -0.715243 0.599449
0.881303 -0.431882 -0.191790
-0.487399 0.768989 0.413641
-0.303449 -0.000066 -0.952848
-0.129484 -0.645591 0.752626
-0.139564 -0.495310 0.857432
-0.379284 -0.297489 0.876153
-0.653837 0.720890 -0.229816
0.994496 0.101341 -0.026588
-0.310297 0.384454 -0.869431
-0.812283 0.316941 -0.489637
0.985929 0.009887 0.166874
-0.739205 0.636300 -0.220677
-0.100611 -0.283569 -0.953659
-0.866350 -0.456019 0.203677
0.960836 -0.232436 0.150890
0.671733 -0.380739 0.635463
0.323720 0.131394 0.936985
-0.654898 -0.313103 0.687804
-0.872271 -0.248701 0.421060
-0.788100 0.579903 0.206425
0.743801 -0.664793 0.069358
-0.853738 0.401003 -0.332157
-0.984905 0.131087 -0.113046
0.783124 0.372487 0.497966
-0.358666 0.253354 -0.898427
0.724081 -0.610827 -0.320307
0.165998 0.028610 -0.985711
0.643854 -0.743071 -0.182476
0.698418 -0.465276 0.543811
0.118007 -0.925983 0.358650
0.154657 0.273293 -0.949417
0.198282 0.354522 -0.913782
-0.338626 -0.225966 -0.913385
-0.789843 0.560318 0.249383
0.107626 0.289078 -0.951236
-0.271509 0.962041 -0.027557
0.013065 -0.208122 0.978016
0.786204 -0.603149 -0.134518
0.002726 0.301774 -0.953376
-0.564287 0.822783 -0.067883
0.736786 -0.663391 0.130605
-0.200106 -0.562990 0.801872
0.132827 0.415009 -0.900069
0.551908 0.633838 0.541891
0.670699 -0.186401 0.717925
0.946104 -0.322580 0.028798
0.074604 -0.193333 -0.978293
0.985010 0.171779 0.015744
0.252801 0.495718 -0.830876
-0.850359 0.375866 -0.368259
-0.178590 -0.242287 0.953626
0.642406 -0.762008 -0.081595
0.021343 -0.320750 0.946923
-0.167958 0.313062 -0.934763
0.044414 0.103873 -0.993598
-0.554685 -0.229868 0.799678
-0.817343 -0.260438 0.513928
0.951110 -0.267493 -0.154392
0.975583 -0.150597 -0.159870
0.654080 0.712487 0.254051
0.102218 -0.422038 0.900797
-0.737665 0.583113 -0.340338
0.837622 -0.517728 -0.174206
-0.873228 0.120854 -0.472088
0.114267 -0.993333 0.015227
-0.086193 -0.996143 -0.016417
-0.143054 0.985940 -0.086357
-0.132284 -0.883910 0.448558
0.007786 0.994247 0.106830
-0.648504 -0.302501 0.698524
-0.093110 -0.994926 -0.038114
0.079386 -0.993764 0.078300
-0.187757 0.805943 -0.561429
0.160854 0.889716 -0.427237
-0.022567 0.979223 -0.201527
0.800172 0.418221 0.429902
-0.594936 -0.802736 -0.040820
0.962118 -0.108880 0.249950
0.714656 -0.487353 0.501751
-0.428971 -0.748153 0.506213
0.272020 0.870854 -0.409412
-0.158714 0.716865 -0.678907
-0.804008 -0.594618 0.000495
-0.564144 -0.753747 0.337058
-0.722919 -0.577712 -0.378994
0.077398 -0.987183 -0.139567
-0.975677 0.160212 0.149620
0.366563 0.907464 -0.205284
-0.654032 0.322043 -0.684494
0.575090 0.817466 -0.031954
-0.648534 0.172777 -0.741318
-0.975931 -0.128722 -0.176041
-0.037670 0.774514 -0.631434
-0.319479 -0.898415 -0.301302
0.791097 -0.163813 0.589348
0.382198 -0.561372 0.734020
0.850488 -0.520899 -0.073042
-0.071712 0.997358 -0.011582
0.289185 0.951192 0.107736
-0.712408 0.700991 -0.032957
-0.376886 -0.793436 -0.477929
0.314944 0.948644 -0.029749
-0.923611 -0.017570 -0.382929
0.846434 0.321597 0.424411
0.622726 -0.777074 0.091480
0.647895 0.144176 0.747961
0.214451 -0.976724 0.004561
-0.622520 -0.782511 0.012059
0.696392 0.227899 0.680514
-0.860806 0.106896 -0.497580
0.206103 0.845036 0.493392
0.234203 -0.971969 -0.020627
-0.010996 -0.987554 -0.156898
0.309452 0.793622 0.523835
-0.727341 0.171351 -0.664541
0.480454 -0.474817 0.737369
-0.549718 0.770557 -0.322571
-0.684204 -0.052819 -0.727375
0.326643 0.397157 0.857654
0.115664 0.993278 0.004554
-0.374069 0.916131 -0.144142
-0.887779 -0.371384 -0.271888
-0.264648 -0.946123 0.186583
-0.085506 -0.765591 -0.637620
0.599139 0.556740 0.575389
-0.534978 0.091853 -0.839858
0.405539 0.820454 0.402980
0.633878 -0.623666 -0.457427
-0.405050 -0.580311 -0.706522
-0.337317 -0.941132 0.022092
-0.709232 -0.187302 -0.679638
-0.458284 -0.340351 -0.821058
0.038462 0.996545 -0.073611
-0.953749 0.119081 0.276010
-0.655973 -0.520163 -0.546928
0.256942 0.965416 0.044193
-0.121873 -0.987550 -0.099459
-0.224019 0.961728 0.157779
0.644407 0.660157 0.385918
-0.082575 -0.992121 0.094215
0.704374 0.598260 0.382023
-0.322198 -0.940667 -0.106459
0.120821 -0.457119 0.881161
-0.277241 0.923219 0.266091
0.142173 0.203182 0.968764
-0.592510 -0.803998 -0.050196
0.208254 0.419253 0.883661
0.174794 0.058700 0.982854
-0.121954 -0.756981 -0.641955
-0.661760 -0.744477 -0.088471
0.714591 0.697576 0.052415
-0.738764 -0.641384 -0.207014
-0.633858 -0.704633 0.318930
-0.229576 -0.522396 -0.821217
-0.307244 -0.248808 -0.918529
-0.641644 -0.763248 -0.075796
0.067845 -0.164766 0.983997
-0.618474 0.124854 -0.775823
0.177725 -0.412074 -0.893649
-0.551619 0.328795 0.766557
-0.149578 0.217973 0.964424
0.483733 0.875203 0.004786
-0.625810 -0.774997 -0.087989
0.799600 -0.518770 -0.302518
-0.290765 -0.921720 0.256686
0.291189 0.605890 0.740342
0.056528 -0.847867 -0.527188
0.030225 0.996318 -0.080226
0.736243 0.568938 0.366409
-0.152901 -0.957458 0.244734
-0.248700 -0.965245 -0.080315
-0.006231 0.991793 0.127705
-0.354811 0.026652 0.934558
-0.195561 -0.384134 0.902329
0.428303 0.556210 0.712170
-0.210368 0.968295 0.134724
-0.424202 -0.277014 0.862158
0.041748 -0.967301 0.250171
0.073467 -0.002609 0.997294
-0.685610 0.200820 0.699722
-0.350046 -0.844081 -0.406197
0.079022 -0.870841 -0.485172
0.209680 -0.826860 -0.521860
0.297261 0.286229 0.910884
0.509289 -0.529354 -0.678535
-0.176598 -0.979863 0.093180
0.185788 -0.760353 -0.622372
0.142604 0.108206 0.983847
0.687698 -0.242602 -0.684263
-0.506360 0.616151 0.603289
0.281148 0.290317 0.914697
-0.125112 0.260879 -0.957230
-0.560746 0.154891 0.813371
-0.470165 0.140665 0.871297
-0.235944 -0.866369 -0.440153
0.521230 -0.847302 -0.101973
-0.376322 -0.795383 -0.475129
-0.568866 -0.326752 -0.754735
0.750784 -0.258996 -0.607655
0.452199 -0.084817 -0.887875
0.309547 -0.275805 -0.910007
-0.095158 0.304870 -0.947628
-0.267216 0.258957 -0.928190
-0.385998 -0.899767 -0.203532
0.088976 0.674739 0.732674
-0.576530 -0.043557 0.815914
0.004125 0.831595 0.555368
0.019812 -0.711980 0.701920
-0.017571 0.994170 -0.106378
-0.548566 -0.798603 -0.247607
-0.235919 -0.861783 -0.449079
0.160302 0.917187 0.364789
-0.516028 0.384656 0.765346
0.210157 -0.772397 0.599364
-0.694970 0.364151 0.620009
-0.240799 0.056772 0.968913
-0.230647 0.720392 -0.654093
-0.047735 -0.153104 -0.987056
0.446578 0.736579 0.507957
-0.537743 0.265910 0.800078
-0.076818 -0.832200 0.549129
0.356491 -0.920109 -0.162218
-0.983828 0.178960 0.007468
-0.227075 -0.938827 0.258923
-0.247931 -0.814522 0.524484
0.524975 -0.574673 -0.627816
0.185120 -0.636162 -0.749018
0.010960 -0.853665 0.520707
0.030937 0.767758 -0.639993
-0.066557 0.480091 -0.874690
0.479738 -0.833144 -0.275176
0.314313 -0.904369 -0.288660
-0.371290 -0.071777 0.925739
-0.539988 -0.078235 0.838029
-0.496299 -0.835217 0.236852
-0.123345 -0.589052 -0.798626
-0.027282 -0.605307 -0.795524
-0.139651 0.664280 0.734323
0.159563 0.674580 0.720751
0.141593 -0.854597 -0.499616
-0.666201 -0.075610 0.741929
-0.486134 -0.708348 0.511777
-0.625025 -0.313209 0.715013
0.025318 -0.288179 0.957242
-0.371899 -0.405708 0.834920
-0.008176 -0.996747 0.080177
-0.783057 -0.621426 -0.025524
0.143256 0.280500 0.949104
-0.046993 -0.401123 -0.914818
0.669813 0.394189 0.629258
0.343708 -0.819739 -0.458141
0.027290 0.706507 0.707180
0.842811 -0.022369 0.537744
0.777934 -0.624883 -0.065886
-0.466294 -0.798758 -0.380204
-0.068138 0.820737 0.567228
0.825755 -0.065620 0.560199
-0.292747 0.715497 0.634321
0.230577 0.818076 0.526865
-0.429921 -0.299644 -0.851693
0.919209 0.006179 0.393720
-0.786030 -0.004807 -0.618170
-0.003920 0.879960 0.475031
-0.221396 0.789075 0.573013
0.889868 -0.417017 0.185017
0.748897 0.565727 0.345118
0.754445 -0.583599 -0.300375
-0.053161 -0.926117 -0.373472
0.688313 0.670321 0.277299
0.732692 -0.259018 0.629343
-0.209928 0.949685 0.232440
-0.377496 0.673425 0.635606
-0.951423 -0.287290 -0.110724
-0.485153 -0.823931 -0.292856
0.856001 -0.329428 -0.398422
0.836995 0.270941 0.475426
0.728818 -0.643374 0.234295
0.555593 -0.760389 0.336342
0.770701 -0.634305 0.060639
-0.259263 0.857525 0.444335
0.549607 -0.820646 -0.156435
-0.859324 -0.488815 -0.150408
-0.197180 0.733533 0.650422
0.860704 -0.117707 0.495311
-0.389633 0.909212 0.146698
0.368733 -0.781609 -0.503113
0.043167 -0.693437 -0.719223
-0.588527 0.733043 0.341003
0.167665 0.848875 0.501299
-0.364096 -0.363327 -0.857571
-0.374453 0.824060 0.425101
0.265750 -0.661612 -0.701175
0.322009 -0.930692 -0.173558
0.320230 -0.794706 -0.515649
0.623510 -0.580434 0.523766
-0.619166 0.758505 0.203234
0.151706 -0.359017 -0.920919
-0.193584 -0.750504 -0.631878
0.426946 -0.900725 -0.080066
-0.323109 -0.232686 -0.917310
-0.359549 -0.222194 -0.906286
0.387788 0.747635 0.539132
0.446706 0.819512 0.358963
0.358562 -0.878441 -0.315872
0.974758 0.106221 0.196379
0.168159 0.608843 0.775263
0.961129 -0.243238 0.130634
-0.584382 -0.274167 -0.763760
0.684152 -0.030361 0.728707
-0.400609 0.901470 0.163905
0.704868 -0.677357 0.210593
0.146584 -0.291709 -0.945208
0.033051 0.680080 0.732393
-0.260977 -0.681402 -0.683800
0.595277 0.348148 0.724181
0.588843 0.527240 0.612602
0.243923 -0.409425 -0.879132
0.127914 -0.440737 -0.888476
0.075667 -0.520279 -0.850638
0.777470 -0.620981 -0.099616
0.670348 -0.130506 0.730480
0.346648 0.633716 0.691548
-0.623015 -0.015757 -0.782051
0.276668 -0.577957 -0.767737
-0.240676 -0.553448 -0.797352
-0.107272 -0.753190 0.648997
0.110329 -0.629246 0.769336
-0.112925 0.954999 -0.274271
0.347297 -0.676221 0.649700
0.324116 -0.924451 -0.200845
0.001476 0.999992 -0.003822
-0.068928 0.997564 -0.010705
0.042976 -0.952803 0.300531
0.862122 0.502840 0.062438
-0.228028 -0.769652 0.596355
0.260182 -0.877488 0.402889
0.827259 -0.453661 0.331412
0.694574 -0.719412 0.003583
0.808955 -0.526646 0.261219
-0.168165 0.820893 0.545762
0.071114 0.996682 0.039589
0.792801 -0.481752 0.373339
-0.110683 0.638614 -0.761526
-0.218045 -0.932629 0.287507
0.563305 -0.819031 -0.108974
0.138672 0.911364 0.387539
0.544111 -0.758193 -0.359285
0.913976 -0.336602 0.226600
0.593560 -0.585533 -0.552121
0.230385 -0.852874 0.468539
0.929129 -0.365961 0.052845
0.018667 -0.997182 -0.072655
0.822866 0.568197 -0.006567
0.581667 0.808022 -0.093615
0.771884 -0.428291 -0.469854
-0.128628 -0.714329 -0.687888
0.373001 -0.641373 -0.670456
0.887045 0.435680 -0.152757
0.630083 -0.747787 0.209309
-0.264512 0.639834 -0.721557
-0.245084 -0.969336 0.017926
0.792160 -0.289321 0.537378
-0.542581 -0.823841 0.163988
-0.820978 -0.279038 0.498129
0.751717 -0.347672 0.560398
0.751887 -0.394952 0.527901
0.336602 -0.821833 -0.459662
-0.988582 -0.150009 -0.014256
-0.956862 0.158776 0.243320
0.445849 -0.854979 0.265007
0.935668 -0.332235 0.118938
-0.800224 -0.314808 0.510428
-0.809530 -0.556785 -0.186149
-0.705025 0.205756 0.678679
0.804527 -0.343746 -0.484330
-0.759696 0.169223 0.627874
0.247454 -0.934852 0.254595
-0.196591 0.843920 0.499149
-0.683114 -0.728994 0.043859
0.457499 -0.813734 0.358513
0.297047 -0.954652 -0.020049
-0.805865 -0.086279 0.585780
-0.501387 0.864672 -0.030876
0.971088 0.237612 0.023012
0.972832 -0.111275 -0.203014
0.781694 0.405118 -0.474166
-0.796183 -0.605049 0.002796
-0.980005 -0.181199 0.082207
0.839875 0.535949 -0.085837
0.249058 0.896710 0.365897
-0.040099 0.913585 0.404666
0.438607 0.286553 -0.851770
-0.836975 -0.373551 0.399917
-0.880089 -0.165311 -0.445103
-0.520655 -0.853334 -0.027193
-0.917619 -0.063402 0.392373
0.566701 0.475270 -0.673029
0.860499 0.391776 -0.325658
0.700321 -0.402331 0.589644
0.814939 -0.178750 0.551293
-0.726944 -0.671284 -0.144672
-0.982922 0.009532 0.183774
0.542276 0.403016 -0.737235
0.814797 0.432234 0.386367
0.408331 -0.801570 -0.436752
0.376436 0.834837 -0.401675
-0.447203 -0.673765 0.588260
-0.528861 -0.476004 0.702657
-0.683271 0.251819 -0.685367
0.859973 -0.355056 -0.366582
-0.379884 -0.912077 -0.154284
0.969289 0.189838 -0.156335
0.720814 -0.663910 0.199125
0.668507 -0.716909 0.197838
0.680960 -0.439347 0.585891
0.425505 -0.889250 0.167870
-0.929684 -0.367599 -0.023632
0.843486 0.128117 -0.521649
-0.577209 -0.220753 0.786192
-0.827523 0.549123 0.116917
-0.257133 -0.963786 -0.070713
0.410658 0.788491 -0.457867
-0.007024 -0.888125 0.459548
-0.166471 -0.750870 0.639126
0.313735 -0.933422 -0.174048
-0.519908 0.730323 0.443084
-0.814160 0.146472 0.561863
-0.899012 -0.301776 -0.317346
0.043500 0.966593 0.252598
-0.039868 -0.998898 -0.024775
-0.433574 -0.675715 0.596173
-0.713070 0.286029 0.640093
-0.039897 -0.951113 0.306255
0.483528 -0.754087 -0.444469
-0.126043 -0.875651 -0.466206
0.852906 0.519266 -0.053981
0.573985 -0.807386 0.136634
0.452106 -0.868409 -0.203633
0.566802 -0.739668 0.362805
0.068832 -0.992596 -0.100073
-0.053551 0.963313 -0.262985
0.419724 0.868199 0.264695
0.213503 -0.952098 -0.218918
0.298262 -0.953624 -0.040519
0.853455 0.465434 -0.234490
0.298155 -0.930532 0.212636
0.701965 -0.711791 0.024475
0.370807 -0.916031 0.152933
0.044905 -0.987018 -0.154207
0.750523 0.543776 -0.375531
0.359248 -0.933104 0.016022
-0.952858 -0.123285 0.277240
0.591649 -0.800484 -0.095793
0.494864 -0.811076 -0.311873
-0.487747 -0.819411 -0.301112
-0.492558 -0.849664 0.188304
-0.392703 0.753764 -0.526900
0.053363 0.682511 -0.728924
-0.262060 -0.575960 0.774335
0.215702 -0.040624 -0.975614
-0.354376 -0.485154 0.799402
-0.129544 -0.313923 -0.940569
0.051339 -0.596410 -0.801036
-0.722056 -0.407949 0.558760
0.490144 -0.370543 -0.788959
-0.134874 0.957190 -0.256117
-0.741178 -0.419889 -0.523783
0.767061 -0.308367 -0.562608
-0.099748 -0.594440 -0.797930
0.928521 -0.127085 -0.348853
0.313606 -0.012568 -0.949470
0.222197 -0.267257 -0.937658
0.192092 -0.322295 -0.926945
-0.141845 -0.355346 -0.923910
0.368657 0.023580 0.929266
0.015380 0.999078 -0.040083
0.208569 -0.107849 -0.972043
0.987045 -0.016916 0.159551
-0.413989 0.809897 -0.415548
0.252272 -0.022773 -0.967388
0.256986 0.063439 0.964331
0.951837 -0.194858 0.236722
-0.523464 -0.572220 0.631308
0.900409 -0.430157 0.065024
0.166809 0.508387 -0.844818
0.740888 -0.368778 0.561327
0.820196 -0.012782 -0.571939
-0.734496 0.243361 -0.633475
-0.902229 -0.254458 -0.348188
0.978105 0.058763 -0.199643
0.546960 0.259511 -0.795920
-0.078938 -0.968688 -0.235400
0.795860 0.096452 -0.597748
0.117577 0.234360 -0.965014
-0.223189 0.851667 -0.474184
0.897141 0.175129 -0.405545
0.912945 -0.019141 -0.407635
0.398946 -0.713563 -0.575908
-0.697801 0.053252 -0.714310
0.988178 0.066346 0.138210
0.847413 -0.453880 0.275472
-0.735209 -0.286912 -0.614125
0.077459 0.031084 -0.996511
-0.926417 -0.144054 0.347849
-0.863667 -0.185835 -0.468556
0.981856 -0.113217 0.152122
-0.251952 -0.125647 -0.959548
-0.641552 0.579893 -0.502131
-0.986228 -0.074590 0.147614
0.874552 -0.476585 0.089580
0.708390 -0.255561 0.657930
0.983104 -0.171913 -0.062874
0.041931 -0.095339 -0.994561
-0.755462 -0.045357 0.653621
-0.916843 -0.016018 -0.398927
-0.057568 -0.228806 -0.971768
-0.965448 -0.031259 0.258715
-0.928461 0.038261 0.369454
-0.270506 -0.376281 -0.886137
-0.001765 -0.300787 -0.953690
0.308862 -0.943820 -0.117509
0.488951 -0.827384 -0.276337
-0.968918 -0.246473 -0.021180
0.907891 -0.321503 -0.269016
0.986537 -0.095720 0.132597
0.506998 -0.254914 -0.823390
-0.195025 -0.565738 -0.801190
0.093087 -0.399403 -0.912037
0.931700 0.279616 -0.231841
0.992544 0.063142 -0.104259
0.892905 -0.368743 -0.258359
-0.970320 -0.095570 0.222138
0.215867 0.038712 -0.975655
0.843534 0.173021 0.508442
-0.437097 -0.585919 -0.682382
-0.148558 -0.806022 -0.572938
0.128060 -0.629190 -0.766629
0.446057 -0.889544 -0.098716
-0.949178 0.198306 0.244411
0.244606 0.772359 0.586199
0.965404 -0.260211 -0.016918
0.655924 0.519463 0.547651
-0.828432 0.560084 0.002441
-0.983478 -0.180470 -0.014232
0.769888 -0.077411 -0.633467
0.869337 -0.203041 0.450585
0.839377 -0.536155 0.089357
-0.924097 0.378893 -0.049846
-0.828040 0.558586 0.048282
0.966190 0.246978 0.074020
0.128519 0.198231 -0.971693
-0.559255 0.815668 -0.148053
0.905331 0.233976 -0.354445
0.418870 0.044551 0.906953
0.536533 -0.806904 -0.247059
0.857647 0.053489 0.511450
-0.041449 0.297977 -0.953673
-0.646603 0.738218 0.192196
-0.998848 -0.041394 0.024278
0.983365 0.073092 0.166286
-0.260233 0.321927 -0.910298
0.234693 0.640749 0.731000
-0.077028 -0.448640 -0.890387
0.355250 -0.730221 -0.583588
-0.344230 -0.348697 -0.871732
-0.362935 -0.662082 -0.655687
0.517737 0.061002 0.853362
-0.303278 0.172173 -0.937219
0.050510 0.895238 0.442715
0.975990 -0.115263 -0.184817
-0.114017 0.083966 -0.989924
-0.600219 0.092252 -0.794498
-0.130943 -0.363127 -0.922493
0.938164 0.293054 0.184303
-0.234027 0.210029 -0.949273
0.531237 0.117497 -0.839036
0.560402 -0.820720 -0.111219
-0.104163 -0.582517 -0.806117
0.184057 0.345018 0.920373
-0.133938 -0.837817 -0.529267
-0.433629 -0.565312 -0.701704
-0.281036 -0.490562 -0.824844
-0.907055 0.397719 0.138098
-0.675449 0.736689 -0.032529
-0.670522 -0.106969 0.734137
0.012707 0.284716 -0.958528
-0.198528 -0.793699 -0.575003
-0.142790 -0.341340 -0.929031
-0.215828 0.452243 0.865387
-0.030352 0.983169 0.180157
0.060584 0.947892 0.312779
-0.182677 -0.779377 -0.599334
-0.249835 -0.071819 -0.965621
0.743653 -0.346861 0.571549
0.664600 -0.585782 0.463861
-0.458423 0.447551 0.767819
-0.194179 0.326509 0.925033
-0.382519 0.283767 -0.879293
0.580196 -0.764440 -0.281076
-0.551582 0.331112 -0.765586
-0.310054 -0.573034 -0.758616
-0.440497 0.122923 -0.889299
-0.418455 0.733677 0.535363
0.634731 0.065822 0.769925
-0.211587 0.889956 0.403991
-0.863864 -0.478445 -0.157577
0.668845 -0.730122 0.139887
-0.594457 -0.027518 -0.803656
-0.954627 -0.291634 -0.060304
-0.898598 -0.192196 -0.394439
-0.561626 -0.588393 -0.581695
-0.662775 -0.069266 -0.745608
0.180607 0.419282 0.889710
-0.610220 -0.702911 -0.365441
0.637286 -0.619033 0.458983
0.695380 -0.569937 0.437743
0.047307 0.380903 0.923404
-0.999524 0.004009 0.030600
0.988824 0.136616 0.059690
0.816089 0.237076 0.527062
0.343583 0.214108 0.914390
0.094948 0.561558 0.821972
-0.966863 0.253429 0.030809
-0.604691 -0.446608 -0.659462
0.559508 -0.390723 0.730948
-0.908182 -0.347649 -0.233121
-0.557172 -0.682217 -0.473434
0.623990 -0.747430 0.228004
-0.951643 0.197904 -0.234969
-0.675370 -0.705932 -0.213392
-0.815582 0.574503 0.069080
-0.193184 -0.014033 -0.981062
-0.596081 0.351191 -0.722048
-0.598325 0.224575 -0.769138
-0.893991 0.180486 -0.410128
-0.928822 -0.043645 -0.367946
-0.712751 -0.037518 0.700413
0.992922 -0.022859 0.116550
-0.115245 0.333069 -0.935833
