-0.394330 0.882444 -0.256509
0.898728 -0.366569 -0.240654
-0.995965 0.089525 -0.006312
0.970717 0.233702 0.055603
0.030859 -0.700377 0.713106
-0.607342 -0.762851 0.221797
-0.843676 0.526392 0.105462
-0.896816 0.331807 -0.292617
-0.750696 -0.512643 0.416717
-0.756237 -0.602988 0.253991
-0.671718 0.249397 -0.697564
-0.308498 -0.151831 -0.939030
-0.371251 -0.890963 -0.261455
-0.165748 -0.867610 -0.468807
0.040616 -0.884413 -0.464934
-0.963602 -0.255927 0.077286
0.849814 -0.020236 -0.526695
0.824791 0.562140 -0.060977
-0.465442 -0.786779 -0.405393
0.198995 -0.905261 -0.375372
0.017554 0.995128 0.097019
0.194041 -0.939794 0.281311
0.554127 0.255916 -0.792118
0.357015 0.907490 -0.221363
0.958785 0.084141 -0.271386
0.962440 0.270245 0.026015
-0.198340 0.967675 0.155775
-0.037636 -0.960001 -0.277456
0.173277 -0.899580 -0.400913
-0.951547 -0.299261 0.070723
-0.554900 -0.831723 -0.017944
0.079101 -0.949758 -0.302826
0.162914 -0.960660 -0.224923
0.613089 0.482891 -0.625250
0.096424 -0.979989 -0.174135
-0.234762 -0.273474 0.932791
-0.974148 -0.210145 -0.082910
-0.155517 0.987822 -0.004779
0.979922 -0.035413 -0.196210
0.998266 -0.029890 0.050705
-0.813031 -0.517736 0.266325
-0.640510 0.764883 0.068564
-0.250192 0.949241 0.190643
-0.309878 -0.950117 -0.035401
0.232582 -0.125838 0.964402
0.348489 -0.927757 -0.133503
0.906140 0.209234 -0.367602
0.336450 -0.934663 -0.114919
-0.566933 0.811145 0.143635
-0.024600 -0.403104 0.914823
0.818924 -0.558823 -0.130695
-0.511829 0.171119 -0.841872
0.214121 -0.971685 -0.099904
0.957010 0.284644 0.055764
0.681705 -0.706242 -0.191054
-0.047999 0.949015 -0.311554
0.976230 0.159320 0.146940
0.909071 -0.416585 0.006816
0.745182 -0.644362 -0.171759
0.309739 -0.933080 -0.182820
0.733416 0.521450 -0.436110
0.387130 -0.921695 -0.024672
0.730684 0.465444 -0.499463
-0.942471 0.333924 -0.015601
0.522678 -0.852275 -0.020865
0.913307 -0.310799 -0.263202
0.730778 -0.645172 0.222972
0.602693 0.626989 -0.493605
0.112284 -0.981421 -0.155582
0.152745 0.177104 -0.972267
0.851115 -0.513118 -0.110965
0.988096 0.013268 -0.153265
-0.976739 -0.208970 -0.048095
0.980731 -0.010379 -0.195087
-0.971111 -0.175283 0.161923
0.936481 -0.331064 -0.115759
-0.325776 0.932294 0.157158
0.940771 -0.333509 0.061010
-0.238713 -0.969473 -0.056016
0.999933 0.010719 0.004470
0.986694 -0.056012 0.152638
-0.344142 0.917219 0.200688
-0.994997 -0.080337 -0.059381
0.942685 -0.327314 0.064893
0.983689 0.170169 0.058297
0.976186 0.158405 -0.148216
0.200524 -0.079067 0.976493
0.757383 -0.594046 0.271072
-0.111883 -0.546794 0.829758
-0.280989 -0.865566 0.414537
0.980686 0.141318 -0.135215
-0.014484 -0.999600 -0.024309
-0.923556 -0.219754 0.314250
0.713720 0.515436 -0.474268
0.990595 0.122436 -0.061085
0.999019 -0.011374 -0.042802
-0.993257 -0.041630 0.108201
-0.948549 -0.278156 0.151271
-0.880097 -0.340079 0.331323
-0.797086 -0.394792 0.456938
0.514154 0.854886 -0.069401
-0.008474 -0.132490 0.991148
0.876237 0.150716 0.457704
-0.892448 0.412150 -0.183489
-0.994306 -0.075188 0.075515
0.963736 -0.118680 0.239016
-0.849478 0.527615 0.002946
-0.282736 0.900537 -0.330294
0.882501 0.467789 -0.048635
0.579636 -0.760068 0.293801
0.872401 0.487559 -0.034665
-0.412920 -0.681036 0.604720
-0.394378 0.769434 0.502432
0.381459 -0.924209 -0.018101
0.992797 0.050843 -0.108489
-0.586387 -0.579998 0.565467
-0.923728 0.286840 0.253869
0.558222 -0.744751 0.365697
-0.212937 -0.791752 0.572526
-0.998550 0.038127 0.037994
0.104074 0.852439 -0.512364
-0.896684 0.439929 -0.049203
0.915450 0.401619 0.025561
0.997943 -0.012336 -0.062913
0.981203 0.149948 0.121475
-0.960994 -0.276491 -0.006533
0.993527 0.109988 -0.028400
-0.038229 0.425125 -0.904327
0.661342 0.590544 -0.462476
0.750825 -0.604305 0.266604
-0.181773 0.882136 -0.434505
-0.451885 0.888421 -0.080675
0.464403 -0.885616 -0.003715
0.761575 0.557979 -0.329639
0.431614 0.733926 -0.524464
0.998144 0.013377 0.059411
-0.999454 -0.025939 -0.020465
-0.773265 0.586139 0.241875
0.373111 0.925894 -0.059233
-0.998430 -0.054497 0.012944
-0.637555 0.768920 -0.047805
-0.961018 -0.130720 0.243633
-0.994806 -0.083898 0.057631
-0.973464 -0.228070 -0.018769
-0.692611 -0.654858 0.302408
-0.217418 -0.939817 -0.263577
-0.996350 -0.039242 0.075809
0.102525 -0.885090 -0.453986
-0.346404 -0.937073 -0.043583
-0.737043 -0.510224 0.443215
-0.953687 -0.234822 0.187990
0.758251 0.363518 -0.541212
0.673166 0.529785 -0.515922
-0.010701 -0.923367 -0.383770
0.884690 0.442829 -0.145693
0.801058 0.564628 -0.198749
0.583686 -0.165829 -0.794866
0.963818 0.063616 -0.258860
0.733226 0.534528 -0.420309
0.782929 0.542543 -0.304416
0.261598 -0.826351 -0.498709
0.734155 0.617111 -0.283178
0.825468 0.563080 -0.039280
-0.641165 -0.367957 0.673435
0.247411 -0.847595 -0.469437
-0.225156 -0.951749 -0.208516
0.764174 -0.070271 -0.641171
0.646619 -0.416220 -0.639253
0.353843 0.935274 -0.007629
0.303967 -0.847944 -0.434275
0.669502 0.545402 -0.504285
0.562715 0.630884 -0.534170
0.552533 0.659302 -0.509929
-0.954789 0.294742 -0.038801
0.059429 -0.907778 0.415220
0.007188 -0.979372 -0.201937
0.364293 -0.805684 -0.467080
0.408953 0.466908 -0.784063
0.602357 0.486704 -0.632682
-0.409234 -0.904986 0.116312
0.483536 -0.670973 -0.562128
0.660463 -0.456341 -0.596274
-0.306550 -0.771461 0.557562
-0.691329 -0.492178 0.528986
0.996173 0.029636 0.082230
-0.711473 0.479563 0.513640
0.051886 -0.874082 0.483000
0.333036 0.687501 -0.645313
-0.687385 -0.565014 0.456356
0.523926 0.404303 -0.749694
-0.990931 -0.133551 -0.014842
0.364507 0.681682 -0.634385
-0.619862 -0.739571 0.262309
0.198702 -0.920612 -0.336142
0.391655 0.678199 -0.621813
0.629928 -0.455084 -0.629356
-0.948049 0.318072 -0.005814
-0.507791 0.853688 0.115605
-0.409201 0.911761 -0.035302
-0.798150 0.588594 -0.128506
-0.427405 0.835671 -0.344934
0.292487 0.568655 -0.768819
-0.325508 0.945493 0.009312
-0.063588 -0.991861 -0.110312
0.178548 -0.939865 -0.291160
0.218253 0.836798 -0.502131
-0.719044 -0.540291 0.437105
-0.522876 -0.797500 0.300988
0.835208 0.193859 -0.514632
-0.635730 0.642281 0.428162
0.665861 -0.088142 -0.740851
0.615889 0.775232 -0.140342
-0.153482 0.974127 -0.165894
0.406792 0.666628 -0.624601
0.795936 0.553246 -0.245774
-0.814026 -0.371589 0.446412
-0.253828 0.867131 0.428551
0.703565 0.623793 -0.340410
0.139683 -0.883956 0.446218
0.538842 -0.407558 -0.737256
-0.157946 -0.901528 0.402866
0.687813 0.509057 -0.517469
0.241761 -0.970272 0.011151
0.694383 0.006016 -0.719580
0.714377 0.459358 -0.527878
-0.764864 0.290898 0.574771
0.712532 0.056194 -0.699386
-0.006780 -0.355272 0.934738
-0.618339 -0.594018 0.514588
-0.179492 0.976659 0.117983
-0.880856 -0.246149 0.404355
-0.203612 0.973657 0.102634
0.159413 -0.967167 0.197926
0.732741 0.250658 -0.632662
-0.181740 -0.978521 0.097301
0.521795 0.697957 -0.490496
-0.613423 0.742954 -0.267827
0.788627 0.370425 -0.490767
0.329063 -0.943855 -0.029234
0.592738 0.514415 -0.619708
-0.223790 0.957726 -0.180773
0.164204 0.912000 -0.375889
-0.673141 -0.512123 0.533490
0.088455 -0.994354 -0.058610
0.229184 0.972815 -0.033241
0.601877 0.537892 -0.590268
0.244456 0.795950 -0.553810
0.488396 0.700492 -0.520366
-0.755551 0.162299 0.634666
0.668896 0.567506 -0.480120
0.442587 0.651240 -0.616444
0.569701 -0.493209 -0.657408
0.582647 -0.709213 -0.396913
0.577946 -0.679972 -0.451238
-0.339964 -0.763664 0.548855
0.221389 0.833117 -0.506857
-0.766566 -0.085565 0.636440
-0.708074 -0.416425 0.570282
-0.789721 -0.485912 0.374474
0.816963 0.492574 0.299903
0.216995 -0.774247 0.594520
0.707165 0.635100 0.310751
0.861187 0.469306 0.195215
-0.567053 -0.053622 -0.821934
0.117957 -0.824163 0.553933
-0.612699 0.610279 0.502155
-0.574033 -0.203483 -0.793146
-0.768590 -0.591100 -0.244685
-0.008748 -0.456578 0.889641
0.015933 -0.961945 -0.272780
-0.985089 -0.018324 0.171068
-0.597426 -0.800880 -0.040899
0.007432 0.953109 0.302537
0.568882 0.822225 0.017875
0.649485 0.651565 0.391959
0.166274 -0.959623 -0.226887
0.365363 0.889402 0.274727
-0.029853 -0.328240 0.944122
-0.642810 -0.263619 -0.719236
-0.604122 -0.767796 -0.213369
0.239225 -0.970071 -0.041643
-0.202484 -0.521473 0.828894
0.535863 -0.006850 0.844277
0.575089 0.646103 -0.501821
0.059454 -0.466471 0.882536
0.600301 0.702068 0.383067
-0.394261 -0.913260 0.102538
-0.046234 -0.366394 0.929310
0.384388 0.604417 0.697801
0.004593 -0.383307 0.923609
-0.241535 0.370994 0.896674
0.950382 -0.225664 -0.214126
0.324428 0.563655 -0.759631
-0.099300 -0.307728 -0.946278
-0.634846 -0.517119 -0.574072
-0.494053 -0.827402 -0.267053
0.123885 0.226410 -0.966122
-0.341378 -0.472469 -0.812548
0.021348 0.995422 0.093160
0.195461 0.060269 -0.978858
-0.112067 -0.268812 -0.956651
-0.560022 0.190657 -0.806241
0.327019 -0.915786 0.233224
-0.320088 -0.929411 -0.183681
-0.043534 -0.371952 0.927231
-0.824379 -0.310915 0.473002
0.286167 -0.751722 0.594157
-0.032148 -0.991511 0.125989
0.092056 -0.041148 0.994903
0.026976 0.301035 -0.953231
-0.019322 -0.365839 0.930478
-0.231194 0.959538 0.160738
-0.264021 -0.953768 -0.143592
-0.418817 -0.841192 -0.342036
0.230953 -0.972673 -0.023818
-0.095440 0.255629 0.962053
-0.371573 0.892706 0.254970
0.232263 -0.809483 0.539251
0.117469 -0.933061 0.339998
-0.375331 -0.837410 -0.397330
0.547726 0.546837 -0.633219
-0.209852 -0.977619 -0.014948
0.037608 0.031465 0.998797
-0.054449 0.861527 0.504783
0.129380 -0.982431 0.134498
-0.181853 0.975567 0.123284
-0.819334 -0.376470 0.432391
-0.206153 0.925720 0.317086
0.134043 -0.971179 0.197091
-0.002125 0.802035 -0.597273
-0.174039 0.977611 0.118267
0.569914 -0.221737 -0.791221
0.088017 0.296127 -0.951085
0.224610 0.269997 -0.936297
-0.181115 0.972852 -0.144072
-0.423591 -0.059617 0.903890
0.305215 0.052220 -0.950851
0.112765 0.971901 -0.206620
0.598900 -0.022513 -0.800508
-0.398275 0.583199 0.707994
-0.291826 -0.074104 0.953597
-0.169046 0.274554 -0.946596
-0.790325 0.606524 -0.086688
-0.831876 -0.553595 0.038922
-0.520574 -0.199089 0.830281
-0.879506 0.315829 -0.355978
0.080635 0.355900 -0.931039
-0.076126 -0.980204 0.182769
-0.597243 0.774499 -0.208453
0.022861 -0.398376 0.916937
0.966390 0.234630 0.105067
-0.975159 -0.210338 0.069450
-0.956125 -0.248877 -0.154551
-0.987643 -0.118522 -0.102532
0.260971 0.563425 -0.783866
-0.124187 0.930646 0.344202
-0.971258 0.238010 0.003067
0.140777 0.358253 -0.922950
0.231721 0.648892 -0.724738
-0.735758 0.660903 0.147875
-0.129820 0.885908 0.445325
0.143316 0.983452 0.110825
-0.352338 0.698765 0.622564
-0.012812 0.383875 -0.923296
0.157624 -0.388450 0.907888
-0.576976 0.795837 0.183691
0.986891 -0.010163 0.161070
0.981225 0.047224 0.186994
0.387070 -0.911084 -0.141787
-0.469319 -0.148151 0.870512
-0.067493 0.425578 -0.902401
-0.468336 0.734064 0.491743
-0.581924 -0.383508 0.717137
0.166723 0.014491 -0.985897
-0.553784 -0.387799 0.736841
-0.943860 0.330343 0.001351
0.337435 -0.233790 0.911855
0.252124 0.507246 -0.824096
0.728109 0.181268 -0.661059
0.913295 0.215320 -0.345730
-0.068356 0.930946 0.358701
0.473922 -0.217588 0.853260
-0.022432 -0.362185 0.931836
0.043782 -0.055086 -0.997521
-0.373029 -0.025955 0.927456
-0.172882 -0.712275 0.680277
0.523939 0.036118 -0.850989
-0.595801 0.678785 0.429269
-0.337897 0.090697 -0.936803
-0.047195 -0.998203 -0.036920
0.094830 0.314141 -0.944629
0.526702 -0.180302 -0.830708
-0.216591 0.328476 0.919343
-0.987644 0.067372 -0.141491
-0.485273 0.845516 0.222737
-0.897595 0.368753 0.241545
0.011804 -0.392655 0.919610
-0.966662 -0.193170 -0.168075
-0.080253 0.005902 0.996757
0.983946 0.176779 0.024474
-0.155889 0.017065 -0.987627
-0.516539 0.816768 0.257056
-0.258210 -0.097790 0.961127
0.445131 0.330533 -0.832230
0.956128 -0.290929 0.034341
-0.975580 0.215022 -0.044827
0.640016 0.094613 -0.762514
0.662844 0.584995 -0.467353
0.139892 0.326852 -0.934665
-0.898822 0.411870 -0.149939
-0.055966 0.404579 -0.912789
-0.967043 0.156369 -0.200938
-0.524268 -0.545203 0.654139
0.926109 -0.368730 0.079754
0.280072 0.332541 -0.900542
0.966480 0.249004 0.062561
-0.612917 0.709508 0.347751
-0.747247 0.663572 0.035969
-0.043642 0.967797 0.247922
0.540206 -0.036278 0.840750
-0.028535 0.421647 -0.906311
-0.083235 0.420096 -0.903655
-0.090275 0.406983 -0.908964
0.986458 0.159763 -0.037087
-0.257172 0.223412 0.940186
-0.169720 0.056469 -0.983873
-0.447930 0.182460 0.875252
0.511771 0.071994 0.856100
0.430957 -0.052136 0.900865
0.116409 -0.069887 -0.990739
0.795209 0.175515 0.580376
-0.944380 0.042435 -0.326106
-0.249457 0.951429 0.180430
0.416128 -0.073663 0.906318
0.100704 0.086141 0.991180
-0.971846 -0.235274 -0.012730
-0.975638 0.077904 -0.205091
-0.915323 -0.101310 -0.389770
-0.319976 0.903923 -0.283794
0.145592 -0.157570 0.976716
0.244663 0.749312 -0.615363
0.386964 0.873020 0.296807
0.548504 0.229521 0.804029
-0.851930 0.020105 -0.523269
-0.918261 -0.359832 -0.165281
0.404675 -0.546568 0.733145
0.512447 0.000457 0.858719
0.058561 -0.597783 0.799516
0.242353 -0.117159 0.963088
0.043582 0.810679 -0.583867
-0.226904 -0.126786 -0.965629
-0.669353 -0.667937 0.325311
-0.282432 0.161730 -0.945556
-0.652216 -0.628255 0.424158
-0.029901 -0.720622 0.692684
-0.911821 -0.285174 -0.295395
0.892525 -0.392111 0.222818
0.233689 0.971329 -0.043700
0.824463 0.565906 0.003509
-0.040748 -0.203694 0.978186
-0.318974 -0.033934 -0.947156
-0.727560 0.291535 -0.621018
-0.149376 -0.197361 -0.968884
0.031645 -0.526706 0.849458
-0.774126 0.238618 -0.586336
-0.304599 -0.572845 0.760965
-0.016200 0.812208 -0.583143
0.349623 0.380944 0.855947
0.085867 0.961842 -0.259783
0.666428 0.149733 0.730379
0.430751 -0.329734 0.840077
-0.109415 0.970869 -0.213169
0.064357 -0.946981 -0.314778
-0.686535 0.484166 -0.542451
0.939011 0.220665 0.263753
0.583322 -0.133778 0.801148
-0.560505 0.597235 -0.573711
0.105152 -0.929068 -0.354648
0.188965 0.877064 0.441646
-0.365187 -0.568975 -0.736821
0.204770 -0.971165 -0.122096
0.076560 0.893328 -0.442835
0.990082 -0.114921 -0.080814
-0.526593 -0.337761 -0.780139
0.009553 -0.605453 0.795823
0.857534 -0.142383 0.494330
0.531159 -0.576465 0.620933
-0.041747 0.739402 -0.671968
-0.176510 -0.984287 0.004786
-0.729685 0.556101 -0.397883
-0.644271 -0.752993 0.133851
0.283436 -0.814380 0.506407
0.628064 -0.207503 0.749985
0.313208 -0.947406 -0.065750
0.612669 -0.790208 -0.014406
-0.785429 -0.015391 -0.618761
0.054697 0.971609 -0.230183
0.456120 -0.850525 0.261842
0.503415 -0.094668 -0.858843
0.077460 -0.109363 0.990979
0.734366 0.273009 -0.621428
0.085953 0.438946 -0.894393
0.001195 0.094439 0.995530
0.336940 0.191895 -0.921763
-0.056639 -0.093100 0.994044
0.250420 0.872990 0.418544
0.283901 0.343296 -0.895292
0.170298 0.959092 -0.226146
-0.175627 0.068114 0.982098
0.726726 0.538341 -0.426684
0.684800 0.709994 -0.164190
-0.788290 -0.319135 0.526072
-0.242349 0.100752 0.964943
0.613702 -0.589179 -0.525583
0.070639 -0.379154 0.922633
0.091957 0.340767 0.935640
-0.692769 -0.504948 0.514878
-0.708667 -0.584378 0.395341
-0.377318 0.228067 0.897561
0.811292 0.583151 0.041709
-0.673544 -0.592772 0.441543
-0.831161 -0.549044 0.087875
0.594357 0.799731 0.084679
0.793552 0.608332 -0.014414
0.047912 -0.021021 -0.998630
-0.449629 0.266275 0.852603
-0.062063 -0.572437 0.817597
0.404510 0.124699 0.905992
0.739148 0.348813 -0.576185
-0.775452 -0.369881 0.511725
0.560799 -0.083343 -0.823747
0.662563 -0.495876 -0.561353
-0.477419 0.288396 0.829999
-0.582819 0.082905 0.808361
-0.233917 0.122719 -0.964481
0.184539 0.981925 0.042059
-0.225127 0.913107 0.339931
0.825400 -0.561581 -0.057801
0.123333 0.162993 -0.978888
0.073092 0.938483 0.337500
0.065863 0.252509 0.965350
0.099703 0.995006 -0.004742
0.276384 0.961034 -0.005007
0.054735 -0.451321 0.890681
0.008641 -0.486078 0.873873
-0.386008 -0.560374 0.732788
0.687148 0.598241 -0.412233
-0.137889 -0.828454 0.542817
-0.831747 0.199181 0.518193
0.070685 -0.621416 0.780286
0.160702 0.978286 -0.130888
0.456419 -0.588488 0.667356
0.582794 0.760169 -0.287218
0.667316 0.625841 -0.403748
0.719256 -0.640712 -0.268625
0.192370 0.979837 -0.053970
-0.145533 0.961347 -0.233735
0.052382 -0.463621 0.884484
-0.276836 -0.280895 0.918945
-0.189459 -0.435926 0.879815
-0.814876 0.099837 0.570973
0.302700 -0.682749 0.665001
0.539247 -0.766926 0.347904
0.238389 -0.903939 0.355056
0.588042 -0.750887 -0.300625
0.472393 -0.804337 -0.360399
-0.358480 -0.056990 0.931796
0.131466 0.721200 -0.680138
-0.230625 0.966650 -0.111357
0.982410 -0.107054 0.153003
-0.712101 0.482751 0.509768
0.535227 -0.080515 -0.840862
-0.113908 -0.221999 0.968370
-0.647063 -0.205471 0.734228
0.974787 -0.088984 -0.204625
-0.036755 0.882733 -0.468435
-0.518877 0.431471 0.737970
0.065629 0.890800 -0.449631
0.109938 0.993458 -0.030888
0.342911 -0.568913 -0.747495
0.377297 -0.917739 0.124106
0.588445 0.185880 -0.786881
-0.033690 0.941426 -0.335532
-0.565213 0.490058 0.663610
-0.109455 -0.213559 0.970779
0.030768 0.209927 -0.977233
-0.482852 0.339422 0.807246
-0.708304 0.521762 0.475469
0.091028 -0.695496 0.712741
-0.978473 -0.190074 -0.080395
-0.402607 0.472897 0.783758
0.262890 -0.624005 -0.735871
0.171075 -0.858162 -0.484036
-0.054059 -0.341093 0.938474
-0.213599 -0.363646 0.906718
-0.310335 0.949265 -0.050867
0.159773 0.968039 0.193323
-0.439912 0.477150 0.760793
0.252714 -0.796884 0.548736
0.423790 -0.727767 0.539218
0.668775 0.610166 -0.424780
0.013034 0.728602 -0.684814
-0.050978 -0.510326 0.858469
-0.233159 0.966094 -0.110906
-0.480697 0.705829 0.520323
0.040643 0.901674 0.430503
-0.440829 0.856202 0.269420
-0.393822 0.883435 0.253863
0.002883 0.080156 0.996778
-0.412932 0.488769 0.768500
0.147991 -0.954284 0.259693
-0.996558 0.081436 0.015485
0.612682 -0.772167 -0.168457
-0.718447 -0.543706 0.433841
0.838635 0.368818 -0.400830
0.532832 -0.106201 -0.839531
-0.551081 -0.628138 -0.549320
-0.867199 0.327837 0.374817
0.995968 0.089212 -0.009444
0.486851 -0.418567 -0.766667
0.831249 0.518293 -0.200989
0.973044 -0.196291 -0.121058
-0.686441 0.721245 0.092755
0.183432 -0.891481 -0.414264
-0.184066 0.956435 0.226611
0.999982 0.005574 -0.002074
0.974670 0.198133 0.103743
-0.270668 -0.809043 -0.521718
0.661719 -0.666525 -0.343325
-0.622407 -0.490814 -0.609682
-0.181730 0.376728 -0.908323
0.707874 -0.537107 -0.458728
0.012376 -0.919518 -0.392854
0.905814 0.278397 -0.319368
0.910086 0.396556 0.120363
-0.258211 0.548653 0.795177
-0.767191 0.561773 -0.309563
-0.516971 -0.548345 -0.657312
0.458973 -0.820681 -0.340332
-0.452987 -0.709657 -0.539620
-0.521994 -0.633860 -0.570740
-0.130387 -0.250141 -0.959390
0.964211 0.203381 0.170097
-0.787816 -0.446810 -0.423918
0.506321 -0.771643 -0.384976
0.977494 0.096344 0.187679
0.107985 -0.908560 -0.403558
0.915467 0.399747 -0.046073
-0.916930 -0.217014 -0.334880
-0.997227 -0.073591 0.011101
0.808454 0.530367 0.255175
0.983699 -0.110528 -0.141847
-0.807865 0.581385 0.096677
0.926672 0.348698 0.140313
-0.948963 -0.307666 -0.069357
-0.860761 -0.211472 -0.463000
-0.947087 -0.255992 -0.193635
-0.323789 -0.801494 -0.502760
0.493723 0.174772 0.851876
-0.984454 -0.138325 -0.108246
-0.977543 0.202224 0.059294
-0.794831 -0.331575 -0.508235
-0.943040 0.160306 0.291509
-0.833429 0.513274 0.204805
0.918244 -0.262385 -0.296618
0.891332 -0.372958 -0.257740
-0.884010 -0.210804 -0.417239
0.176303 -0.905869 -0.385123
0.981155 -0.179306 -0.072002
-0.155960 -0.868728 -0.470094
-0.559294 0.818020 0.134293
-0.426075 -0.827549 0.365544
0.718672 0.198190 0.666507
-0.236630 -0.504416 -0.830404
-0.970710 -0.226297 -0.080699
0.998626 0.007346 -0.051887
-0.941930 0.334813 0.025854
0.704376 -0.659781 -0.261810
0.807761 -0.410178 -0.423411
-0.957791 -0.243889 -0.152165
-0.983785 -0.169938 -0.057336
-0.992495 0.042893 -0.114520
-0.474848 -0.475738 -0.740400
0.485471 -0.667374 -0.564739
0.937252 -0.263352 -0.228482
-0.311057 0.922336 0.229218
-0.959588 -0.208914 -0.188533
-0.936258 0.348986 0.040370
-0.982384 -0.020168 -0.185783
-0.937912 -0.322036 -0.128892
0.993568 0.106210 -0.039264
-0.875119 -0.482671 -0.034579
-0.932311 -0.348148 0.097929
0.911357 -0.002918 -0.411607
0.609960 0.033650 -0.791717
-0.990066 -0.080924 -0.114984
0.499938 -0.824067 -0.266413
-0.901813 -0.063956 -0.427367
-0.950450 -0.306277 -0.053276
-0.540484 -0.803650 0.249044
-0.719355 -0.694433 0.017092
-0.577736 -0.794366 0.187630
0.913182 0.338234 -0.227368
0.842333 -0.038749 -0.537563
-0.587295 -0.767611 0.256630
0.909957 0.373243 0.180744
-0.902818 0.080876 -0.422348
-0.715112 -0.549344 0.432246
0.893996 0.053160 -0.444910
-0.788978 -0.608045 0.088296
-0.396672 -0.858767 0.324299
-0.747999 -0.654519 -0.110010
-0.909525 -0.359910 -0.207917
-0.364388 -0.881971 0.298911
-0.882162 -0.050628 0.468217
0.502502 -0.733025 -0.458438
0.765347 -0.504669 0.399441
-0.364708 -0.903639 0.224554
-0.817766 -0.315990 0.481050
-0.815362 -0.571429 0.093024
0.403811 -0.892545 -0.200748
-0.745909 -0.507894 0.430887
0.790661 0.572276 0.217615
-0.917709 0.225989 -0.326708
-0.445992 -0.875477 0.186094
-0.821653 0.479933 -0.307491
-0.262933 0.959196 0.103968
-0.441549 -0.896511 0.036096
-0.450258 -0.892507 -0.026434
-0.818116 -0.496935 0.289382
-0.134365 0.920385 -0.367202
0.056949 0.923720 -0.378811
-0.807219 -0.511983 -0.293718
-0.273422 -0.895630 -0.350839
-0.138940 0.925303 0.352861
-0.493623 0.817183 -0.297571
-0.041821 0.943259 -0.329413
-0.205413 -0.926206 0.316145
-0.096122 0.925717 -0.365800
-0.943275 -0.172412 0.283735
0.978203 0.203531 0.041154
-0.705270 0.642909 -0.298768
-0.665110 -0.580754 -0.469418
-0.931366 -0.294303 0.214345
-0.225693 0.959396 -0.169180
0.546067 0.288558 -0.786477
0.238721 -0.967010 -0.088902
-0.029431 -0.929241 0.368299
0.564413 -0.782973 0.261518
-0.579835 0.761668 -0.289228
-0.197125 0.940362 -0.277237
0.439695 -0.764527 -0.471347
0.967042 -0.209614 -0.144541
-0.995005 0.000544 -0.099825
0.793433 -0.568547 0.217297
-0.318151 0.926747 0.199798
-0.118925 0.984300 -0.130421
-0.818006 0.507715 -0.270354
-0.158428 0.963727 -0.214782
0.781274 -0.569379 0.255770
0.227523 -0.867474 -0.442404
-0.631107 -0.734954 0.248085
-0.195878 -0.980221 -0.028272
-0.615185 0.730236 -0.297157
-0.056093 0.935612 -0.348544
0.795605 -0.528372 0.296372
0.518696 -0.841191 -0.152810
-0.681039 -0.586099 0.438946
0.923871 -0.370553 0.095669
-0.880308 0.447974 -0.156134
-0.758830 0.636000 -0.140291
0.433709 -0.615145 -0.658401
-0.292582 -0.931552 0.215887
-0.823608 0.409426 -0.392480
0.192941 -0.981199 0.004777
-0.682385 -0.629340 0.371863
-0.702596 -0.521579 0.484060
-0.370871 -0.896759 -0.241410
-0.744955 -0.449514 -0.492930
-0.358192 0.917131 -0.174839
0.133986 -0.990625 -0.026647
-0.623006 0.741457 -0.249209
0.294275 0.601587 -0.742627
-0.905232 0.265832 -0.331495
0.907593 -0.401616 0.122392
-0.958636 0.136752 0.249634
-0.816197 0.468620 0.337961
-0.795699 -0.358479 0.488217
0.843423 0.521098 0.130747
-0.043399 0.949602 -0.310438
-0.353418 0.927886 0.118839
0.994601 -0.018056 -0.102189
-0.969050 0.044698 -0.242783
-0.417298 0.736938 0.531776
0.153687 0.954558 -0.255342
-0.900856 0.166838 0.400779
0.395699 -0.264621 0.879430
-0.855123 -0.142322 0.498506
0.521244 -0.852795 0.032314
-0.757692 -0.460380 0.462550
-0.749108 -0.493597 0.441813
-0.546464 -0.667098 -0.506317
-0.901145 -0.018824 -0.433109
0.997608 0.040084 -0.056310
0.902303 -0.367499 -0.225375
-0.958491 -0.160798 -0.235453
-0.949601 -0.292180 -0.113528
0.370255 -0.858132 -0.355697
-0.941130 -0.249408 0.228187
-0.591146 -0.601465 -0.537388
-0.867383 -0.282746 0.409513
-0.942701 0.009218 -0.333511
0.311761 -0.792393 -0.524327
-0.923993 -0.353224 0.146526
-0.101037 0.990507 0.093209
-0.695943 -0.567099 0.440525
-0.858958 -0.510897 -0.034281
-0.790940 0.268804 0.549690
-0.539779 0.467990 0.699731
0.896665 0.186483 -0.401517
0.996487 0.010789 0.083053
-0.832326 -0.271200 -0.483408
0.976335 0.024892 0.214825
-0.882797 -0.108333 -0.457092
0.990331 0.006519 -0.138574
0.996469 -0.022765 0.080814
-0.582635 -0.076942 -0.809083
0.855535 0.031314 0.516798
0.542873 -0.144849 -0.827229
0.619792 -0.128262 -0.774213
0.639899 0.431047 0.636182
0.990692 -0.133983 -0.024030
0.338852 -0.093967 0.936135
0.914756 0.272206 0.298537
0.957128 0.243090 0.157524
0.981155 0.083167 0.174410
0.978411 -0.192050 -0.076348
-0.848555 0.416697 0.326064
0.689281 -0.039634 -0.723409
0.977999 0.018706 0.207771
-0.159451 0.007115 0.987180
0.831945 0.151366 -0.533813
0.956495 0.157270 0.245729
-0.945550 0.222735 0.237329
-0.243430 -0.010875 0.969857
-0.745973 -0.050240 -0.664079
-0.115959 -0.093245 0.988868
0.924786 0.216504 0.312884
-0.545927 0.156156 0.823152
0.572078 0.021953 0.819905
0.645268 -0.038558 -0.762983
0.334507 0.096665 -0.937423
0.199360 0.010697 0.979868
0.806086 0.093363 0.584387
0.467190 -0.244547 0.849665
0.600530 0.000239 0.799602
0.920132 0.339816 0.194635
0.851349 -0.066612 -0.520354
0.407127 0.028454 0.912928
0.407656 -0.002970 0.913131
0.714032 -0.152311 0.683344
0.715947 0.020919 -0.697841
-0.138742 0.003457 0.990323
-0.284393 0.050096 0.957398
0.634381 0.027944 -0.772515
0.898678 0.430628 0.083287
-0.350413 -0.008007 -0.936561
0.456249 0.106952 -0.883401
-0.156233 -0.028322 0.987314
0.929448 0.244742 -0.276095
0.601292 -0.026282 -0.798597
-0.146758 -0.016865 -0.989029
-0.134448 -0.060813 0.989053
-0.588209 0.301463 0.750420
0.070042 0.035946 0.996896
0.845119 0.534351 -0.015592
-0.652961 -0.030144 -0.756791
0.399207 -0.022393 -0.916587
0.911314 0.385433 -0.144738
-0.257680 -0.033602 -0.965646
-0.369735 -0.000303 -0.929137
0.906218 0.211165 -0.366303
0.754019 0.626033 -0.198842
-0.098801 -0.154720 0.983006
0.389742 -0.076202 0.917766
0.012818 0.035480 -0.999288
0.307485 0.074546 0.948629
-0.125188 0.079675 0.988929
0.813857 -0.173043 0.554701
0.919397 0.179038 -0.350221
0.884700 0.453414 -0.108264
0.246222 -0.016940 0.969065
0.105372 -0.014557 0.994326
0.272129 -0.015165 0.962141
-0.222163 -0.010515 -0.974953
0.931117 0.292679 0.217626
-0.524051 0.057940 0.849714
0.773773 0.141796 -0.617389
0.933502 0.076898 -0.350230
0.934015 0.336439 -0.120103
0.376326 0.086338 0.922456
-0.250116 -0.003852 -0.968208
-0.738445 -0.243413 0.628848
0.038018 0.076268 0.996362
-0.615812 -0.051302 0.786221
0.210234 0.314994 -0.925516
0.020817 -0.034652 -0.999183
0.629841 -0.067768 0.773762
-0.449092 0.056074 0.891724
-0.206915 -0.163162 0.964658
-0.092686 -0.348747 -0.932623
0.022279 0.118828 -0.992665
-0.075764 -0.002446 0.997123
0.974396 -0.207515 0.086542
0.233755 -0.016186 -0.972161
0.333872 0.123736 0.934462
-0.907727 0.047038 0.416917
0.786974 0.372743 0.491665
-0.487216 0.402690 0.774894
0.910855 -0.381020 -0.158638
-0.228260 0.053168 -0.972147
-0.023205 -0.026200 -0.999387
-0.163803 -0.038784 0.985730
0.963132 0.019932 -0.268289
-0.915539 -0.107005 0.387734
0.926034 -0.363151 0.102870
0.934678 0.268668 0.232798
0.812549 -0.575820 -0.090529
0.899650 -0.432260 -0.061496
-0.834834 -0.182095 0.519512
0.952779 0.070575 -0.295348
-0.887182 -0.163349 0.431538
0.212076 0.696357 0.685646
0.917797 -0.372552 -0.137310
0.788945 0.231649 -0.569126
0.549523 -0.801062 0.237326
-0.302919 0.437171 0.846830
0.827956 -0.468753 -0.307831
0.844864 0.000389 0.534981
0.702863 0.400240 0.588040
0.741791 -0.585407 0.327177
-0.980105 -0.006337 0.198378
0.932485 -0.287341 0.218876
0.847296 -0.520839 -0.103998
0.902047 -0.428428 -0.052540
-0.211624 -0.147147 -0.966211
-0.083845 -0.120552 -0.989160
-0.731092 -0.072940 -0.678369
0.998998 0.037532 0.024392
0.831520 -0.446956 0.329856
0.913752 -0.406178 0.008794
-0.976408 -0.106043 -0.188099
-0.901162 0.051059 -0.430466
-0.972429 -0.014645 0.232738
0.699123 -0.531579 0.478175
0.862415 -0.469924 -0.188181
-0.450213 0.372190 0.811655
-0.317909 0.340128 0.885012
-0.853319 0.019801 -0.521012
-0.980537 -0.036729 -0.192866
0.559947 -0.685795 -0.464914
0.379924 -0.051242 0.923597
0.567075 -0.524243 -0.635292
0.851243 -0.522671 0.046897
0.509427 -0.781431 -0.360347
-0.800622 -0.019659 -0.598847
-0.769722 0.141729 0.622447
-0.908684 -0.026919 -0.416615
-0.014379 0.336117 -0.941710
-0.699120 -0.553793 0.452266
0.687247 0.501516 -0.525522
-0.012714 0.242224 -0.970137
-0.010577 0.908188 -0.418430
0.010238 0.698052 -0.715974
0.556035 0.621396 -0.551989
-0.829022 -0.421860 0.367092
-0.125863 0.541438 -0.831266
-0.769072 -0.473063 0.429814
-0.715709 -0.494254 0.493431
-0.185869 -0.904937 0.382808
-0.027553 0.330731 -0.943323
0.069532 -0.776760 0.625946
0.348822 -0.929195 -0.122149
-0.822258 -0.401801 0.403047
-0.838972 -0.399302 0.369708
0.034470 0.249165 -0.967847
0.193495 0.720809 -0.665578
-0.814493 -0.422496 0.397616
0.091760 0.378037 -0.921232
0.106606 0.506646 -0.855538
-0.753340 -0.497851 0.429677
0.296863 0.789217 -0.537596
0.004263 0.285611 -0.958336
0.200861 0.393044 -0.897313
0.949544 0.249120 -0.190541
0.783212 0.056275 -0.619203
0.799419 0.232246 -0.554068
0.447129 0.299560 -0.842816
0.367936 0.008534 -0.929812
-0.698757 -0.048899 -0.713686
-0.116327 0.010871 0.993151
0.989164 -0.047783 -0.138819
