-0.526270 -0.141676 0.838432
-0.920268 0.330984 0.208705
0.228372 0.203369 0.952096
-0.885654 -0.459048 0.069945
-0.702235 -0.543121 0.460310
-0.872107 -0.489312 0.001754
-0.990192 -0.040625 0.133673
-0.909256 -0.407814 0.083312
-0.684116 -0.556498 0.471482
-0.601022 -0.671844 0.432895
-0.692654 -0.718908 -0.058326
0.302755 0.185436 0.934854
-0.955778 0.247554 -0.158760
-0.878446 0.393718 0.270774
-0.870890 0.317581 0.375090
-0.994792 0.004479 0.101832
-0.805646 0.164520 0.569093
-0.920846 -0.383931 -0.068120
-0.901341 0.421809 0.098289
-0.895390 0.195226 0.400204
-0.989758 0.099868 -0.102007
-0.924887 -0.304576 -0.227635
-0.560582 -0.292566 0.774695
-0.898576 -0.049598 0.436005
-0.959515 -0.071322 0.272477
-0.681547 -0.608505 0.406467
-0.868045 0.352052 -0.350082
-0.942627 0.320559 -0.093257
-0.917183 0.294765 0.268120
-0.823462 -0.518993 0.229252
-0.969179 0.118890 0.215769
-0.951942 0.298572 0.068266
-0.969347 0.180984 0.166169
-0.762759 -0.355750 0.540038
-0.972669 0.209795 -0.099508
0.324826 -0.939436 0.109306
0.020396 0.025146 0.999476
-0.879470 0.125680 -0.459061
-0.897390 -0.311597 0.312407
-0.273120 -0.260469 0.926046
0.948806 0.024962 -0.314873
-0.742081 0.668304 -0.051825
-0.981066 0.193660 -0.002158
-0.999233 0.034529 -0.018480
-0.215442 0.606754 -0.765137
-0.934276 0.300753 -0.191508
-0.808487 -0.339466 0.480740
-0.989646 0.141345 -0.024959
-0.936610 0.341063 -0.080238
-0.315591 -0.129497 0.940017
-0.865709 0.493660 0.082752
-0.046398 -0.036172 0.998268
-0.985643 0.053500 0.160143
-0.797834 -0.572246 0.189723
-0.983611 0.115904 0.138118
-0.915540 -0.242779 0.320694
-0.680375 -0.608188 0.408898
-0.895277 0.445208 0.016419
-0.976037 0.200106 0.085499
-0.981285 0.121858 0.149101
0.068129 0.137600 0.988142
-0.946092 0.192409 -0.260554
-0.256705 -0.379616 0.888816
-0.626010 -0.370899 0.685963
-0.999176 0.003534 0.040441
-0.956778 -0.035839 0.288603
-0.978589 -0.086441 -0.186791
-0.790876 -0.490726 0.365654
-0.941021 0.248627 -0.229487
-0.122213 -0.204534 0.971200
-0.971909 0.231549 0.042174
-0.989644 0.005307 0.143442
0.234098 0.275912 0.932240
-0.969165 -0.122070 0.214052
-0.812622 -0.462733 0.354293
-0.993891 0.043218 0.101556
0.336396 0.066159 0.939394
-0.977311 0.179240 -0.112856
-0.723631 -0.294990 -0.623970
-0.979981 -0.194353 0.043179
-0.038937 -0.037064 0.998554
-0.106008 -0.017669 0.994208
0.270890 0.277957 0.921606
-0.996420 -0.062232 -0.057216
-0.854290 -0.491595 0.168889
-0.914181 -0.342041 0.217443
-0.127535 0.428093 0.894691
-0.951994 -0.067262 -0.298635
0.395427 -0.898378 0.191193
-0.896422 -0.411792 0.163878
-0.982336 -0.129301 0.135269
-0.994461 -0.010863 -0.104542
-0.892063 -0.297799 0.339911
-0.723637 -0.521642 0.451927
-0.956437 -0.272316 0.105221
-0.960262 -0.259467 0.102826
-0.613153 -0.470996 0.634197
-0.744366 -0.529741 0.406563
-0.796344 -0.451166 0.402846
-0.830297 -0.346184 0.436765
-0.896645 -0.390069 -0.209460
-0.120514 -0.193347 0.973701
-0.619646 0.584404 0.523938
-0.062755 -0.040802 0.997195
0.133772 0.144655 0.980398
-0.932930 -0.350759 -0.081293
-0.122019 -0.067210 0.990250
-0.913928 -0.323334 -0.245340
-0.959226 -0.282632 0.001909
-0.954357 -0.293299 -0.056379
-0.886194 -0.463091 0.014410
-0.768947 -0.444660 0.459345
-0.021768 -0.005058 0.999750
-0.985004 -0.051958 0.164520
-0.919114 -0.329315 0.216289
-0.800824 -0.364213 0.475427
0.332349 0.254528 0.908163
-0.908299 -0.396874 0.132225
-0.819149 -0.373335 0.435450
-0.818810 -0.448058 0.358880
-0.844935 -0.491742 0.210414
-0.342326 -0.207057 0.916482
-0.963157 0.216403 0.159684
-0.886992 -0.379487 0.263125
-0.854176 -0.509241 0.105152
-0.894253 -0.440089 0.081440
-0.076458 -0.085054 0.993438
-0.305280 -0.691058 0.655166
-0.363569 -0.546869 0.754157
-0.887136 -0.383094 0.257350
-0.875415 -0.351526 0.331781
-0.347042 -0.083263 0.934146
-0.948599 0.196178 -0.248342
-0.923173 -0.293207 0.248557
-0.826102 -0.411421 0.385081
-0.814193 -0.498743 0.297229
-0.723986 0.502975 0.472080
-0.972133 0.069597 0.223863
0.923813 0.131541 -0.359536
-0.963143 0.255160 0.085143
-0.291013 -0.101940 0.951273
-0.970835 -0.061464 0.231737
-0.983293 -0.162393 0.082237
-0.969384 -0.245090 0.015006
-0.951291 -0.236018 0.198343
-0.911881 0.206620 0.354657
-0.908174 -0.357685 0.217444
-0.847198 0.242569 0.472668
-0.855887 0.122049 0.502555
-0.717738 0.136458 0.682811
-0.848530 -0.430824 0.307225
-0.799094 0.024034 0.600725
-0.840596 -0.137800 0.523841
-0.804637 0.188271 0.563128
-0.737334 0.286193 0.611908
-0.444023 0.190998 0.875422
-0.586907 0.153167 0.795034
-0.941760 0.158579 0.296549
0.499919 0.837470 0.220736
-0.872974 0.110248 0.475144
-0.793316 0.162814 0.586636
-0.626569 0.176268 0.759171
-0.625654 0.273615 0.730542
-0.748166 -0.100573 0.655845
-0.836626 0.187762 0.514590
-0.770214 0.147741 0.620438
-0.748982 0.134649 0.648765
-0.764423 0.106347 0.635884
-0.756659 0.103641 0.645542
-0.822254 0.127275 0.554707
-0.850533 -0.167248 0.498620
-0.547048 0.076279 0.833619
-0.755194 -0.012195 0.655388
-0.894464 -0.358434 0.267319
-0.650784 -0.131849 0.747728
-0.876448 0.110029 0.468757
-0.778210 0.087789 0.621838
-0.539843 -0.057594 0.839793
-0.776143 -0.190374 0.601132
-0.828818 0.074044 0.554598
-0.715506 0.048055 0.696952
-0.681730 -0.055795 0.729473
-0.817713 -0.273507 0.506498
-0.844845 -0.242342 0.476976
0.909933 0.348185 0.225365
-0.665188 -0.130251 0.735227
-0.827852 -0.304197 0.471302
-0.740621 -0.364156 0.564686
-0.633166 0.133889 0.762348
-0.657927 -0.126546 0.742373
-0.814932 -0.516606 0.262684
-0.703602 -0.139787 0.696710
-0.899819 0.025901 0.435494
-0.766354 0.068257 0.638782
-0.621301 -0.042510 0.782418
-0.747026 0.082160 0.659699
-0.802800 -0.386301 0.454185
0.384846 0.112914 0.916048
-0.751721 -0.137950 0.644892
-0.639593 -0.306037 0.705168
-0.741753 -0.271805 0.613127
-0.543614 -0.102574 0.833044
-0.270021 -0.044023 0.961847
-0.941317 0.092679 0.324549
-0.714666 0.038521 0.698404
-0.674131 -0.087044 0.733465
-0.851272 0.003716 0.524711
-0.796017 0.045549 0.603558
-0.851427 -0.130437 0.507994
0.088928 0.041333 0.995180
-0.679012 0.049521 0.732455
-0.683852 0.163196 0.711135
-0.788664 -0.102596 0.606204
-0.740133 -0.157412 0.653778
-0.928248 0.083336 0.362506
-0.895709 -0.087393 0.435968
-0.573800 0.014234 0.818872
-0.867621 0.049581 0.494748
-0.722951 -0.213459 0.657098
-0.666910 0.260322 0.698186
-0.692657 -0.077211 0.717123
-0.844565 -0.107422 0.524566
-0.614480 -0.068423 0.785960
-0.678367 -0.082351 0.730094
-0.338088 0.140176 0.930616
-0.742993 -0.098673 0.661986
-0.701897 0.031013 0.711603
0.086476 -0.011383 0.996189
-0.780268 -0.013877 0.625291
-0.534379 -0.027633 0.844793
-0.907262 -0.174764 0.382534
-0.366388 -0.030660 0.929957
0.297591 0.015009 0.954575
-0.768546 -0.163069 0.618664
-0.065050 -0.619615 0.782205
-0.847437 -0.148489 0.509707
-0.814693 -0.332908 0.474814
-0.848773 -0.002872 0.528749
-0.627758 -0.085460 0.773703
-0.767861 -0.061681 0.637640
-0.502557 -0.078168 0.861003
-0.777869 -0.117133 0.617413
-0.831327 -0.099770 0.546756
-0.666134 -0.009517 0.745771
0.859997 0.168515 -0.481671
-0.803016 -0.188752 0.565278
-0.813463 -0.256633 0.521937
-0.811650 -0.121426 0.571384
-0.529249 -0.199286 0.824731
-0.854487 -0.295603 0.427165
-0.788844 -0.337403 0.513697
-0.462116 -0.080803 0.883131
-0.618725 -0.094308 0.779927
-0.864359 0.076285 0.497056
-0.784846 -0.169641 0.596019
-0.721417 -0.118855 0.682225
-0.378418 0.212228 0.900977
-0.506601 0.156268 0.847901
-0.701356 0.184383 0.688551
0.185080 -0.097573 0.977868
0.202590 0.005299 0.979249
0.065685 -0.029515 0.997404
0.366454 -0.188453 0.911152
0.367085 -0.164946 0.915446
-0.264225 -0.041524 0.963567
0.450874 -0.891719 0.039363
0.331159 -0.127578 0.934910
0.576445 -0.210320 0.789606
0.041693 -0.001814 0.999129
0.518564 0.047496 0.853719
-0.936877 0.241643 0.252725
0.642111 -0.177109 0.745872
0.463436 0.566510 -0.681391
-0.012605 0.003978 0.999913
0.322362 -0.106171 0.940644
0.440676 0.059637 0.895683
0.061182 -0.011933 0.998055
-0.044558 -0.000953 0.999006
0.485818 -0.130410 0.864277
0.659548 -0.139186 0.738663
-0.007495 -0.000945 0.999971
-0.378636 -0.048513 0.924273
0.507589 0.060235 0.859491
-0.307560 0.082378 0.947956
-0.128895 -0.024233 0.991362
0.614866 -0.109064 0.781054
0.539951 -0.119022 0.833238
-0.244127 -0.071165 0.967128
0.377984 -0.031368 0.925281
-0.072827 -0.007023 0.997320
-0.057846 0.154883 0.986238
0.494694 0.392489 0.775391
-0.268179 0.028395 0.962951
0.076265 -0.004072 0.997079
0.584957 -0.096138 0.805346
0.723261 -0.069249 0.687094
-0.183011 -0.012746 0.983028
0.517338 0.098500 0.850093
0.240585 0.402506 -0.883237
-0.205141 -0.059997 0.976892
0.191495 0.027403 0.981111
0.592254 -0.065773 0.803062
-0.179002 -0.033214 0.983288
0.684879 -0.044872 0.727274
-0.121975 -0.011074 0.992471
-0.770475 0.149168 0.619772
0.563585 -0.041258 0.825027
-0.073620 -0.575381 -0.814565
-0.068335 0.366007 0.928100
0.093524 -0.016785 0.995476
-0.196075 -0.048082 0.979409
0.436936 -0.508356 -0.742065
0.644100 -0.041301 0.763825
0.716707 -0.023844 0.696967
0.190136 0.022524 0.981499
-0.001364 0.006994 0.999975
0.131002 0.028770 0.990965
0.427902 -0.005720 0.903807
0.540037 -0.027503 0.841192
0.663912 -0.010444 0.747737
-0.506431 0.063565 0.859935
-0.354921 -0.789530 -0.500673
0.057793 0.013050 0.998243
0.370718 0.733593 -0.569569
0.052404 0.003297 0.998621
0.718048 -0.072593 -0.692198
-0.497843 0.210547 0.841322
-0.371247 -0.014742 0.928417
0.506586 0.004701 0.862177
-0.496349 -0.085851 0.863868
-0.172114 -0.013780 0.984981
0.084860 0.076984 0.993414
-0.279171 -0.119656 0.952757
-0.331329 -0.264243 0.905757
0.483823 0.000468 0.875166
0.190695 0.340343 0.920762
0.016626 0.020301 0.999656
0.494667 0.021150 -0.868825
-0.022499 -0.021067 0.999525
0.344751 -0.851300 -0.395519
-0.071917 -0.071249 0.994863
-0.223988 -0.147970 0.963293
-0.344491 -0.166477 0.923911
0.601224 0.728149 0.329134
-0.323091 -0.257333 0.910710
-0.200954 -0.152662 0.967632
-0.337264 -0.180116 0.924019
-0.325735 -0.597683 -0.732579
-0.555345 -0.205055 0.805943
-0.232960 -0.074247 0.969648
-0.493865 -0.546384 0.676433
-0.652148 -0.554674 0.516759
-0.130042 -0.169638 0.976889
0.064663 0.073641 0.995186
-0.631787 -0.300531 0.714511
0.775720 0.379776 -0.504013
0.040967 0.032477 0.998633
-0.370208 -0.355407 0.858273
-0.681753 -0.479079 0.552899
0.276995 0.128489 0.952242
0.353287 0.217235 -0.909943
0.085474 0.810131 0.579984
0.500696 0.048446 -0.864267
-0.344105 -0.203338 0.916649
-0.100199 -0.027086 0.994599
0.239921 0.082788 0.967256
-0.643034 -0.546119 0.536899
-0.472413 -0.480388 0.738954
-0.461811 -0.071868 0.884062
-0.445788 -0.186407 0.875514
-0.419591 -0.452702 0.786768
0.051168 0.015825 0.998565
-0.489192 -0.415276 0.766966
-0.026592 -0.027112 0.999279
-0.650334 -0.302751 0.696712
0.294504 0.202566 0.933935
-0.366152 -0.491832 0.789958
-0.544329 -0.402317 0.736102
-0.338988 -0.314877 0.886532
0.006293 0.008720 0.999942
0.637679 0.487977 -0.596023
-0.298948 -0.321187 0.898593
-0.283666 -0.118791 0.951537
0.031413 0.014822 0.999397
-0.158888 -0.111872 0.980938
-0.725827 -0.495141 0.477505
0.132160 0.188611 0.973119
0.091524 0.036648 0.995128
0.147405 0.073535 0.986339
0.163602 0.603164 -0.780658
-0.273565 -0.091313 0.957509
-0.102517 -0.064818 0.992617
0.155429 -0.967219 0.200820
-0.263960 -0.251418 0.931190
-0.342884 -0.073891 0.936467
0.328255 0.230791 0.915961
-0.310908 -0.142018 0.939770
-0.258851 -0.316066 0.912742
-0.059790 -0.006889 0.998187
-0.205022 -0.238501 0.949254
0.076232 0.037353 0.996390
-0.162070 -0.042417 0.985867
-0.263233 -0.079045 0.961488
-0.566108 -0.229368 0.791778
-0.568068 -0.394752 0.722129
-0.426566 -0.327201 0.843197
0.364274 0.612667 0.701387
-0.544446 -0.625157 0.559247
-0.347962 -0.241650 0.905830
0.141118 0.088411 0.986037
-0.400783 -0.495608 0.770549
-0.509281 -0.430017 0.745465
-0.666325 -0.479395 0.571132
-0.271951 -0.192488 0.942863
-0.409284 -0.115429 0.905076
-0.320020 -0.390967 0.862978
-0.073352 -0.025878 0.996970
-0.104683 -0.045847 0.993448
0.554244 0.319365 -0.768648
-0.159793 -0.190917 0.968513
-0.375161 -0.233302 0.897120
-0.393485 -0.291338 0.871947
-0.355964 -0.709056 0.608711
-0.435321 -0.445566 0.782283
0.007897 0.003772 0.999962
0.037861 0.021597 0.999050
0.107592 0.087994 0.990293
-0.519120 0.500332 -0.692952
-0.427741 -0.412016 -0.804538
0.124438 -0.955304 -0.268161
-0.657568 -0.753315 -0.010960
-0.949026 0.114822 -0.293540
0.704764 -0.161661 -0.690777
-0.434229 -0.583424 -0.686339
-0.082694 -0.995088 0.054426
-0.826819 -0.514391 0.227536
-0.876148 -0.466843 0.120095
-0.891519 -0.335858 -0.303961
-0.852356 -0.171966 -0.493879
-0.165192 -0.438878 0.883232
-0.733167 -0.568065 0.373856
-0.811959 0.014669 -0.583530
-0.296784 -0.627515 0.719822
-0.744986 -0.667056 0.005704
-0.724486 -0.662938 0.188767
-0.693334 -0.693229 0.196776
-0.396749 -0.727391 0.559904
-0.472436 -0.837851 0.273512
-0.205119 0.696062 -0.688058
0.645683 -0.362199 0.672239
-0.132209 -0.508344 0.850945
-0.653850 -0.674815 0.342205
-0.327732 -0.739291 0.588252
-0.534791 -0.665861 0.520218
-0.688117 -0.611774 0.390163
-0.717112 -0.681487 0.146034
-0.926738 0.245840 -0.284112
-0.805945 -0.341505 -0.483557
-0.675125 -0.707680 0.208317
0.206419 -0.397045 0.894285
-0.296926 0.782381 -0.547463
-0.783457 -0.091993 -0.614599
-0.255612 0.510345 0.821103
-0.233671 -0.924446 0.301326
-0.817667 -0.237774 -0.524293
-0.522926 -0.561376 0.641409
-0.699369 -0.714043 -0.032017
-0.479672 0.825829 0.296515
-0.586433 -0.598722 -0.545553
-0.678059 0.387514 -0.624555
-0.494918 -0.828207 0.262925
-0.700803 -0.175212 -0.691502
-0.818326 0.467022 -0.335012
-0.670505 0.525425 -0.523787
-0.957305 0.036646 -0.286748
-0.562767 0.305115 -0.768244
-0.635753 0.298262 -0.711939
-0.662764 0.668982 -0.336462
-0.478451 0.179116 -0.859652
-0.586869 0.696219 -0.413357
-0.666236 0.504785 -0.548928
-0.261576 -0.920949 -0.288844
0.997118 0.007796 -0.075462
-0.609801 0.571781 -0.548825
-0.548997 -0.702144 0.453427
-0.866392 -0.426302 -0.260061
-0.455281 0.830428 -0.321106
-0.449857 -0.891055 -0.060408
-0.550708 -0.469267 -0.690296
-0.826599 0.226692 -0.515117
0.875837 0.339934 -0.342570
-0.493398 0.014009 -0.869691
-0.673619 -0.523908 -0.521304
-0.753971 0.492133 -0.435125
-0.609812 0.789592 -0.068369
-0.762059 -0.195060 -0.617428
0.943236 -0.273220 -0.188828
-0.809167 0.185094 -0.557664
0.498383 0.841266 -0.209488
-0.082830 -0.929764 0.358716
0.784402 -0.095155 -0.612910
-0.257931 -0.589608 0.765398
-0.011454 -0.092714 0.995627
0.081959 0.191445 0.978075
0.038145 0.172394 0.984289
-0.209642 -0.967704 -0.139999
0.220940 0.684582 -0.694646
-0.088391 -0.745841 0.660234
0.183987 0.487074 0.853761
0.208222 0.429174 0.878893
-0.101222 -0.238681 0.965808
0.549261 0.797074 0.250968
0.235221 0.540385 0.807871
0.846229 0.527176 -0.077340
-0.338979 -0.671926 0.658490
0.154403 0.405227 0.901083
0.235356 0.510245 0.827199
-0.013778 -0.029393 0.999473
0.438456 0.791183 0.426364
-0.179553 -0.340842 0.922815
-0.425132 -0.581322 0.693777
0.442162 0.680494 0.584313
0.638324 0.769318 0.026315
0.274026 0.504271 0.818914
0.056240 0.200258 0.978128
0.522553 0.813006 0.256827
0.451904 -0.742284 0.494770
-0.312271 -0.913631 0.260316
0.327598 0.603108 0.727283
0.688318 0.667996 -0.282842
0.570222 -0.014799 -0.821357
0.759705 0.609289 -0.227188
0.491490 -0.028680 -0.870411
0.566185 0.607248 -0.557390
-0.249916 -0.129276 -0.959599
0.340275 0.814514 -0.469872
0.266517 -0.795049 -0.544854
0.700698 0.313825 0.640731
0.143487 -0.813755 0.563217
0.350504 0.828539 -0.436658
-0.071917 0.519786 -0.851264
-0.075407 -0.935186 0.346037
0.717881 0.399515 -0.570118
-0.219731 -0.903082 0.369001
0.051702 -0.731909 0.679439
0.438990 0.097260 -0.893213
0.143254 0.328493 0.933579
0.491882 -0.647950 -0.581561
0.857431 0.047370 -0.512414
0.117031 -0.732971 0.670117
-0.119923 -0.938141 0.324822
0.290172 -0.519678 0.803576
0.746119 0.441489 -0.498391
0.048543 0.115885 0.992076
0.110646 -0.253408 0.961011
0.578594 0.358921 -0.732397
0.427477 -0.791121 -0.437483
-0.167648 -0.952483 0.254303
0.378643 -0.895656 0.233303
-0.032714 -0.170073 0.984888
0.413198 0.494635 0.764594
0.427042 -0.718231 0.549344
0.296805 -0.657790 0.692257
0.234569 -0.910099 0.341610
0.108491 -0.324390 0.939681
-0.082937 0.280811 0.956173
0.301365 0.888519 0.345997
0.017733 0.249619 0.968182
0.559565 -0.669232 -0.488892
0.809534 0.379514 0.447911
0.487925 -0.851677 0.191248
0.525747 -0.551066 -0.648010
-0.062001 -0.199085 0.978019
0.527603 0.848968 -0.029819
0.905875 0.422145 0.034414
0.440527 -0.827368 -0.348422
0.306916 -0.839078 0.449167
0.501668 -0.616340 -0.607005
0.238841 0.766320 -0.596414
0.113712 -0.505414 0.855351
-0.095868 0.467992 0.878518
0.345832 0.716448 0.605890
0.488575 -0.675071 -0.552788
0.504975 -0.748304 -0.430165
0.179467 -0.904897 0.385944
0.219064 -0.239298 0.945911
0.523829 0.130030 -0.841841
0.712162 -0.517093 -0.474805
0.314181 -0.876694 0.364278
0.657587 0.541026 0.524281
0.338287 -0.869627 -0.359598
0.217995 -0.912420 -0.346364
0.019116 -0.197885 0.980039
0.203383 -0.729717 0.652800
0.272260 -0.721018 -0.637187
0.373680 -0.912352 -0.167263
0.508273 0.689836 -0.515543
0.608526 0.682838 -0.404264
-0.263414 0.779049 -0.568943
-0.287456 0.949805 0.123450
0.530745 0.847226 -0.022749
-0.117072 -0.990264 0.075305
0.115559 -0.993301 0.000242
0.598213 -0.655541 -0.460877
0.690977 0.059382 -0.720433
0.565080 0.721941 -0.399358
0.096625 -0.408700 0.907539
0.495209 -0.715251 -0.493137
-0.001054 -0.060288 0.998180
0.643170 0.726352 0.242374
0.184580 0.009476 0.982772
0.404754 0.344548 0.847031
0.763966 0.267660 0.587124
0.766873 0.391836 -0.508302
0.577485 0.769446 0.272881
0.043704 0.038239 0.998312
0.823909 0.312502 0.472775
0.880200 0.457020 -0.127986
0.818730 0.497061 0.287422
0.305969 0.213039 0.927899
0.743293 0.647988 -0.166214
0.841897 0.458220 0.285033
0.515142 0.200749 0.833264
0.822622 0.278594 0.495659
0.760266 0.140672 0.634198
0.877589 0.422897 0.225820
0.807869 0.491429 0.325338
0.832339 0.251936 0.493700
0.864158 0.422132 0.273928
0.717490 0.405547 0.566340
0.150575 -0.000088 0.988599
0.841651 0.515352 0.161355
0.675618 0.121595 0.727155
0.920929 0.217629 -0.323307
0.754363 0.575665 0.315508
0.600898 0.564905 0.565512
0.907032 0.030502 0.419956
0.635270 0.494123 0.593527
0.820470 0.306042 0.482873
0.809004 0.150744 0.568145
0.749176 0.051190 0.660390
0.280307 0.127671 0.951382
0.868690 0.406376 0.283261
0.886779 0.245225 0.391775
-0.915607 0.345162 0.206220
0.736297 0.462762 0.493678
0.769320 0.201438 0.606275
0.985379 0.153382 -0.074177
0.810072 0.390376 0.437481
0.704523 0.528783 0.473325
0.901808 0.388372 0.189499
0.853155 0.472527 0.221009
0.507501 0.250185 0.824530
0.891357 0.417045 0.177642
0.702613 0.577469 0.415770
0.869790 0.189473 0.455592
0.846071 0.440961 0.299527
0.694143 0.059973 0.717334
0.463384 0.184256 0.866790
0.374930 0.382622 0.844410
0.772435 0.454335 0.443762
0.856189 0.163564 0.490089
0.276061 0.249443 0.928207
0.353038 0.206194 0.912605
0.806851 0.510510 0.297273
0.894786 0.426501 0.132116
0.864078 0.267454 0.426423
0.901746 0.321492 0.288960
0.645528 0.452409 0.615321
0.870836 0.313496 0.378636
0.637460 0.200675 0.743891
0.584721 -0.198405 0.786598
0.720371 0.182716 0.669089
0.514503 0.146161 0.844940
0.303669 0.351822 0.885441
0.680041 0.515914 0.520938
0.715131 0.393205 0.577908
0.648754 0.323523 0.688805
0.657863 0.481937 0.578752
0.448109 0.466132 0.762837
0.456152 0.455006 0.764785
0.526002 0.410643 0.744778
0.650234 0.298769 0.698522
0.151937 0.059085 0.986622
0.703652 0.481681 0.522357
0.588974 0.129852 0.797652
0.618451 0.513503 0.594838
0.608506 0.365994 0.704109
0.654380 -0.425424 0.625141
0.731783 -0.362060 0.577413
0.936064 -0.330843 0.119696
0.803353 -0.305804 0.510987
0.973305 0.185656 -0.134942
0.906518 0.054962 -0.418574
0.617126 0.095965 -0.780991
0.935075 -0.264933 0.235469
0.960529 0.278090 -0.007057
0.706365 -0.319772 0.631502
0.921330 -0.270713 0.279043
0.905990 -0.310759 0.287420
0.999320 -0.034259 0.013669
0.946339 -0.257444 0.195356
0.791099 0.611618 -0.009215
0.835917 0.304607 -0.456572
0.890715 -0.324353 0.318468
0.613418 -0.297684 0.731507
0.865824 -0.214160 0.452199
0.893223 -0.269288 -0.360052
0.815676 0.558928 -0.149235
0.928945 0.310997 -0.200852
0.916332 -0.331104 0.225180
0.818541 0.574447 0.000904
0.858854 -0.243242 0.450780
0.949854 -0.309605 0.043844
0.889687 0.115757 -0.441653
0.887964 0.455363 -0.064542
0.910332 -0.218502 0.351501
0.848798 -0.020212 -0.528332
0.517698 0.751633 0.408702
0.738089 0.674424 0.019412
0.965368 0.151462 -0.212422
0.877683 -0.478645 0.023886
0.635517 -0.221539 0.739621
0.943508 -0.056926 0.326424
0.823477 -0.232692 0.517437
0.939389 -0.237170 0.247587
0.861520 -0.068559 -0.503073
0.819044 -0.141624 0.555976
0.847485 -0.119723 0.517142
0.843925 0.430518 -0.320069
0.929285 -0.314363 0.193921
0.898225 -0.430366 -0.089319
0.919593 -0.057206 0.388685
0.912409 0.243401 0.329038
0.786696 0.411975 -0.459768
0.933424 -0.100102 0.344528
0.653669 -0.575980 -0.490881
0.812980 -0.352400 -0.463549
0.698627 -0.632841 -0.333815
0.926856 -0.362322 -0.098294
0.866607 0.457219 0.199859
0.953403 -0.181484 0.241012
0.793364 0.008810 0.608684
0.974271 -0.076351 -0.212054
0.798601 -0.477031 -0.366984
0.603206 -0.795349 -0.059678
0.996624 0.081164 0.012337
0.908135 -0.412143 -0.073686
0.837651 -0.545788 0.021355
0.956709 -0.185694 0.224112
0.956627 -0.281726 0.074132
0.877745 0.462866 -0.123771
0.913560 0.387597 0.123196
-0.878336 0.447419 0.168353
0.478767 -0.638719 0.602346
0.896235 0.072835 -0.437559
0.885721 -0.035986 0.462821
0.961822 -0.092560 0.257547
0.892957 -0.371661 -0.253960
0.694399 -0.640912 0.327172
0.837425 0.470871 -0.277490
0.692463 -0.312787 0.650122
0.833738 -0.044100 0.550396
0.942035 -0.094411 0.321958
0.918271 -0.395433 -0.020255
0.603270 -0.624442 0.496123
0.911132 0.235482 0.338211
0.807713 0.153599 -0.569217
0.907468 -0.406215 0.107194
0.798173 -0.547310 0.251736
0.692906 -0.690668 0.207027
-0.311441 0.560603 0.767287
0.903588 -0.085064 -0.419872
0.907278 -0.017405 0.420170
0.990252 -0.054970 -0.127979
0.908747 -0.412504 0.063389
0.842200 -0.534697 0.069274
0.778519 -0.024036 0.627161
0.855459 0.047540 0.515683
0.983846 -0.136811 0.115459
0.853026 -0.106286 -0.510931
0.558756 -0.757473 0.337679
0.625710 -0.726659 0.283644
0.941739 -0.012590 0.336107
0.874895 -0.461695 0.146278
0.855922 -0.516456 -0.025887
0.692097 -0.718887 -0.064829
0.863636 -0.053012 -0.501321
0.886966 0.450817 0.100276
0.778609 -0.510817 -0.364463
0.999519 0.024984 0.018392
0.968039 0.249519 -0.025297
0.969330 0.010420 0.245543
0.594516 -0.142007 -0.791445
0.719457 -0.218608 -0.659237
0.869503 -0.373067 -0.323707
-0.198889 0.556603 0.806620
0.752668 0.599560 -0.272065
0.988510 -0.129660 -0.077689
0.882490 -0.442157 -0.160339
0.863540 -0.032197 -0.503252
0.789690 0.044555 0.611886
0.897742 0.074545 0.434169
0.960915 -0.274820 0.033428
0.939536 0.341998 0.017577
0.949414 0.198063 0.243687
0.990978 0.066898 0.116130
0.905623 0.311725 -0.287534
0.950406 -0.304081 -0.065295
0.843424 0.219873 0.490196
0.895334 -0.375373 -0.239731
0.931889 0.109846 0.345712
0.776745 0.479526 -0.408317
0.989604 -0.083595 -0.117029
0.957035 0.079362 -0.278902
0.889948 -0.281994 -0.358429
0.955615 0.292195 -0.037717
0.783640 0.618145 0.061688
0.697438 0.544174 -0.466321
0.552315 -0.536214 0.638296
0.568566 -0.447562 0.690233
0.411180 -0.220292 0.884535
-0.054922 0.053639 0.997049
0.265712 -0.207965 0.941354
-0.350978 0.306036 0.884961
-0.585797 0.507636 0.631781
0.164081 -0.117236 0.979456
-0.373256 0.404171 0.835060
0.418119 -0.796813 0.436194
-0.522014 0.332817 0.785324
-0.547864 0.442064 0.710229
-0.589802 0.520989 0.617012
-0.002735 0.003280 0.999991
-0.088151 0.067987 0.993784
-0.289801 0.236175 0.927489
-0.311434 0.290603 0.904742
-0.363312 0.387338 0.847333
-0.179727 0.264881 0.947384
0.698824 0.205131 -0.685249
-0.099559 0.098856 0.990109
-0.002912 0.002972 0.999991
0.622171 -0.652929 0.431957
-0.054222 0.047026 0.997421
-0.096476 0.111727 0.989045
0.043081 -0.050975 0.997770
0.425960 -0.246186 0.870603
0.139591 -0.213014 0.967026
0.415834 -0.257329 0.872275
0.080389 -0.112403 0.990406
-0.023369 0.023342 0.999454
0.008278 -0.008281 0.999931
0.002200 -0.001664 0.999996
0.004837 -0.004588 0.999978
0.164090 -0.127220 0.978207
-0.467632 0.224840 -0.854850
0.075121 -0.068655 0.994808
0.180889 -0.118966 0.976282
0.593986 -0.704101 0.389129
0.050512 -0.042512 0.997818
-0.005265 0.005370 0.999972
-0.478377 0.770496 0.421298
0.040925 -0.040961 0.998322
-0.016958 0.015762 0.999732
0.075994 -0.111455 0.990860
-0.155369 0.124196 0.980018
0.004674 -0.002964 0.999985
0.051765 -0.044281 0.997677
0.007063 -0.005802 0.999958
0.033943 -0.037198 0.998731
-0.048880 0.037158 0.998113
0.216268 -0.303010 0.928123
-0.004267 0.003951 0.999983
0.102237 -0.161215 0.981610
-0.044307 0.068443 0.996671
-0.041673 0.048327 0.997962
-0.121911 0.067097 0.990271
0.005403 -0.005118 0.999972
-0.027934 0.027734 0.999225
-0.187198 0.119029 0.975084
-0.024348 0.023517 0.999427
-0.014859 0.015431 0.999771
-0.281194 0.190962 0.940459
-0.230067 0.103212 0.967686
0.085481 -0.379975 0.921039
-0.229480 0.509345 0.829401
0.038843 -0.030146 0.998790
-0.158854 0.209010 0.964925
-0.058512 0.064180 0.996222
-0.088366 0.115387 0.989382
-0.466984 0.286233 0.836658
-0.375223 0.209099 0.903042
0.069053 -0.052764 0.996217
0.021342 -0.020194 0.999568
-0.052931 0.069597 0.996170
0.011776 -0.010826 0.999872
-0.017628 0.012787 0.999763
-0.097749 0.089982 0.991135
-0.412112 0.225358 0.882824
-0.749306 0.308397 0.586031
-0.606793 0.319335 0.727892
-0.339858 0.746274 0.572339
-0.035422 0.040894 0.998535
-0.530850 0.196816 0.824295
-0.095265 0.123384 0.987776
-0.285768 0.170100 0.943082
0.366062 -0.555763 0.746409
-0.032007 0.027296 0.999115
0.004485 -0.004906 0.999978
0.057014 -0.070177 0.995904
0.232774 -0.610772 0.756818
-0.361627 0.490935 0.792596
-0.045306 0.062176 0.997036
-0.009588 0.007648 0.999925
0.138253 -0.157821 0.977742
0.179689 -0.431700 0.883938
-0.035428 0.026994 0.999008
-0.050177 0.049080 0.997534
-0.831827 0.554463 -0.025206
-0.364001 0.403806 0.839312
0.262748 -0.389258 0.882860
-0.097844 0.221406 0.970261
-0.026021 0.024934 0.999350
0.020413 -0.018990 0.999611
0.258963 -0.263978 0.929114
-0.531631 0.331711 0.779318
-0.465537 0.581379 0.667288
-0.705991 0.511730 0.489601
-0.477789 0.671357 0.566566
-0.747977 0.610799 0.259723
0.045577 -0.038196 0.998230
0.126420 -0.121552 0.984501
-0.829515 0.212954 0.516290
-0.715037 0.491494 0.497148
0.041524 -0.061159 0.997264
0.196231 -0.168238 0.966017
-0.306420 0.828635 0.468476
-0.499821 0.370051 0.783097
0.067440 -0.118809 0.990624
0.116884 -0.108102 0.987245
-0.799780 0.575111 -0.172045
-0.490451 0.825329 0.279805
-0.309618 0.273750 0.910603
-0.820433 0.571578 -0.013700
-0.698502 0.650058 0.299197
-0.555923 0.634838 0.536591
-0.212554 0.303133 0.928941
-0.128816 0.245723 0.960743
0.025226 -0.021998 0.999440
0.248159 -0.235294 0.939710
-0.750479 0.637481 -0.174357
-0.363565 0.500995 0.785382
-0.346836 0.331354 0.877445
-0.890812 0.268308 -0.366693
-0.865651 0.306690 0.395714
-0.630933 0.711027 -0.310424
-0.180241 0.282830 0.942083
-0.116967 0.200702 0.972644
-0.041253 0.092310 0.994875
-0.284314 0.318258 0.904366
-0.208619 0.207501 0.955731
-0.096661 0.244797 0.964744
-0.236377 0.602062 0.762658
-0.102920 0.207281 0.972853
-0.644696 0.712600 0.276710
-0.279118 0.655094 0.702101
-0.477231 0.596526 0.645296
-0.111615 0.117266 0.986808
-0.740540 0.647838 0.178624
0.274589 -0.138361 0.951555
0.881276 -0.470775 -0.041529
0.312557 -0.197802 0.929076
0.234621 -0.158470 0.959083
0.891313 -0.381519 0.244959
0.320263 -0.065714 0.945047
0.446178 -0.255091 0.857819
-0.116883 0.063992 0.991082
0.387207 -0.111990 0.915166
0.792485 -0.514161 0.328034
0.758600 -0.521130 0.391088
-0.086937 0.010072 0.996163
0.291167 -0.295586 0.909863
0.759221 -0.417589 0.499202
0.960555 0.132700 0.244388
0.046676 -0.029437 0.998476
-0.489046 0.214107 0.845572
0.255465 -0.265410 0.929675
-0.062745 0.009339 0.997986
0.532225 -0.368864 0.762021
0.292273 -0.161834 0.942542
0.197993 -0.055297 0.978642
0.843869 -0.505901 0.178745
0.821661 -0.475464 0.314337
0.189126 -0.069515 0.979489
0.392643 -0.538746 0.745375
0.037433 -0.029131 0.998874
0.343264 -0.375246 0.861023
0.284246 -0.261327 0.922449
0.388018 -0.376289 0.841338
-0.006450 0.006165 0.999960
-0.008300 0.007797 0.999935
-0.008321 0.008527 0.999929
0.312578 -0.319670 0.894487
