-0.461475 0.875767 -0.141676
0.384930 0.861556 0.330984
-0.969523 0.136621 0.203369
-0.437133 0.773427 -0.459048
-0.706699 0.453427 -0.543121
-0.427482 0.760153 -0.489312
-0.046433 0.998095 -0.040625
-0.404507 0.818573 -0.407814
-0.720334 0.414040 -0.556498
-0.712025 0.204072 -0.671844
-0.470511 0.511655 -0.718908
-0.861788 0.472159 0.185436
0.204190 0.947113 0.247554
0.474284 0.787426 0.393718
0.442589 0.838605 0.317581
0.004961 0.999978 0.004479
0.307595 0.937186 0.164520
-0.330994 0.861998 -0.383931
0.421636 0.802683 0.421809
0.291438 0.936457 0.195226
0.089696 0.990950 0.099868
-0.229464 0.924435 -0.304576
-0.727935 0.620093 -0.292566
-0.079022 0.995638 -0.049598
-0.094066 0.993008 -0.071322
-0.698739 0.376146 -0.608505
0.226354 0.908198 0.352052
0.276392 0.906008 0.320559
0.369396 0.881283 0.294765
-0.554489 0.650529 -0.518993
0.146929 0.981976 0.118890
0.305048 0.904323 0.298572
0.210397 0.960717 0.180984
-0.589943 0.724851 -0.355750
0.185593 0.959969 0.209795
0.342602 0.009154 -0.939436
-0.978219 -0.206046 0.025146
0.075755 0.989174 0.125680
-0.406671 0.858793 -0.311597
-0.961941 0.082614 -0.260469
-0.018012 0.999526 0.024962
0.471500 0.575377 0.668304
0.189584 0.962577 0.193660
0.033877 0.998829 0.034529
0.074057 0.791433 0.606754
0.235824 0.924086 0.300753
-0.528549 0.778074 -0.339466
0.136475 0.980508 0.141345
0.295715 0.892316 0.341063
-0.681332 0.720429 -0.129497
0.465921 0.734314 0.493660
-0.968950 0.244597 -0.036172
0.062787 0.996592 0.053500
-0.563459 0.595860 -0.572246
0.132274 0.984413 0.115904
-0.327207 0.913233 -0.242779
-0.700041 0.374233 -0.608188
0.405238 0.798481 0.445208
0.213571 0.956214 0.200106
0.140530 0.982549 0.121858
-0.790568 -0.596714 0.137600
0.144410 0.970631 0.192409
-0.876471 -0.296126 -0.379616
-0.739360 0.561943 -0.370899
0.003680 0.999987 0.003534
-0.048201 0.998195 -0.035839
-0.071276 0.993704 -0.086441
-0.611817 0.620377 -0.490726
0.190293 0.949723 0.248627
-0.867948 -0.452583 -0.204534
0.234954 0.944024 0.231549
0.006131 0.999967 0.005307
-0.953218 -0.123482 0.275912
-0.150527 0.981041 -0.122070
-0.582349 0.668392 -0.462733
0.047809 0.997921 0.043218
-0.367219 0.927779 0.066159
0.157409 0.971131 0.179240
-0.131446 0.946416 -0.294990
-0.199058 0.960522 -0.194353
-0.998063 0.049966 -0.037064
-0.323406 0.946095 -0.017669
-0.960485 0.014457 0.277957
-0.058654 0.996337 -0.062232
-0.505305 0.709226 -0.491595
-0.399572 0.850500 -0.342041
0.518441 -0.740240 0.428093
-0.049308 0.996516 -0.067262
0.439219 0.002132 -0.898378
-0.441489 0.797192 -0.411792
-0.146886 0.980666 -0.129301
-0.009780 0.999893 -0.010863
-0.402454 0.865648 -0.297799
-0.688740 0.503514 -0.521642
-0.291081 0.917123 -0.272316
-0.277712 0.924961 -0.259467
-0.789477 0.393560 -0.470996
-0.664471 0.527117 -0.529741
-0.601660 0.659131 -0.451166
-0.510330 0.787223 -0.346184
-0.289181 0.874197 -0.390069
-0.885999 -0.421453 -0.193347
0.760665 0.282597 0.584404
-0.912705 0.406576 -0.040802
-0.987178 -0.067488 0.144655
-0.302632 0.886218 -0.350759
-0.841078 0.536722 -0.067210
-0.237288 0.916051 -0.323334
-0.271627 0.919966 -0.282632
-0.264973 0.918567 -0.293299
-0.416388 0.782411 -0.463091
-0.632418 0.634291 -0.444660
-0.440865 0.897559 -0.005058
-0.061257 0.996769 -0.051958
-0.386211 0.861622 -0.329315
-0.556014 0.747126 -0.364213
-0.921109 0.294575 0.254528
-0.415407 0.818491 -0.396874
-0.541700 0.753115 -0.373335
-0.572239 0.686867 -0.448058
-0.526213 0.693750 -0.491742
-0.848697 0.486663 -0.207057
0.248038 0.944271 0.216403
-0.456797 0.804566 -0.379487
-0.486095 0.710201 -0.509241
-0.428444 0.789150 -0.440089
-0.991088 -0.102518 -0.085054
-0.611791 -0.384904 -0.691058
-0.808744 -0.216489 -0.546869
-0.457627 0.802382 -0.383094
-0.460524 0.815075 -0.351526
-0.438785 0.894726 -0.083263
0.149073 0.969170 0.196178
-0.360215 0.885593 -0.293207
-0.552717 0.724732 -0.411421
-0.577817 0.646052 -0.498743
0.689777 0.520791 0.502975
0.087172 0.993759 0.069597
-0.089383 0.987273 0.131541
0.268627 0.928834 0.255160
-0.608812 0.786737 -0.101940
-0.077671 0.995083 -0.061464
-0.173988 0.971266 -0.162393
-0.241206 0.939016 -0.245090
-0.280073 0.930513 -0.236018
0.291958 0.933846 0.206620
-0.415101 0.836512 -0.357685
0.389706 0.888420 0.242569
0.209994 0.970055 0.122049
0.308779 0.941294 0.136458
-0.527686 0.732078 -0.430824
0.048100 0.998553 0.024034
-0.243268 0.960121 -0.137800
0.346761 0.918864 0.188271
0.543736 0.788952 0.286193
0.680758 0.707170 0.190998
0.438585 0.885541 0.153167
0.212301 0.964252 0.158579
-0.537260 0.099975 0.837470
0.183371 0.976842 0.110248
0.312467 0.935872 0.162814
0.458600 0.870985 0.176268
0.635307 0.722163 0.273615
-0.218637 0.970610 -0.100573
0.323616 0.927372 0.187762
0.299799 0.942493 0.147741
0.287129 0.948381 0.134649
0.223263 0.968940 0.106347
0.221243 0.969696 0.103641
0.235020 0.963622 0.127275
-0.283716 0.944210 -0.167248
0.250798 0.965029 0.076279
-0.026725 0.999568 -0.012195
-0.437579 0.824651 -0.358434
-0.340128 0.931090 -0.131849
0.181526 0.977211 0.110029
0.180659 0.979620 0.087789
-0.194074 0.979295 -0.057594
-0.370443 0.909137 -0.190374
0.137784 0.987691 0.074044
0.113460 0.992380 0.048055
-0.140603 0.988493 -0.055795
-0.453189 0.848418 -0.273507
-0.391458 0.887711 -0.242342
-0.408999 0.843497 0.348185
-0.327230 0.935925 -0.130251
-0.476322 0.824974 -0.304197
-0.619558 0.695369 -0.364156
0.356715 0.924569 0.133889
-0.323172 0.937841 -0.126546
-0.570989 0.638036 -0.516606
-0.324291 0.935572 -0.139787
0.041286 0.998812 0.025901
0.144814 0.987102 0.068257
-0.121385 0.991695 -0.042510
0.180357 0.980164 0.082160
-0.568182 0.726595 -0.386301
-0.517611 0.848133 0.112914
-0.292024 0.946410 -0.137950
-0.663900 0.682333 -0.306037
-0.521133 0.809038 -0.271805
-0.333984 0.936981 -0.102574
-0.311568 0.949204 -0.044023
0.129159 0.987283 0.092679
0.091280 0.995080 0.038521
-0.220156 0.971573 -0.087044
0.006656 0.999971 0.003716
0.091458 0.994767 0.045549
-0.225724 0.965420 -0.130437
-0.762598 0.645551 0.041333
0.125682 0.990834 0.049521
0.386346 0.907802 0.163196
-0.205471 0.973271 -0.102596
-0.336505 0.928432 -0.157412
0.121345 0.989106 0.083336
-0.138784 0.986459 -0.087393
0.045092 0.998881 0.014234
0.085141 0.995135 0.049581
-0.450042 0.867120 -0.213459
0.575226 0.775466 0.260322
-0.189061 0.978925 -0.077211
-0.190826 0.975728 -0.107422
-0.196434 0.978127 -0.068423
-0.206975 0.974874 -0.082351
0.683043 0.716800 0.140176
-0.216893 0.971196 -0.098673
0.075479 0.996665 0.031013
0.258293 0.965999 -0.011383
-0.028896 0.999486 -0.013877
-0.095141 0.995080 -0.027633
-0.256787 0.950536 -0.174764
-0.160381 0.986579 -0.030660
-0.098326 0.995041 0.015009
-0.328650 0.930268 -0.163069
-0.185063 -0.762777 -0.619615
-0.256653 0.955029 -0.148489
-0.516422 0.788974 -0.332908
-0.005173 0.999982 -0.002872
-0.237071 0.967726 -0.085460
-0.130705 0.989501 -0.061681
-0.282623 0.956041 -0.078168
-0.238154 0.964138 -0.117133
-0.182994 0.978038 -0.099770
-0.024937 0.999644 -0.009517
-0.097810 0.980834 0.168515
-0.348661 0.918046 -0.188752
-0.436681 0.862235 -0.256633
-0.229938 0.965600 -0.121426
-0.601769 0.773407 -0.199286
-0.440946 0.847458 -0.295603
-0.547310 0.765905 -0.337403
-0.319507 0.944132 -0.080803
-0.265143 0.959586 -0.094308
0.131103 0.988429 0.076285
-0.329575 0.928764 -0.169641
-0.269826 0.955546 -0.118855
0.811030 0.545151 0.212228
0.520485 0.839450 0.156268
0.415214 0.890843 0.184383
0.815941 0.569841 -0.097573
-0.051736 0.998647 0.005299
0.746750 0.664449 -0.029515
0.777271 0.600280 -0.188453
0.716103 0.678225 -0.164946
-0.301144 0.952674 -0.041524
0.418528 0.172255 -0.891719
0.649085 0.749941 -0.127578
0.576242 0.789754 -0.210320
0.086801 0.996224 -0.001814
-0.168374 0.984578 0.047496
0.302954 0.921861 0.241643
0.447505 0.876568 -0.177109
-0.156145 0.809127 0.566510
0.573959 0.818874 0.003978
0.576611 0.810091 -0.106171
-0.251932 0.965906 0.059637
0.375423 0.926777 -0.011933
-0.042725 0.999086 -0.000953
0.466800 0.874695 -0.130410
0.351270 0.925871 -0.139186
-0.248299 0.968683 -0.000945
-0.242565 0.968921 -0.048513
-0.217601 0.974177 0.060235
0.486824 0.869607 0.082378
-0.361611 0.932014 -0.024233
0.306284 0.945672 -0.109064
0.385377 0.915051 -0.119022
-0.528521 0.845932 -0.071165
0.158682 0.986831 -0.031368
-0.190839 0.981596 -0.007023
0.651015 -0.743095 0.154883
-0.864442 0.314153 0.392489
0.205531 0.978239 0.028395
0.106336 0.994322 -0.004072
0.288905 0.952519 -0.096138
0.160065 0.984674 -0.069249
-0.137447 0.990427 -0.012746
-0.339930 0.935278 0.098500
-0.051420 0.913972 0.402506
-0.532615 0.844228 -0.059997
-0.277807 0.960246 0.027403
0.197801 0.978033 -0.065773
-0.355752 0.933990 -0.033214
0.112685 0.992617 -0.044872
-0.179417 0.983711 -0.011074
0.302266 0.941480 0.149168
0.132891 0.990272 -0.041258
-0.023344 0.817552 -0.575381
0.347858 -0.863153 0.366007
0.346960 0.937730 -0.016785
-0.457866 0.887720 -0.048082
0.127503 0.851656 -0.508356
0.112636 0.992778 -0.041301
0.056393 0.998124 -0.023844
-0.231483 0.972578 0.022524
0.375766 -0.926688 0.006994
-0.417124 0.908394 0.028770
0.025444 0.999660 -0.005720
0.093525 0.995237 -0.027503
0.027487 0.999568 -0.010444
0.229831 0.971153 0.063565
-0.186730 0.584615 -0.789530
-0.429327 0.903055 0.013050
-0.173268 0.657129 0.733593
-0.125256 0.992119 0.003297
0.030803 0.996886 -0.072593
0.660578 0.720630 0.210547
-0.076457 0.996964 -0.014742
-0.017277 0.999840 0.004701
-0.313021 0.945858 -0.085851
-0.157917 0.987356 -0.013780
-0.991997 0.100073 0.076984
-0.707080 0.696936 -0.119656
-0.929001 0.259098 -0.264243
-0.001812 0.999998 0.000468
-0.819070 -0.461834 0.340343
-0.980210 -0.196915 0.020301
-0.005598 0.999761 0.021150
-0.997605 0.065887 -0.021067
0.210306 0.480687 -0.851300
-0.997388 0.011875 -0.071249
-0.902932 0.403508 -0.147970
-0.753720 0.635761 -0.166477
-0.652560 0.209678 0.728149
-0.931141 0.258371 -0.257333
-0.947791 0.279976 -0.152662
-0.799498 0.573028 -0.180116
-0.112368 0.793819 -0.597683
-0.586818 0.783324 -0.205055
-0.569863 0.818379 -0.074247
-0.833954 0.077361 -0.546384
-0.748549 0.363334 -0.554674
-0.954524 -0.245167 -0.169638
-0.989221 -0.126564 0.073641
-0.665076 0.683633 -0.300531
-0.195876 0.904104 0.379776
-0.972961 0.228675 0.032477
-0.928364 0.108752 -0.355407
-0.730513 0.486656 -0.479079
-0.745230 0.654311 0.128489
-0.040183 0.975292 0.217235
-0.164864 -0.562590 0.810131
-0.013011 0.998741 0.048446
-0.839459 0.503947 -0.203338
-0.502471 0.864170 -0.027086
-0.606598 0.790686 0.082788
-0.758309 0.355980 -0.546119
-0.869355 0.115969 -0.480388
-0.286270 0.955450 -0.071868
-0.667532 0.720870 -0.186407
-0.890813 0.038890 -0.452702
-0.564134 0.825532 0.015825
-0.871760 0.259962 -0.415276
-0.999452 -0.019004 -0.027112
-0.649182 0.697786 -0.302751
-0.902995 0.378902 0.202566
-0.857379 -0.151668 -0.491832
-0.829841 0.386659 -0.402317
-0.940704 0.126205 -0.314877
-0.949056 -0.314986 0.008720
-0.194968 0.850803 0.487977
-0.946858 -0.017296 -0.321187
-0.695310 0.708824 -0.118791
-0.771620 0.635911 0.014822
-0.932489 0.343436 -0.111872
-0.687828 0.530780 -0.495141
-0.927287 -0.323365 0.188611
-0.688499 0.724311 0.036648
-0.793452 0.604174 0.073535
-0.055417 0.795690 0.603164
-0.587893 0.803769 -0.091313
-0.900055 0.430929 -0.064818
0.188110 -0.170592 -0.967219
-0.964452 0.081373 -0.251418
-0.398786 0.914062 -0.073891
-0.901464 0.366195 0.230791
-0.733094 0.665135 -0.142018
-0.937613 -0.144860 -0.316066
-0.227220 0.973819 -0.006889
-0.963583 -0.120935 -0.238501
-0.788829 0.613477 0.037353
-0.486422 0.872694 -0.042417
-0.540287 0.837760 -0.079045
-0.623598 0.747339 -0.229368
-0.807013 0.439205 -0.394752
-0.890115 0.317230 -0.327201
-0.747384 -0.257015 0.612667
-0.772233 0.113287 -0.625157
-0.892906 0.379901 -0.241650
-0.893538 0.440197 0.088411
-0.865680 -0.070500 -0.495608
-0.860391 0.273519 -0.430017
-0.744827 0.464126 -0.479395
-0.916175 0.351528 -0.192488
-0.497696 0.859637 -0.115429
-0.913122 -0.115556 -0.390967
-0.626531 0.778967 -0.025878
-0.732541 0.679177 -0.045847
-0.100080 0.942332 0.319365
-0.968874 -0.157588 -0.190917
-0.850757 0.470939 -0.233302
-0.895232 0.337166 -0.291338
-0.645044 -0.284883 -0.709056
-0.890900 0.088133 -0.445566
-0.777806 0.628494 0.003772
-0.860370 0.509212 0.021597
-0.975362 0.202302 0.087994
0.153420 0.852133 0.500332
-0.097663 0.905928 -0.412016
0.093739 0.280371 -0.955304
-0.489986 0.438668 -0.753315
0.084241 0.989808 0.114822
0.067385 0.984543 -0.161661
-0.150231 0.798152 -0.583424
-0.087025 -0.047194 -0.995088
-0.550587 0.657462 -0.514391
-0.464849 0.752312 -0.466843
-0.229626 0.913494 -0.335858
-0.098118 0.980204 -0.171966
-0.620878 -0.649536 -0.438878
-0.665161 0.484626 -0.568065
0.007521 0.999864 0.014669
-0.664709 -0.405447 -0.627515
-0.499798 0.552484 -0.667056
-0.592049 0.458248 -0.662938
-0.598388 0.401702 -0.693229
-0.655747 -0.202233 -0.727391
-0.544856 0.033714 -0.837851
0.084580 0.712982 0.696062
0.713525 0.599745 -0.362199
-0.450891 -0.733678 -0.508344
-0.670768 0.307724 -0.674815
-0.588442 -0.327392 -0.739291
-0.742206 0.075889 -0.665861
-0.690303 0.386282 -0.611774
-0.572274 0.456155 -0.681487
0.177422 0.952935 0.245840
-0.185523 0.921388 -0.341505
-0.603489 0.367410 -0.707680
0.775273 -0.491230 -0.397045
0.150122 0.604436 0.782381
-0.044638 0.994759 -0.091993
0.729193 -0.455878 0.510345
-0.309181 -0.223174 -0.924446
-0.127548 0.962910 -0.237774
-0.818643 0.121163 -0.561376
-0.483887 0.505960 -0.714043
0.563092 0.030550 0.825829
-0.227175 0.768065 -0.598722
0.161741 0.907564 0.387514
-0.556110 0.069394 -0.828207
-0.072592 0.981851 -0.175212
0.286272 0.836623 0.467022
0.231200 0.818826 0.525425
0.027264 0.998956 0.036646
0.097107 0.947352 0.305115
0.110764 0.948035 0.298262
0.331755 0.665133 0.668982
0.046083 0.982748 0.179116
0.289091 0.657043 0.696219
0.217121 0.835494 0.504785
-0.186910 0.341932 -0.920949
-0.007228 0.999943 0.007796
0.225121 0.788915 0.571781
-0.705258 0.098005 -0.702144
-0.293116 0.855774 -0.426302
0.286183 0.478005 0.830428
-0.378013 0.251251 -0.891055
-0.152890 0.869720 -0.469267
0.123676 0.966082 0.226692
-0.221759 0.913930 0.339934
0.003697 0.999895 0.014009
-0.231982 0.819576 -0.523908
0.258552 0.831238 0.492133
0.450689 0.416442 0.789592
-0.091904 0.976476 -0.195060
0.216778 0.937208 -0.273220
0.096152 0.978006 0.185094
-0.346653 0.414852 0.841266
-0.120091 -0.348018 -0.929764
0.046276 0.994386 -0.095155
-0.648239 -0.481818 -0.589608
-0.242844 -0.965625 -0.092714
-0.715663 -0.671696 0.191445
-0.418561 -0.891677 0.172394
-0.177957 0.178552 -0.967704
-0.089253 0.723451 0.684582
-0.194031 -0.637239 -0.745841
-0.612801 -0.622282 0.487074
-0.737889 -0.520893 0.429174
-0.706594 -0.666150 -0.238681
-0.584490 0.151803 0.797074
-0.661586 -0.519892 0.540385
-0.414086 0.742036 0.527176
-0.666946 -0.322022 -0.671926
-0.632533 -0.660071 0.405227
-0.694955 -0.506644 0.510245
-0.768402 -0.639292 -0.029393
-0.604736 -0.091233 0.791183
-0.792890 -0.505126 -0.340842
-0.807056 -0.103561 -0.581322
-0.723833 -0.113990 0.680494
-0.504346 0.392155 0.769318
-0.763082 -0.404247 0.504271
-0.514925 -0.833516 0.200258
-0.571655 0.110600 0.813006
0.663938 -0.090563 -0.742284
-0.385706 -0.128485 -0.913631
-0.724476 -0.333760 0.603108
-0.358418 0.652164 0.667996
0.004633 0.999880 -0.014799
-0.377188 0.697493 0.609289
0.007536 0.999560 -0.028680
-0.220763 0.763226 0.607248
-0.016487 0.991472 -0.129276
-0.188560 0.548646 0.814514
0.137161 0.590833 -0.795049
-0.612066 0.725872 0.313825
0.267325 -0.516081 -0.813755
-0.202140 0.522172 0.828539
0.020192 0.854058 0.519786
-0.107835 -0.337342 -0.935186
-0.182664 0.898344 0.399515
-0.314478 -0.292484 -0.903082
0.118048 -0.671100 -0.731909
-0.022552 0.995003 0.097260
-0.708486 -0.624612 0.328493
0.201519 0.734541 -0.647950
-0.026856 0.998516 0.047370
0.260032 -0.628599 -0.732971
-0.166630 -0.303522 -0.938141
0.767709 -0.374911 -0.519678
-0.219838 0.869919 0.441489
-0.709889 -0.694714 0.115885
0.719140 -0.647010 -0.253408
-0.119874 0.925638 0.358921
0.235262 0.564606 -0.791121
-0.214138 -0.216612 -0.952483
0.442331 -0.046306 -0.895656
-0.368172 -0.914070 -0.170073
-0.868211 -0.039326 0.494635
0.680597 -0.144679 -0.718231
0.634409 -0.406001 -0.657790
0.324247 -0.258039 -0.910099
0.583457 -0.744546 -0.324390
0.531399 -0.799225 0.280811
-0.409430 -0.207128 0.888519
-0.139121 -0.958298 0.249619
0.251515 0.699191 -0.669232
-0.556486 0.739116 0.379514
0.513822 0.103121 -0.851677
0.175801 0.815733 -0.551066
-0.561546 -0.803138 -0.199085
-0.434948 0.300123 0.848968
-0.396040 0.815442 0.422145
0.270299 0.492341 -0.827368
0.467521 -0.278158 -0.839078
0.192406 0.763613 -0.616340
-0.114650 0.632147 0.766320
0.397320 -0.765959 -0.505414
0.369317 -0.802863 0.467992
-0.628685 -0.302421 0.716448
0.212407 0.706515 -0.675071
0.264218 0.608466 -0.748304
0.264469 -0.333492 -0.904897
0.969171 -0.058690 -0.239298
-0.036981 0.990820 0.130030
0.249697 0.818698 -0.517093
0.433271 -0.209006 -0.876694
-0.747860 0.384703 0.541026
0.216376 0.443768 -0.869627
0.147733 0.381661 -0.912420
0.189502 -0.961733 -0.197885
0.427453 -0.533663 -0.729717
0.119903 0.682463 -0.721018
0.292075 0.286891 -0.912352
-0.231353 0.686004 0.689836
-0.295902 0.667963 0.682838
0.130796 0.613168 0.779049
0.311479 -0.029182 0.949805
-0.439659 0.298174 0.847226
-0.125374 -0.060483 -0.990264
0.114813 0.013115 -0.993301
0.268436 0.705839 -0.655541
-0.023850 0.997950 0.059382
-0.291530 0.627544 0.721941
0.427109 -0.806562 -0.408700
0.237218 0.657376 -0.715251
-0.034915 -0.997570 -0.060288
-0.616620 0.303631 0.726352
-0.101528 0.994788 0.009476
-0.911668 0.223939 0.344548
-0.495265 0.826481 0.267660
-0.199223 0.898206 0.391836
-0.611102 0.185763 0.769446
-0.990307 0.133529 0.038239
-0.488356 0.814771 0.312502
-0.356626 0.814832 0.457020
-0.571108 0.653274 0.497061
-0.904062 0.370522 0.213039
-0.412999 0.639956 0.647988
-0.539569 0.706328 0.458220
-0.620227 0.758299 0.200749
-0.454411 0.846106 0.278594
-0.292366 0.945904 0.140672
-0.479385 0.768991 0.422897
-0.588458 0.642039 0.491429
-0.414174 0.874636 0.251936
-0.502413 0.754577 0.422132
-0.670976 0.620745 0.405547
0.001164 0.999999 -0.000088
-0.517199 0.683314 0.515352
-0.301093 0.945810 0.121595
-0.151455 0.964209 0.217629
-0.634428 0.515859 0.575665
-0.781265 0.265532 0.564905
-0.047697 0.998396 0.030502
-0.772257 0.399327 0.494123
-0.485565 0.818880 0.306042
-0.282392 0.947381 0.150744
-0.112925 0.992284 0.051190
-0.736090 0.664734 0.127671
-0.492529 0.769593 0.406376
-0.357533 0.901130 0.245225
0.398136 0.849912 0.345162
-0.672952 0.577050 0.462762
-0.393601 0.896940 0.201438
-0.140703 0.978098 0.153382
-0.562173 0.729087 0.390376
-0.707342 0.469101 0.528783
-0.432124 0.813901 0.388372
-0.517514 0.713370 0.472527
-0.723596 0.643286 0.250185
-0.452036 0.788503 0.417045
-0.694482 0.429214 0.577469
-0.302718 0.934057 0.189473
-0.532618 0.722407 0.440961
-0.147276 0.987275 0.059973
-0.640953 0.745137 0.184256
-0.922015 0.059069 0.382622
-0.630924 0.628900 0.454335
-0.274639 0.947534 0.163564
-0.959169 0.133316 0.249443
-0.832937 0.513518 0.206194
-0.586153 0.629130 0.510510
-0.439721 0.790407 0.426501
-0.402912 0.875289 0.267454
-0.407718 0.854640 0.321492
-0.759185 0.467935 0.452409
-0.439361 0.841833 0.313496
-0.499485 0.842760 0.200675
0.543631 0.815537 -0.198405
-0.397761 0.899111 0.182716
-0.484975 0.862228 0.146161
-0.932600 -0.080485 0.351822
-0.732354 0.444400 0.515914
-0.666189 0.633705 0.393205
-0.674452 0.663662 0.323523
-0.752640 0.448632 0.481937
-0.880734 0.083844 0.466132
-0.882390 0.119827 0.455006
-0.846318 0.339290 0.410643
-0.644392 0.703915 0.298769
-0.671072 0.739034 0.059085
-0.709601 0.514247 0.481681
-0.377958 0.916671 0.129852
-0.783827 0.349185 0.513503
-0.752673 0.547295 0.365994
0.742650 0.517190 -0.425424
0.626971 0.689797 -0.362060
0.351800 0.875660 -0.330843
0.502377 0.808765 -0.305804
-0.159215 0.969630 0.185656
-0.035123 0.997871 0.054962
-0.033253 0.994829 0.095965
0.324032 0.908192 -0.264933
-0.265242 0.923208 0.278090
0.612963 0.722512 -0.319772
0.345952 0.898349 -0.270713
0.395107 0.864476 -0.310759
0.034710 0.998810 -0.034259
0.302780 0.917631 -0.257444
-0.479433 0.629339 0.611618
-0.174812 0.936299 0.304607
0.423906 0.845635 -0.324353
0.680110 0.669951 -0.297684
0.338490 0.916275 -0.214160
0.176856 0.946682 -0.269288
-0.396703 0.728166 0.558928
-0.240578 0.919458 0.310997
0.391576 0.858509 -0.331104
-0.470634 0.669712 0.574447
0.380375 0.892271 -0.243242
0.307564 0.899749 -0.309605
-0.071437 0.990705 0.115757
-0.379830 0.805217 0.455363
0.306723 0.926379 -0.218502
0.011225 0.999733 -0.020212
-0.658075 0.044557 0.751633
-0.507640 0.536147 0.674424
-0.120599 0.981079 0.151462
0.430379 0.765292 -0.478645
0.540718 0.811508 -0.221539
0.079739 0.995189 -0.056926
0.397080 0.887796 -0.232692
0.296107 0.925241 -0.237170
0.039296 0.996873 -0.068559
0.261239 0.954828 -0.141624
0.210130 0.970315 -0.119723
-0.275232 0.859594 0.430518
0.362412 0.877401 -0.314363
0.354868 0.829972 -0.430366
0.086055 0.994647 -0.057206
-0.330990 0.911703 0.243401
-0.222021 0.883733 0.411975
0.142550 0.984713 -0.100102
0.252535 0.777479 -0.575980
0.195753 0.915148 -0.352400
0.331470 0.699743 -0.632841
0.305765 0.880472 -0.362322
-0.495199 0.738735 0.457219
0.227972 0.956605 -0.181484
-0.017861 0.999802 0.008810
0.061372 0.995190 -0.076351
0.278685 0.833532 -0.477031
0.452741 0.403045 -0.795349
-0.081901 0.993330 0.081164
0.348594 0.841796 -0.412143
0.467156 0.695616 -0.545788
0.228970 0.955558 -0.185694
0.291085 0.914276 -0.281726
-0.361531 0.809352 0.462866
-0.403845 0.828660 0.387597
0.472537 0.759293 0.447419
0.769003 -0.025922 -0.638719
-0.045409 0.996310 0.072835
0.059336 0.997589 -0.035986
0.119909 0.988461 -0.092560
0.264663 0.889844 -0.371661
0.661460 0.389489 -0.640912
-0.308667 0.826442 0.470871
0.619056 0.720371 -0.312787
0.081778 0.995674 -0.044100
0.131170 0.986854 -0.094411
0.355906 0.846737 -0.395433
0.747617 0.226147 -0.624442
-0.324205 0.916209 0.235482
-0.079061 0.984965 0.153599
0.412887 0.815177 -0.406215
0.583816 0.599675 -0.547310
0.603510 0.398439 -0.690668
0.750257 -0.350485 0.560603
0.054134 0.994904 -0.085064
0.027234 0.999478 -0.017405
0.048258 0.997321 -0.054970
0.400233 0.818324 -0.412504
0.483839 0.692820 -0.534697
0.050190 0.998450 -0.024036
-0.083970 0.995334 0.047540
0.152171 0.978840 -0.136811
0.060006 0.992523 -0.106286
0.639029 0.133707 -0.757473
0.634709 0.262889 -0.726659
0.017859 0.999761 -0.012590
0.473145 0.750314 -0.461695
0.430892 0.740004 -0.516456
0.467248 0.514666 -0.718887
0.030495 0.998128 -0.053012
-0.444424 0.774113 0.450817
0.291490 0.808764 -0.510817
-0.025440 0.999364 0.024984
-0.235585 0.939276 0.249519
-0.013388 0.999856 0.010420
0.047127 0.988743 -0.142007
0.094790 0.971198 -0.218608
0.245056 0.894857 -0.373067
0.572459 -0.602066 0.556603
-0.354753 0.717410 0.599560
0.118930 0.984400 -0.129660
0.336280 0.831512 -0.442157
0.018495 0.999310 -0.032197
-0.090655 0.994885 0.044555
-0.118273 0.990179 0.074545
0.273211 0.921862 -0.274820
-0.327068 0.880945 0.341998
-0.248632 0.948131 0.198063
-0.075005 0.994937 0.066898
-0.219260 0.924528 0.311725
0.271287 0.913202 -0.304081
-0.363759 0.905171 0.219873
0.271095 0.886342 -0.375373
-0.156451 0.981559 0.109846
-0.264478 0.836723 0.479526
0.074059 0.993744 -0.083595
-0.059388 0.995075 0.079362
0.184743 0.941461 -0.281994
-0.269077 0.917725 0.292195
-0.516249 0.592776 0.618145
-0.258830 0.798048 0.544174
0.818790 0.205079 -0.536214
0.821483 0.353348 -0.447562
0.784479 0.579710 -0.220292
0.998246 0.025058 0.053639
0.942247 0.262529 -0.207965
0.933702 0.185857 0.306036
0.807595 0.300160 0.507636
0.936319 0.331003 -0.117236
0.914633 0.009611 0.404171
0.590917 -0.126117 -0.796813
0.809291 0.484025 0.332817
0.835800 0.325604 0.442064
0.802324 0.291285 0.520989
0.983747 -0.179530 0.003280
0.964186 0.256367 0.067987
0.943915 0.230752 0.236175
0.950094 0.113454 0.290603
0.921776 0.017264 0.387338
0.904784 -0.333471 0.264881
-0.085062 0.975031 0.205131
0.995029 0.011993 0.098856
0.999789 -0.020344 0.002972
0.715146 0.249500 -0.652929
0.988673 0.142530 0.047026
0.983907 -0.139442 0.111727
0.984911 -0.165385 -0.050975
0.810418 0.531615 -0.246186
0.901768 -0.376085 -0.213014
0.837787 0.481555 -0.257329
0.941792 -0.316850 -0.112403
0.999726 0.001446 0.023342
0.999966 -0.000361 -0.008281
0.962262 0.272120 -0.001664
0.998599 0.052710 -0.004588
0.957914 0.257323 -0.127220
0.056685 0.972746 0.224840
0.993378 0.092120 -0.068655
0.907308 0.403285 -0.118966
0.684640 0.188440 -0.704101
0.984241 0.171648 -0.042512
0.999793 -0.019639 0.005370
0.636920 -0.025854 0.770496
0.999161 -0.000021 -0.040961
0.997196 0.073157 0.015762
0.926643 -0.359042 -0.111455
0.965693 0.228063 0.124196
0.904443 0.426585 -0.002964
0.986782 0.155887 -0.044281
0.980959 0.194127 -0.005802
0.995190 -0.090628 -0.037198
0.962645 0.268206 0.037158
0.911721 -0.277397 -0.303010
0.997044 0.076730 0.003951
0.896234 -0.413249 -0.161215
0.910850 -0.407024 0.068443
0.988121 -0.145884 0.048327
0.840727 0.537285 0.067097
0.998517 0.054199 -0.005118
0.999587 0.007578 0.027734
0.894288 0.431372 0.119029
0.999111 0.034991 0.023517
0.999172 -0.037654 0.015431
0.901858 0.387539 0.190962
0.734845 0.670336 0.103212
0.411351 -0.828499 -0.379975
0.685142 -0.520718 0.509345
0.968129 0.248633 -0.030146
0.946602 -0.245476 0.209010
0.993860 -0.090127 0.064180
0.960309 -0.253954 0.115387
0.818321 0.498419 0.286233
0.809205 0.549059 0.209099
0.963045 0.264120 -0.052764
0.998258 0.055441 -0.020194
0.961824 -0.264672 0.069597
0.996406 0.084013 -0.010826
0.950471 0.310551 0.012787
0.992165 0.086673 0.089982
0.792589 0.566584 0.225358
0.558215 0.770252 0.308397
0.712108 0.625242 0.319335
0.593057 -0.302257 0.746274
0.989048 -0.141816 0.040894
0.594632 0.779536 0.196816
0.961547 -0.245365 0.123384
0.854011 0.491661 0.170100
0.802251 -0.217995 -0.555763
0.987021 0.158255 0.027296
0.995985 -0.089385 -0.004906
0.976802 -0.202317 -0.070177
0.584633 -0.534006 -0.610772
0.855989 -0.162068 0.490935
0.950499 -0.304444 0.062176
0.974948 0.222300 0.007648
0.980269 -0.119018 -0.157821
0.668368 -0.605739 -0.431700
0.963662 0.265756 0.026994
0.998523 0.023304 0.049080
0.449877 0.700130 0.554463
0.914726 -0.014755 0.403806
0.873115 -0.293511 -0.389258
0.728438 -0.648349 0.221406
0.998766 0.042947 0.024934
0.997199 0.072350 -0.018990
0.964380 0.016945 -0.263978
0.799104 0.501398 0.331711
0.813478 -0.015898 0.581379
0.707832 0.486935 0.511730
0.740060 -0.039883 0.671357
0.617151 0.496033 0.610799
0.983723 0.175588 -0.038196
0.991486 0.046695 -0.121552
0.365196 0.906246 0.212954
0.698886 0.519607 0.491494
0.928174 -0.367086 -0.061159
0.971480 0.167102 -0.168238
0.477703 -0.291827 0.828635
0.852729 0.368667 0.370051
0.854587 -0.505534 -0.118809
0.990599 0.083833 -0.108102
0.392444 0.717799 0.575111
0.562046 0.054191 0.825329
0.948106 0.161727 0.273750
0.462604 0.677714 0.571578
0.647924 0.397012 0.650058
0.761576 0.130315 0.634838
0.906740 -0.293144 0.303133
0.806296 -0.538058 0.245723
0.990420 0.136322 -0.021998
0.968482 0.081726 -0.235294
0.407385 0.653954 0.637481
0.848690 -0.169500 0.500995
0.937744 0.104115 0.331354
0.174884 0.947326 0.268308
0.439339 0.844348 0.306690
0.342340 0.614201 0.711027
0.880183 -0.381163 0.282830
0.858165 -0.472517 0.200702
0.743095 -0.662788 0.092310
0.946159 -0.059118 0.318258
0.977851 0.027388 0.207501
0.671159 -0.699728 0.244797
0.599615 -0.527241 0.602062
0.785832 -0.582669 0.207281
0.635167 0.297933 0.712600
0.613792 -0.440581 0.655094
0.802587 -0.003212 0.596526
0.992194 -0.042423 0.117266
0.584081 0.489035 0.647838
0.784238 0.604836 -0.138361
0.398340 0.787208 -0.470775
0.871701 0.448344 -0.197802
0.908679 0.386251 -0.158470
0.450377 0.807220 -0.381519
0.382974 0.921419 -0.065714
0.800502 0.542333 -0.255091
0.838704 0.540815 0.063992
0.511156 0.852161 -0.111990
0.606377 0.606585 -0.514161
0.649238 0.553998 -0.521130
0.228204 0.973561 0.010072
0.954823 0.030686 -0.295586
0.633075 0.651794 -0.417589
-0.168692 0.976695 0.132700
0.901722 0.431312 -0.029437
0.678039 0.703151 0.214107
0.964134 -0.001668 -0.265410
0.290949 0.956693 0.009339
0.824941 0.428266 -0.368864
0.823211 0.544182 -0.161834
0.512627 0.856829 -0.055297
0.519831 0.688361 -0.505901
0.569770 0.670295 -0.475464
0.640982 0.764401 -0.069515
0.830771 -0.139901 -0.538746
0.968817 0.246059 -0.029131
0.926831 -0.013185 -0.375246
0.957838 0.119395 -0.261327
0.920235 0.107582 -0.376289
0.998965 0.045065 0.006165
0.998014 0.062507 0.007797
0.999664 -0.024498 0.008527
0.947005 0.031507 -0.319670
