0.972410 0.244176 0.342912
0.420425 -0.747844 0.635365
-0.038496 0.510105 -0.118229
0.159810 0.256615 0.509288
0.306603 0.103048 0.633584
0.124162 -0.713470 0.640383
0.282051 -0.767898 0.647751
-0.251152 -0.688956 0.489328
-0.384043 -0.726190 0.511985
0.022930 -0.688985 0.573995
0.067571 -0.656090 0.561548
-0.223115 0.561505 -0.104436
0.260899 -0.649376 0.665511
0.448866 -0.697552 0.665342
0.531454 -0.709508 0.643616
-0.136513 -0.609565 0.476302
0.986331 -0.672405 0.387928
-0.083657 -0.653246 0.482923
0.381892 -0.640593 0.690908
0.597715 -0.569669 0.680712
-0.202191 -0.577334 0.487251
-0.798962 0.574985 0.685260
-0.406923 0.953062 0.086113
1.083371 -0.515586 0.364026
1.159030 -0.550819 0.355198
0.192163 0.425991 0.404943
-0.264256 -0.511296 0.479646
0.328846 -0.509823 0.730285
0.471672 -0.617293 0.701059
0.286304 0.382169 0.462179
-0.125423 -0.459302 0.496631
0.407832 -0.559821 0.729296
0.465555 -0.475483 0.743906
-0.006079 1.337846 -0.246700
-0.061620 -0.381545 0.492941
-0.722598 1.018907 -0.698585
0.246794 0.575429 0.046739
-0.013448 -0.509862 0.486343
1.168300 -0.467571 0.328409
0.491006 0.584254 0.205167
-0.550006 -0.054444 -0.465929
-0.338656 -0.449706 0.457127
-0.199448 -0.457522 0.510898
-0.072248 -0.540897 0.468597
-0.930945 0.223052 0.143539
0.271455 -0.404868 0.749403
1.222857 -0.402796 0.285985
0.362494 -0.368120 0.766982
-0.276473 -0.387069 0.515736
-0.578099 1.030909 -0.311804
-0.393956 -0.332413 0.513047
0.620369 0.588033 0.088538
0.481999 -0.328620 0.764263
0.130451 0.346490 0.452331
-0.193325 -0.296082 0.532775
-0.715574 0.599386 0.681837
0.025198 0.382382 0.384908
-0.496929 -0.251307 0.539064
-0.304710 -0.256649 0.549012
-0.112539 -0.275731 0.517489
-0.167465 1.270658 -0.248548
0.221458 -0.289904 0.754750
-0.067059 1.334532 -0.261358
0.651296 0.496492 0.350609
0.382666 -0.220604 0.774346
0.573490 -0.211207 0.740098
0.214541 -0.141406 0.766889
-0.237413 1.150070 -0.082333
-0.075047 -0.210181 0.526844
-0.720495 0.987232 -0.131429
-0.404390 -0.207047 0.564208
-0.239932 -0.126247 0.552827
0.253930 0.557734 -0.094392
0.483699 -0.111576 0.754996
0.455113 0.413605 0.452040
-0.333271 -0.144360 0.569835
1.083689 0.121780 -0.193138
-0.478032 -0.171251 0.570810
-0.027738 -0.081245 0.576282
0.338340 -0.105685 0.771696
0.503422 0.608225 0.072888
1.118206 0.107199 0.100179
0.056074 0.495583 -0.163809
-0.443178 -0.076003 0.572566
0.253618 -0.019307 0.731005
0.406129 -0.042452 0.749552
-0.984513 0.331804 0.434900
-0.601965 -0.046975 0.544960
-0.751771 1.170832 -0.827739
0.361400 0.293154 0.515069
-0.305829 -0.010944 0.558173
-0.120970 -0.086421 0.542439
0.522160 -0.026159 0.723915
-0.123994 1.258972 -0.167755
-0.386508 0.082286 0.545352
-0.174904 0.093226 0.520428
0.508995 0.511837 0.355620
0.315923 0.062462 0.676806
0.435280 0.037988 0.694375
0.593711 0.037563 0.667638
-0.010299 0.039696 0.557261
-0.880970 0.943745 0.203658
-0.784256 0.274113 0.586935
0.725333 0.549379 0.112013
0.416074 0.597619 -0.026551
-0.022788 0.118227 0.531311
0.810067 0.501518 0.145525
-0.639769 0.070002 0.509643
-0.541104 0.178050 0.493386
-0.508672 0.060516 0.544813
0.120864 0.147420 0.550278
0.544361 0.111044 0.620099
1.086686 0.200483 0.047063
-0.704277 0.484973 0.703826
-0.282742 0.144811 0.513818
0.640543 0.094176 0.617839
-0.160651 0.519328 -0.173386
-0.441211 0.164821 0.511054
0.668654 0.156468 0.564238
0.506847 0.181126 0.563640
-0.768303 0.686163 0.645229
0.720260 0.522426 0.254956
-0.592278 0.220566 0.483580
-0.215218 0.205117 0.480614
-0.013651 0.247653 0.477246
0.241725 0.219082 0.538774
0.386058 0.600923 0.098436
-0.736749 1.020915 -0.258979
-0.250200 1.192422 -0.143652
-0.354859 0.199935 0.493269
0.626583 0.272858 0.502810
1.029504 0.222761 0.265518
-0.782577 0.455510 0.696710
-0.402573 0.275231 0.452589
-0.263143 0.300592 0.420399
-0.136164 0.290663 0.426355
-0.387178 -0.913561 0.567149
0.417595 -0.821029 0.618027
-0.139086 -0.021342 -0.525906
-0.270432 -0.882580 0.573279
0.949718 0.357661 0.234620
0.268720 -0.830261 0.660638
-0.354658 -0.839831 0.581003
0.091700 -0.810313 0.686552
0.182725 -0.781259 0.672582
0.596183 -0.794441 0.583799
0.472433 0.248267 0.530069
0.636849 -0.699695 0.613365
0.759006 -0.788442 0.518687
0.867557 -0.735686 0.454988
-0.329809 -0.768969 0.544904
0.076797 1.003012 -0.192612
-0.150838 1.048730 -0.083653
0.746241 -0.707657 0.550145
1.136353 -0.727061 0.315892
1.231693 -0.725997 0.241385
-0.527840 0.351553 0.558184
1.091708 -0.650002 0.361071
-0.187768 1.228539 -0.293081
1.222297 -0.601944 0.330319
0.758822 -0.629313 0.578921
1.257996 -0.663997 0.280736
-0.569525 0.277958 0.517736
0.062351 1.331233 -0.296476
0.695695 -0.635694 0.614006
0.837280 -0.628408 0.522368
0.934835 -0.624249 0.448943
0.906303 -0.541012 0.501551
0.994624 -0.559005 0.422618
0.758219 -0.537869 0.608347
1.254000 -0.478703 0.306848
1.326107 -0.576988 0.248488
1.304533 -0.526480 0.290817
0.520637 0.331487 0.493317
0.970784 0.116784 0.432027
0.670244 -0.432004 0.687681
0.870799 -0.457555 0.551121
1.355230 -0.464311 0.211999
0.121313 1.091469 -0.255774
0.786311 -0.372353 0.627562
0.997611 -0.424098 0.446494
-0.385362 0.467146 0.432276
0.803748 0.137567 0.536391
0.731044 0.033943 0.619314
0.468398 0.201383 -0.499297
0.235048 1.314023 -0.448769
0.777151 0.236539 0.488183
1.168643 -0.383254 0.272293
-0.256439 0.832562 -0.018508
-0.479044 0.819526 0.416231
0.303867 0.162233 0.575103
0.238860 1.193647 -0.398103
0.682732 -0.284687 0.699220
0.905498 -0.369549 0.541754
1.108677 -0.356256 0.318183
-0.400033 0.398087 0.446230
0.622277 0.408437 0.430740
1.011309 0.235351 -0.216747
0.189743 1.253046 -0.387945
0.763757 0.428743 0.362910
0.829191 0.319844 0.417878
-0.302286 0.528718 0.304739
1.098049 0.090168 0.227956
0.579910 -0.381472 0.734277
0.971277 -0.275782 0.499704
-0.500816 0.688885 0.477314
0.797873 -0.212534 0.638139
0.875457 -0.280291 0.579966
-0.045046 1.009088 -0.125061
0.264281 1.369444 -0.539208
-0.467891 0.418127 0.518758
-0.471173 0.350555 0.484938
0.002256 1.193725 -0.225443
-0.563168 0.767348 0.512172
-0.494454 0.281295 0.468672
0.714260 -0.126355 0.677602
1.061636 -0.257448 0.395359
-0.407988 0.348277 0.434986
0.891569 0.213836 0.443144
-0.606494 0.321685 0.618615
0.973825 -0.031008 0.484567
-0.297201 0.951982 0.024655
-0.434197 0.736010 0.390430
-0.492146 0.536445 0.522521
0.121768 0.980618 -0.245711
0.134194 1.295855 -0.355676
-0.550632 0.417574 0.610993
-0.504283 0.965187 -0.685502
0.914448 -0.165136 0.557319
1.072472 -0.106336 0.379354
0.620930 -0.062824 0.704028
1.117578 -0.051592 0.282140
1.141993 -0.104415 -0.170087
0.116695 1.185027 -0.305820
-0.953129 0.139188 0.093122
-0.103748 1.198713 -0.147985
0.740554 0.337025 0.443398
-0.215068 0.924381 -0.021779
-0.434929 0.635710 0.421865
-0.323926 0.880379 0.051654
1.048228 0.074548 0.349719
-0.617132 0.533627 0.646878
0.839662 -0.067868 0.599059
1.009823 -0.160198 0.470476
-0.803697 0.558965 -0.237717
0.002025 1.097398 -0.191330
-0.662271 0.699579 0.607454
-0.327026 0.397067 0.387169
0.175491 1.398101 -0.427010
-0.280496 1.048923 -0.016955
-0.631068 0.822919 0.525829
-0.405833 0.822682 0.320894
-0.386584 0.559585 0.400533
-0.623202 0.410012 0.677592
0.881746 0.065183 0.529243
-0.573673 0.639617 0.567832
0.753767 -0.892199 0.451912
0.844910 -0.825276 0.434804
0.802787 -0.826250 0.480961
1.191801 -0.800027 -0.017352
-0.502834 1.181147 -1.055713
1.281926 -0.742759 0.035415
1.141111 -0.800492 -0.110908
0.790859 -0.867310 -0.297070
-0.358837 0.789616 0.221255
-0.689398 1.170272 -0.936245
0.790160 -0.836936 -0.375164
0.748233 -0.848850 -0.443576
-0.499536 1.076512 -0.898582
1.081322 -0.052319 -0.301422
0.210509 -0.878083 0.676927
0.780386 -0.769578 -0.467048
-0.895300 0.091359 -0.164579
1.336874 -0.683338 0.061591
1.303526 -0.682378 -0.059530
1.089884 0.029268 -0.245490
1.377925 -0.597711 0.041000
-0.496710 0.975471 -0.545560
0.859278 -0.724476 -0.395862
0.847504 -0.638616 -0.477147
1.150784 0.019034 0.027037
-0.345149 0.822042 0.102658
-0.335621 0.667897 -0.108414
1.330495 -0.651078 0.171068
-0.514359 1.200811 -0.930272
1.309184 -0.599577 -0.149741
0.952088 -0.613593 -0.349557
-0.538545 1.014226 -0.373415
1.372447 -0.527698 -0.065871
-0.500539 1.075508 -0.732168
-0.984356 0.318203 0.217437
-0.143270 0.478324 -0.271308
1.386015 -0.539551 0.136501
1.404831 -0.502519 0.036131
0.933117 -0.558560 -0.422629
0.887275 -0.517922 -0.483447
1.401632 -0.450702 0.100065
1.357685 -0.426585 -0.086878
-0.934865 0.171146 -0.032354
1.372790 -0.378409 0.109822
1.393132 -0.424839 0.005556
0.994071 -0.480814 -0.367186
-0.311971 0.693377 0.138200
0.954328 -0.396577 -0.433840
-0.508743 0.942563 -0.379321
-0.107285 0.916771 -0.089008
1.060472 -0.352228 -0.309486
-0.969840 0.036177 0.096214
-1.018607 0.381127 0.300783
-0.513465 0.871057 -0.442503
-0.522573 1.063235 -0.549052
-0.922134 0.262380 -0.082033
1.015882 -0.292310 -0.383745
1.082635 -0.475679 -0.250197
1.139173 0.018759 -0.105276
-1.026236 0.374204 0.164562
1.093688 0.162175 -0.062356
1.132464 -0.263350 -0.202031
1.080825 -0.243134 -0.305905
1.020133 -0.195880 -0.392742
0.227750 1.072862 -0.336595
-0.920975 0.171326 0.204174
-0.289073 0.649766 0.021897
-0.959762 0.781837 0.024714
1.170205 -0.103663 -0.005064
-0.890568 0.455228 -0.177043
-0.033013 0.912675 -0.155453
1.135536 -0.206831 0.257970
1.093894 -0.150804 -0.293003
0.302458 1.270923 -0.503066
1.152506 -0.064977 0.151103
-0.631988 1.357611 -1.013135
-0.580905 1.298021 -0.933086
-0.661573 1.332337 -0.901597
0.317123 1.267925 -0.565861
-0.889719 0.933136 0.069631
-0.776339 0.975187 0.132267
-0.973874 0.471794 -0.075256
-0.550304 0.977862 0.082199
-1.003862 0.398391 -0.004593
-0.641242 0.983592 0.202354
-0.615664 1.001684 -0.176768
0.835824 0.457047 0.255926
-0.120722 -0.754151 -0.540136
-0.570757 0.963011 0.326750
0.635713 0.572457 0.198580
-0.616141 1.258375 -0.785878
-0.944560 0.082103 0.192817
0.881788 0.358273 0.343801
-0.541605 1.183530 -0.769640
0.163666 0.484206 0.311962
0.335675 0.476865 0.388644
0.161342 0.549096 0.129088
0.064876 0.529212 -0.006013
-0.228971 0.461380 0.273826
-0.765053 0.204515 -0.276531
-0.117178 0.538010 -0.014864
-0.698220 1.264467 -0.734522
-0.172107 0.405757 0.321465
0.863167 0.432281 -0.144708
-0.930090 0.016408 -0.108338
-1.003028 0.633915 0.140482
-0.883170 -0.031618 -0.215063
-0.629064 1.207544 -0.641256
-0.536935 0.941686 -0.238554
0.989538 0.311565 -0.126956
-0.090963 0.404970 0.329853
-0.008872 0.461512 0.265581
-0.357256 0.673341 0.303016
-0.466160 0.918353 0.331082
-0.691845 1.084145 -0.336149
1.036906 0.279702 0.008680
-0.644538 0.935176 0.406171
-0.664287 0.983284 0.019991
-0.557885 0.891661 0.433849
1.264313 -0.330232 -0.015999
-0.830565 0.929503 0.326316
-0.172999 0.474079 0.237582
0.074439 1.411336 -0.359916
-0.497419 0.985058 -0.032689
-0.836496 0.071908 -0.256822
-0.703637 0.960215 0.329646
-0.572170 1.168932 -0.646099
1.214428 -0.297815 0.056465
-0.495253 0.967274 0.216594
0.403029 0.113246 0.626101
-0.784150 0.964325 0.004602
0.943058 0.391759 -0.010704
0.859424 0.465215 -0.040242
-0.960538 0.043152 0.000335
-0.250284 0.578691 0.148952
1.318998 -0.325721 0.097037
-1.030088 0.407529 0.083681
-0.052587 0.508070 0.135073
-0.292530 0.613924 0.219378
0.643347 0.552347 -0.154214
-0.585684 1.111454 -0.480100
0.075326 0.511923 0.181375
1.181149 -0.229030 0.072467
0.299879 0.576383 0.172544
-0.236308 0.589925 -0.009010
1.049038 0.242731 0.147859
-0.403048 0.895143 0.221551
1.300051 -0.371419 0.215202
1.231983 -0.352871 0.239296
0.605161 0.550557 0.287066
-0.847680 0.931683 -0.017730
-0.373191 1.058581 -0.030499
-0.165803 0.523579 0.140196
0.740080 0.533183 -0.048815
-0.726032 1.182758 -0.552385
-0.115993 0.469701 0.237073
-0.662575 0.885312 0.477721
1.242696 -0.320245 0.152809
1.178647 -0.301196 0.187626
0.203559 0.539638 0.225424
0.980868 0.353331 0.106647
0.900143 0.434811 0.137389
-0.871268 0.188106 -0.167895
-0.773094 0.970998 0.245279
-0.627356 1.085736 -0.356823
-0.663465 1.169809 -0.520056
-0.752330 1.102714 -0.431965
0.339865 0.543888 0.287171
0.872780 0.462693 0.048996
0.807834 0.507895 0.034137
0.584980 0.593602 -0.028574
-0.569023 -0.866176 0.509682
-0.613766 -0.882493 0.077377
-0.595705 -0.879531 0.322585
-0.526548 -0.801648 0.541723
-0.478845 -0.862039 0.581350
-0.853725 0.303773 -0.187858
-0.660326 -0.862703 -0.009412
-0.600956 -0.854631 0.408897
-0.436800 -0.784618 0.561764
-0.204358 -0.783441 0.544813
-0.049780 -0.836039 0.658252
-0.716592 -0.005864 0.491485
-0.559566 -0.787511 0.451070
-0.747971 0.803443 0.547416
-0.878819 0.494396 0.647428
-0.634372 -0.797425 -0.027497
-0.109658 -0.791093 0.592059
-0.010940 -0.751679 0.626201
0.108110 -0.000831 0.673639
-0.557882 -0.795918 0.064059
-0.922133 0.792858 0.437325
-1.017862 0.423645 0.426810
-0.567356 0.989187 -0.993670
-0.392870 -0.679437 0.133018
-0.068501 -0.716425 0.543051
-0.449766 -0.693866 0.033553
-0.382692 -0.676879 0.443864
0.218469 0.066228 0.651153
-0.000109 -0.660918 0.515718
-0.579235 -0.169835 0.542059
-0.297728 -0.610645 0.446991
0.093382 0.057095 0.595321
-0.700965 0.800539 -0.476997
-0.398778 -0.633665 0.086641
0.126507 -0.609201 0.604265
-0.411604 -0.579822 0.177518
-0.972216 0.778370 0.330385
0.036274 -0.608826 0.515161
-0.749948 0.903683 0.430121
-0.865624 0.695001 0.585240
-0.392909 -0.525574 0.339165
-0.936430 0.588872 0.580369
-0.325791 -0.541494 0.418749
0.033999 -0.012381 0.622174
-0.816447 0.000233 0.408910
0.183587 -0.464453 0.687552
0.072197 -0.480455 0.574662
-0.674920 0.164001 0.472827
-0.000342 -0.162833 0.621016
-0.838438 -0.094855 0.387685
0.103654 -0.407661 0.650554
-0.973125 0.431823 0.542694
0.054306 -0.348499 0.618624
-0.011403 -0.299782 0.548563
-0.976487 0.624156 0.459337
-0.271456 0.002618 -0.506559
0.029777 -0.245874 0.638308
-0.853528 0.845801 0.444539
0.116274 -0.073731 0.729427
-0.877538 -0.151318 0.300076
-0.940180 0.701941 0.499585
-0.879644 0.108021 0.307639
-0.727836 -0.116369 0.479882
-0.615518 0.060717 -0.422770
-0.901267 -0.008050 0.299145
0.031255 -0.074311 0.662203
0.103865 -0.312154 0.692142
-0.944459 0.322907 0.562949
-0.775621 0.108742 0.423879
-0.197445 -0.139317 -0.495924
0.082617 -0.173225 0.711369
-0.276710 -0.862532 -0.480179
-1.023840 0.503509 0.315047
-0.230280 -0.887112 -0.553518
-0.771187 1.210145 -0.680211
-0.558121 -0.858240 0.199716
-0.719978 1.319556 -0.923292
-0.683264 -0.839227 -0.096248
-1.003303 0.528282 0.432156
-0.774773 1.242418 -0.844664
-1.001984 0.596110 0.315436
-0.555940 -0.798932 0.323428
-0.623557 -0.782771 -0.122248
-0.458117 -0.751341 0.144842
-0.207253 -0.807121 -0.519849
-0.493083 -0.773129 0.232368
-0.040076 0.040233 -0.551584
-0.925943 0.878005 0.307034
-0.423966 -0.699179 0.238270
-0.492875 -0.744715 0.288965
-0.477142 -0.714730 0.370444
-0.249677 -0.793215 -0.430830
-0.550915 -0.734663 -0.043469
-0.477600 -0.735968 0.490396
-0.166240 -0.729115 -0.447427
-0.450743 -0.718586 -0.235875
-0.538644 -0.728206 -0.147947
-0.473987 -0.665316 -0.112339
-0.064248 -0.685435 -0.491256
-0.708727 0.755469 -0.304554
-0.377961 -0.621394 0.350600
-0.024668 1.354704 -0.360858
-0.017880 1.296675 -0.424874
-0.424599 -0.620392 -0.221877
-0.630080 1.311716 -1.074200
-0.017749 -0.603142 -0.516438
-0.077013 -0.626916 -0.401386
-0.439302 -0.630844 -0.024784
-0.976184 0.603131 -0.026431
-0.701336 0.966177 -0.730650
0.738507 0.389061 -0.333948
-0.459036 -0.592624 -0.127337
-0.955275 0.709502 -0.015222
-0.378305 -0.622571 0.212931
-0.993987 0.677316 0.257765
-0.876569 0.628318 -0.173612
-0.765224 1.005125 -0.313521
-0.772280 0.922664 -0.345280
-0.782413 0.823119 -0.206390
-0.294512 1.170494 -0.189928
-0.059840 -0.532628 -0.445508
-0.704555 -0.075527 -0.398318
-0.786667 1.015093 -0.498179
-0.989054 0.629613 0.368309
-0.683725 -0.453664 -0.121947
-0.823005 0.724529 -0.185982
-0.402221 1.067931 -0.112710
-0.754825 -0.422960 -0.012611
-0.934163 0.567563 -0.125233
-0.024104 -0.495063 -0.553312
-0.787061 1.065990 -0.474192
-0.719498 1.100024 -0.800584
-0.764051 0.938898 -0.195882
0.135319 1.410140 -0.482900
-0.704294 -0.388193 -0.219864
-0.777317 -0.361502 -0.135630
-0.753091 0.955934 -0.533391
-0.839582 -0.325700 -0.014210
-0.868243 -0.285415 0.114196
-0.962363 0.861722 0.062739
-0.992838 0.773806 0.171174
-0.019350 -0.365507 -0.639258
0.606893 0.350750 -0.407312
-0.772297 -0.283546 -0.259464
-0.706057 1.256892 -0.980348
-0.965714 0.879255 0.174087
-0.879911 0.856064 -0.060130
-0.352796 0.238999 -0.446046
-0.063376 -0.415490 -0.516022
-0.856900 -0.251101 -0.140602
-0.632024 1.026815 -0.967805
-1.018999 0.500447 0.045223
-0.913390 -0.198574 -0.010332
-0.924626 -0.175491 0.128465
-0.799237 0.921139 -0.093530
-0.092248 -0.275411 -0.543889
-0.848814 -0.161967 -0.245002
-0.732395 0.876504 -0.537395
-0.654715 0.788364 -0.512322
-0.086076 -0.161457 -0.590837
-0.764352 -0.180156 -0.343773
-0.763627 1.058154 -0.648913
0.250024 0.428109 -0.347555
-0.909636 -0.124980 -0.135892
-0.947373 -0.073010 -0.047822
-0.959158 -0.073668 0.052104
-0.747952 0.822519 -0.339802
-0.685419 0.917806 -0.805400
-0.673307 1.077183 -0.881833
-0.927560 0.670905 -0.097955
-0.043644 -0.115412 -0.643032
-0.946260 -0.057343 0.181598
-0.917883 -0.157359 0.212657
-0.344139 1.091916 -0.211749
-0.986721 0.707664 0.313415
-0.794196 1.133577 -0.664999
-0.622554 1.184393 -1.051682
-0.813103 -0.062231 -0.313355
-0.901130 0.751349 -0.096297
-0.975472 0.304902 0.066065
-0.946566 0.350905 -0.085925
-1.036706 0.469943 0.178476
0.031525 -0.021469 -0.638529
1.173217 -0.212337 -0.072400
-0.014480 0.471620 -0.243278
0.794905 0.293015 -0.370984
-0.210880 1.142357 -0.319795
-0.558834 -0.788820 -0.222098
-0.580947 0.973687 -0.040712
0.631900 0.048540 -0.563935
0.194947 1.356973 -0.563260
0.165861 0.316930 -0.437343
-0.539872 0.947889 -0.129909
-0.453534 0.955859 -0.161587
-0.147674 0.330267 -0.411751
0.883630 0.351473 -0.256528
0.770784 0.214786 -0.428641
-0.494962 0.852123 -0.192641
0.316030 0.153266 -0.525319
0.343851 0.350081 -0.424561
0.761782 0.120291 -0.479742
-0.429742 0.461966 -0.305380
0.472080 0.044628 -0.620072
-0.511367 0.845045 -0.273164
-0.408257 0.362691 -0.372005
0.998040 0.039535 -0.364478
-0.122978 -0.837846 -0.598226
0.087226 0.068587 -0.569392
0.165365 0.043864 -0.621485
-0.434364 0.742787 -0.186330
0.311770 0.047915 -0.637677
0.696526 0.325459 -0.399358
0.869856 -0.009585 -0.477984
1.312862 -0.497890 -0.159850
1.346635 -0.357059 -0.008983
0.469809 0.303087 -0.455702
1.242405 -0.474516 -0.193802
-0.695081 0.372976 0.684458
0.510304 0.427272 -0.364451
0.878255 0.167705 -0.395865
-0.022384 -0.819112 -0.621755
0.386338 0.001159 -0.682089
0.248658 0.090962 -0.569604
0.359534 0.236664 -0.489958
0.011652 0.285840 -0.445912
0.783214 0.441685 -0.249534
0.225686 0.226474 -0.491780
0.155773 -0.008640 -0.690474
0.628194 -0.070841 -0.627465
0.263699 -0.023050 -0.713240
1.011894 -0.080976 -0.393856
-0.303026 0.599551 -0.132268
0.416401 0.562266 -0.171448
0.453723 0.111142 -0.552288
0.740528 -0.062460 -0.568633
0.532588 0.585821 -0.121550
0.743319 0.498571 -0.185886
-0.289882 0.385611 -0.375576
0.068101 0.207347 -0.491601
0.508588 -0.029014 -0.659796
0.546962 0.262762 -0.467873
-0.078655 0.428811 -0.328197
0.642129 0.216820 -0.466133
0.923159 0.258022 -0.311671
0.887932 -0.773896 -0.292283
-0.403303 0.640750 -0.200022
1.184811 -0.335503 -0.099018
0.152703 0.514902 -0.159380
0.061381 0.392668 -0.362882
1.224602 -0.399809 -0.144905
-0.324235 0.550060 -0.212847
-0.285361 0.472564 -0.291102
0.281002 0.513631 -0.231009
0.141579 0.470010 -0.262386
0.542358 0.531919 -0.238353
1.294752 -0.399327 -0.121143
-0.547380 1.301586 -1.058700
-0.193132 0.435690 -0.335725
1.006893 0.150715 -0.297926
0.407193 0.484160 -0.303843
0.655996 0.471454 -0.285492
0.359935 -0.933779 -0.527607
0.524064 -0.915164 -0.505829
0.001452 -0.880721 -0.611591
0.624785 -0.846364 -0.506846
-0.402553 0.062752 -0.492144
-0.450566 -0.875234 -0.324796
-0.641872 -0.866454 -0.200793
0.201919 -0.882051 -0.581937
-0.550267 0.452255 -0.308852
0.959675 -0.815599 -0.216795
0.419409 -0.877915 -0.543643
0.438134 -0.814687 -0.564148
0.087462 -0.794183 -0.611020
0.270804 -0.812571 -0.587586
-0.473640 -0.807656 -0.287395
-0.549811 -0.858949 -0.280773
0.506520 -0.727077 -0.596345
1.076694 -0.798161 -0.179439
0.998932 -0.728221 -0.252989
-0.196408 1.041881 -0.327750
-0.370064 -0.778615 -0.316149
-0.492063 0.101217 -0.463464
0.331806 -0.746669 -0.607942
-0.033165 -0.755144 -0.588127
1.096919 -0.721249 -0.224614
0.183441 -0.710968 -0.628894
-0.331343 -0.652660 -0.296540
-0.529801 0.334182 -0.354928
0.615624 -0.644107 -0.611709
0.043642 -0.671830 -0.599158
-0.127671 -0.674612 -0.385919
-0.235077 -0.715163 -0.353723
-0.647614 0.439700 -0.295856
-0.085497 1.014195 -0.355201
1.212132 -0.704571 -0.170863
1.093174 -0.618739 -0.245917
0.701104 -0.709346 -0.551471
0.493122 -0.619174 -0.645240
-0.804176 0.414672 -0.240577
0.999885 -0.648628 -0.275211
0.748510 -0.586685 -0.571646
-0.141954 -0.640758 -0.341828
0.316172 -0.614710 -0.667613
0.135583 -0.576229 -0.678420
1.215649 -0.591605 -0.213989
1.168725 -0.487064 -0.206972
-0.741479 0.053296 -0.349104
0.621909 -0.524216 -0.632915
0.032336 -0.526721 -0.633424
-0.117696 -0.562980 -0.361015
-0.115812 -0.407838 -0.432289
-0.281224 -0.529463 -0.336747
0.149192 0.136837 -0.529714
0.449711 -0.530440 -0.676966
-0.512238 0.717164 -0.243942
-0.205590 -0.604239 -0.328139
-0.370584 -0.559358 -0.292268
-0.433528 -0.532281 -0.247433
-0.604381 0.583923 -0.281613
-0.184867 -0.476154 -0.369259
-0.359141 -0.440887 -0.354562
0.349384 -0.454850 -0.715317
0.213104 -0.480223 -0.726635
-0.510170 0.214652 -0.416641
-0.228097 0.231243 -0.465059
0.059964 -0.891140 0.684958
-0.606957 -0.446384 -0.231552
-0.739213 0.352000 -0.269439
0.732866 -0.369157 -0.600971
0.413924 -0.342659 -0.721962
0.097565 -0.401325 -0.729044
-0.452927 -0.440260 -0.318927
-0.638343 0.190364 -0.364829
-0.319522 0.770551 -0.161838
0.808161 -0.453390 -0.552473
0.541004 -0.405425 -0.674773
-0.207419 -0.302765 -0.439214
-0.525788 -0.435985 -0.300694
-0.471899 0.569238 -0.265372
-0.337952 1.019844 -0.246564
-0.306937 -0.315481 -0.429805
-0.504114 -0.345204 -0.395444
-0.602127 -0.344400 -0.359628
-0.718481 -0.418998 0.222569
-0.721332 0.667345 -0.259164
0.674210 -0.293030 -0.634831
0.136629 -0.260378 -0.770571
-0.258926 -0.408026 -0.390194
0.148098 1.154986 -0.493907
0.905105 -0.293472 -0.492895
0.805693 -0.195431 -0.559362
0.251940 -0.338111 -0.754554
0.035130 -0.246908 -0.735396
-0.677235 -0.353368 -0.297961
-0.632151 0.931866 -0.933353
0.546559 -0.271744 -0.686598
-0.407167 -0.315760 -0.421493
-0.564985 -0.280812 -0.426101
-0.700480 -0.274226 -0.350901
0.079907 1.275234 -0.500522
0.017052 0.121218 -0.524651
-0.142902 -0.249460 -0.478482
0.264579 1.302843 -0.591128
-0.280386 0.147442 -0.489057
0.390593 -0.231678 -0.735348
-0.046809 -0.212608 -0.658305
-0.124989 -0.147875 -0.530280
-0.639156 -0.205955 -0.417044
-0.918271 0.260156 0.243195
0.117398 1.362310 -0.516827
-0.416113 0.836702 -0.189383
0.021245 1.137350 -0.441060
-0.071992 1.181076 -0.409284
0.935946 -0.149066 -0.471239
0.669626 -0.177492 -0.631707
-0.328140 -0.179265 -0.479713
-0.115956 0.156726 -0.492727
0.350286 -0.099631 -0.729008
0.244339 -0.204322 -0.765806
-0.642766 0.323228 -0.316269
-0.493977 -0.206156 -0.462103
0.757845 0.028176 -0.526866
0.175114 1.244161 -0.543542
0.525193 -0.145253 -0.687310
0.013886 -0.126300 -0.709560
-0.417995 -0.071238 -0.498293
-0.718308 0.497478 -0.274961
-0.344067 0.923678 -0.233736
0.143195 -0.121765 -0.750872
0.069654 -0.060356 -0.714242
-0.073838 -0.069850 -0.577952
-0.140607 -0.933898 -0.552986
0.098173 -0.940317 -0.563375
0.706443 -0.896621 -0.420274
0.284605 -0.952862 -0.489664
0.553173 -0.934286 -0.453021
-0.007249 -0.950162 -0.488671
0.209670 -0.934453 -0.455253
0.694243 -0.920421 -0.323451
0.463754 -0.927634 -0.390612
-0.273587 -0.925207 -0.482001
-0.114397 -0.929747 -0.425672
0.048641 -0.916959 -0.445496
0.257159 -0.905282 -0.417174
0.595400 -0.932401 -0.245995
-0.147991 -0.918466 -0.338629
-0.048467 -0.902474 -0.400528
0.137038 -0.884973 -0.388562
0.372036 -0.885706 -0.362275
0.508636 -0.899034 -0.297532
-0.327227 -0.865143 -0.388261
0.245179 -0.866809 -0.294485
0.631107 -0.938860 -0.135149
-0.411845 -0.936297 -0.317596
0.010150 -0.882079 -0.292372
0.424318 -0.872129 -0.278962
0.540878 -0.932252 -0.097458
0.826441 -0.891618 -0.210794
0.500551 -0.908742 -0.171429
0.969681 -0.873170 -0.138939
0.463420 -0.881430 -0.202608
0.678617 -0.936242 -0.086411
-0.249765 -0.948055 -0.371703
-0.200832 -0.934024 -0.272187
0.149531 -0.866005 -0.171609
0.874955 -0.924679 -0.069735
-0.871602 0.195821 0.293053
0.729929 -0.937719 -0.141459
1.035432 -0.878041 -0.041086
-0.537832 -0.925815 -0.262498
0.028461 -0.880423 -0.119903
0.719682 -0.936233 -0.019114
-0.813724 0.208909 0.404254
-0.403638 -0.956550 -0.152822
0.804951 -0.938164 0.033101
0.454761 -0.915884 -0.029818
0.816982 -0.922954 0.217902
1.096792 -0.860749 0.045091
-0.171692 -0.936919 -0.036368
-0.235904 -0.943729 -0.201326
0.337308 -0.868402 -0.126629
0.950767 -0.911655 0.074871
-0.607934 -0.941253 -0.147138
-0.295744 -0.948600 -0.005824
0.419736 -0.889334 -0.054034
0.431714 -0.906457 0.076965
0.522814 -0.929511 0.076386
1.188335 -0.805625 0.092949
-0.197350 -0.940742 0.055704
0.709267 -0.936330 0.101911
1.070624 -0.863350 0.129917
-0.399107 -0.954569 0.076775
0.617578 -0.935836 0.107789
0.975056 -0.886137 0.189260
1.266667 -0.739681 0.141687
-0.685425 -0.901085 -0.109820
-0.643054 -0.929603 -0.018185
-0.065018 -0.930238 0.105519
0.504997 -0.912770 0.191715
0.630121 -0.931709 0.224801
0.506936 -0.896453 0.263236
0.957470 -0.857756 0.268030
1.113705 -0.808557 0.221032
-0.012715 -0.904015 0.032972
0.187892 -0.873379 0.068252
0.396632 -0.883712 0.115459
-0.120776 -0.938872 0.104825
-0.031195 -0.917862 0.184545
0.696595 -0.930669 0.360185
0.876730 -0.872708 0.307387
0.989792 -0.780126 0.336232
1.044613 -0.801489 0.298750
-0.588746 -0.929556 0.106743
-0.545148 -0.956881 0.007944
0.880292 -0.821114 0.380366
0.571041 -0.915275 0.276287
0.801491 -0.905388 0.346114
-0.505904 -0.525527 -0.163657
-0.109200 -0.935066 0.236856
0.379939 -0.876191 0.285822
0.559832 -0.909919 0.357025
-0.698520 0.850229 -0.681669
-0.469635 -0.524023 0.261013
-0.504616 -0.943816 0.238228
0.042322 -0.892703 0.216621
0.425153 -0.882097 0.398494
-0.572566 -0.919184 0.289740
-0.046400 -0.915176 0.300111
0.542907 -0.926839 0.496486
-0.794298 0.363627 0.657102
-0.779612 0.227663 0.500655
-0.597067 -0.513846 -0.102022
-0.456210 -0.588151 0.014588
-0.284255 -0.944963 0.291659
0.172883 -0.873170 0.284019
0.337424 -0.924198 0.525688
0.636076 -0.910270 0.533996
-0.881286 0.268226 0.538852
-0.676643 0.214146 0.487250
-0.653237 -0.409974 0.332111
-0.514211 -0.351139 0.471433
0.032951 -0.893668 0.366532
0.223307 -0.878458 0.412356
0.688535 -0.860049 0.537348
-0.700958 0.296578 0.631989
-0.552685 -0.547720 0.007831
0.040236 -0.904914 0.475223
-0.869761 -0.241764 0.227252
-0.673302 0.250403 0.557059
-0.658493 -0.500260 0.001033
-0.018754 -0.929596 0.544059
-0.889164 0.348870 0.605973
-0.767388 -0.302501 0.337143
0.250955 -0.925604 0.614104
-0.592280 -0.278244 0.499467
-0.425723 -0.420503 0.436800
-0.521700 -0.444944 0.367147
-0.506132 -0.550181 0.145014
-0.562609 -0.921780 0.406969
-0.106436 -0.927816 0.427605
0.132737 -0.920802 0.547307
-0.693110 -0.244551 0.461615
-0.583833 -0.485522 0.251372
-0.251944 -0.931631 0.513127
-0.159189 -0.874841 0.594558
0.462581 -0.884350 0.602105
-0.794469 -0.191750 0.404926
-0.626507 -0.506835 0.128058
-0.896298 0.254335 0.450795
-0.940348 0.285608 0.338564
-0.103648 -0.930252 0.572086
0.032033 -0.930949 0.623248
-0.796370 -0.380629 0.110157
-0.955616 0.303364 0.510037
-0.720604 -0.455936 0.095150
-0.632597 -0.349377 0.422286
-0.811806 -0.333738 0.216265
-0.504444 -0.919731 0.532434
-0.425615 -0.943265 0.449587
-0.058326 -0.904949 0.647872
-0.569121 0.788807 -0.412908
-0.217590 0.939132 -0.287049
0.133275 0.993785 -0.324349
-0.605590 0.808402 -0.561549
-0.548277 1.115541 -1.090616
-0.514244 1.063863 -1.014281
0.244338 1.085922 -0.436261
-0.187174 0.823626 -0.128073
-0.538368 0.778820 -0.308484
-0.116677 0.937480 -0.304179
0.082458 1.047128 -0.402170
-0.306576 0.734921 -0.023088
-0.644069 0.763135 -0.398132
-0.613989 0.714904 -0.297664
-0.546119 1.243003 -1.123109
0.001209 0.913816 -0.221462
-0.162183 0.856640 -0.092054
-0.654140 0.824350 -0.662292
0.309566 1.171838 -0.482780
-0.098001 0.891363 -0.252144
-0.592542 0.885658 -0.808387
-0.530085 0.966779 -0.858099
-0.273430 0.861346 -0.231394
0.247008 1.181821 -0.532032
-0.544301 0.870241 -0.626123
-0.659143 0.872549 -0.822901
-0.114748 -0.911536 -0.179711
0.443118 -0.904325 0.452801
0.140282 -0.895740 0.486316
0.267758 -0.898110 0.480888
-0.183104 -0.940454 0.162300
-0.273046 -0.944611 0.109111
0.626443 -0.934990 -0.009537
0.354573 -0.882667 0.439749
