0.938245 0.230001 0.325421
0.410384 -0.724828 0.604044
-0.039464 0.480384 -0.111268
0.159630 0.242667 0.481247
0.302008 0.086913 0.606624
0.126330 -0.707274 0.609915
0.273637 -0.753024 0.614789
-0.244040 -0.682808 0.461230
-0.373874 -0.725540 0.487886
0.029659 -0.688936 0.550269
0.077023 -0.651927 0.536260
-0.226598 0.532863 -0.096283
0.259730 -0.631969 0.632866
0.438479 -0.673798 0.634235
0.516284 -0.686137 0.613105
-0.135725 -0.596929 0.446775
0.956003 -0.652475 0.363970
-0.077849 -0.646375 0.454726
0.376001 -0.619054 0.658821
0.578744 -0.552171 0.648953
-0.195830 -0.563681 0.457599
-0.776516 0.558607 0.652822
-0.406384 0.919022 0.073224
1.052527 -0.506548 0.338717
1.129925 -0.541356 0.328862
0.192522 0.403371 0.383096
-0.250057 -0.496290 0.452565
0.325796 -0.493855 0.696569
0.459007 -0.597270 0.668449
0.282800 0.363311 0.436341
-0.126765 -0.446941 0.467194
0.399987 -0.542257 0.695415
0.453463 -0.461531 0.709380
-0.011208 1.298629 -0.256754
-0.057585 -0.370016 0.463511
-0.690252 1.004745 -0.677774
0.245815 0.544192 0.046182
-0.003852 -0.497873 0.458897
1.140875 -0.466020 0.303855
0.480736 0.553158 0.195531
-0.532439 -0.053682 -0.437528
-0.322241 -0.431105 0.433007
-0.194561 -0.444352 0.480932
-0.070372 -0.529100 0.439141
-0.892486 0.219933 0.136314
0.271176 -0.391863 0.715459
1.192572 -0.404994 0.264068
0.355920 -0.357842 0.731578
-0.267059 -0.373243 0.486552
-0.579307 0.996192 -0.311650
-0.382224 -0.316335 0.485324
0.602792 0.556720 0.085797
0.468976 -0.320616 0.728995
0.132020 0.328188 0.427203
-0.191779 -0.287368 0.502308
-0.705496 0.580568 0.649654
0.028981 0.360633 0.363497
-0.483037 -0.238100 0.510220
-0.299270 -0.247134 0.518362
-0.112835 -0.267272 0.487383
-0.151950 1.228844 -0.242084
0.222653 -0.281077 0.720462
-0.057601 1.289700 -0.261074
0.632984 0.471616 0.330981
0.373994 -0.215993 0.738602
0.556006 -0.207819 0.705900
0.213958 -0.139911 0.731707
-0.232252 1.114280 -0.096325
-0.067955 -0.202083 0.497344
-0.696128 0.949712 -0.131150
-0.395799 -0.198129 0.533327
-0.237842 -0.123529 0.521829
0.252500 0.527357 -0.087807
0.469881 -0.112267 0.720246
0.445303 0.393548 0.426625
-0.328389 -0.140443 0.538403
1.044200 0.111992 -0.182493
-0.465389 -0.164606 0.539686
-0.013729 -0.082181 0.550077
0.331308 -0.107459 0.736387
0.492105 0.575920 0.070617
1.076557 0.098580 0.096016
0.056189 0.466340 -0.155067
-0.432856 -0.075603 0.541027
0.250819 -0.028932 0.699026
0.396428 -0.049504 0.716004
-0.947493 0.335262 0.423426
-0.583591 -0.046987 0.514869
-0.720309 1.155462 -0.802871
0.354739 0.278368 0.486696
-0.301838 -0.013633 0.527209
-0.116406 -0.084837 0.511559
0.507343 -0.033603 0.691333
-0.120560 1.219417 -0.178657
-0.379002 0.074821 0.515166
-0.171858 0.085801 0.490679
0.497976 0.485651 0.336144
0.310740 0.047998 0.648122
0.425098 0.025274 0.664299
0.577058 0.026669 0.637438
-0.003438 0.033144 0.528016
-0.853969 0.906762 0.197079
-0.764288 0.283562 0.562573
0.702406 0.519977 0.108465
0.409243 0.565748 -0.023352
-0.018451 0.109793 0.501880
0.782954 0.474522 0.140112
-0.620079 0.063856 0.481034
-0.528425 0.169000 0.464213
-0.495476 0.054016 0.514679
0.122408 0.136130 0.521383
0.531308 0.096217 0.592093
1.046539 0.187616 0.045663
-0.692990 0.473784 0.669814
-0.278471 0.134173 0.485020
0.622954 0.081212 0.589248
-0.161368 0.490377 -0.163228
-0.431159 0.153192 0.482528
0.651161 0.142506 0.536386
0.495515 0.166051 0.535807
-0.750599 0.661613 0.615200
0.697450 0.494849 0.242923
-0.582158 0.220949 0.454531
-0.212133 0.191839 0.453137
-0.009709 0.232918 0.450488
0.239319 0.206079 0.509956
0.380281 0.568906 0.094895
-0.707122 0.987783 -0.259707
-0.235884 1.151856 -0.147908
-0.348745 0.186746 0.465529
0.610783 0.258112 0.475106
0.991889 0.209477 0.253174
-0.760944 0.449098 0.663566
-0.396953 0.262426 0.424970
-0.259909 0.283447 0.395368
-0.132238 0.273225 0.401437
-0.379073 -0.881091 0.541124
0.404690 -0.802413 0.586034
-0.128842 -0.022676 -0.496766
-0.265147 -0.859099 0.542385
0.915547 0.338230 0.224023
0.258695 -0.814725 0.627795
-0.348424 -0.826008 0.549550
0.090725 -0.798431 0.653205
0.176411 -0.770744 0.639881
0.578198 -0.772310 0.553705
0.461646 0.234928 0.501155
0.616589 -0.677574 0.583946
0.734021 -0.768060 0.491044
0.837335 -0.714430 0.431395
-0.323805 -0.763619 0.516867
0.063331 0.983336 -0.204499
-0.157334 1.022334 -0.098605
0.721333 -0.686224 0.522871
1.105030 -0.701323 0.294770
1.194805 -0.697563 0.227614
-0.530481 0.353021 0.535063
1.064082 -0.632422 0.334966
-0.170433 1.192614 -0.277138
1.188193 -0.585927 0.306211
0.732851 -0.610172 0.551280
1.219623 -0.641244 0.262535
-0.566790 0.284841 0.494678
0.048644 1.299515 -0.305217
0.672620 -0.616201 0.584784
0.808894 -0.609537 0.496348
0.903764 -0.605715 0.424854
0.875666 -0.525457 0.476074
0.961964 -0.543119 0.398919
0.732344 -0.522145 0.579526
1.219424 -0.474484 0.283668
1.282992 -0.560146 0.232527
1.264711 -0.516181 0.269858
0.508104 0.315990 0.465430
0.937353 0.107636 0.410234
0.647613 -0.419518 0.656154
0.840959 -0.444561 0.524351
1.311110 -0.458610 0.196931
0.108697 1.061672 -0.265907
0.759383 -0.361962 0.598216
0.963420 -0.413125 0.423120
-0.391676 0.454750 0.409864
0.780177 0.125749 0.509140
0.708774 0.025480 0.589820
0.457399 0.189129 -0.470981
0.216902 1.280506 -0.452732
0.755290 0.222227 0.461723
1.139449 -0.387659 0.252003
-0.264789 0.822512 -0.030685
-0.482682 0.796261 0.394621
0.299586 0.147572 0.547111
0.221407 1.162664 -0.403869
0.660075 -0.278012 0.666991
0.874460 -0.359076 0.515412
1.070520 -0.351336 0.299316
-0.404496 0.393476 0.422236
0.605893 0.388767 0.405959
0.975352 0.220244 -0.204656
0.174113 1.221482 -0.394875
0.740362 0.406757 0.342760
0.803763 0.302929 0.394571
-0.311340 0.511219 0.287689
1.057395 0.082134 0.217912
0.561797 -0.371064 0.700505
0.937546 -0.268299 0.475252
-0.504498 0.670350 0.454126
0.771056 -0.208031 0.608130
0.845584 -0.272712 0.552250
-0.053509 0.983856 -0.139375
0.246138 1.326152 -0.526354
-0.472613 0.412019 0.494621
-0.473758 0.351007 0.461401
-0.009283 1.165097 -0.236448
-0.563132 0.744891 0.486958
-0.491258 0.277916 0.440622
0.691191 -0.126508 0.645900
1.023581 -0.251258 0.375846
-0.409313 0.342803 0.408831
0.862834 0.200511 0.419691
-0.603414 0.326477 0.592664
0.939990 -0.034120 0.460862
-0.301011 0.928617 0.007397
-0.440421 0.716975 0.370213
-0.496005 0.521306 0.498319
0.106423 0.973996 -0.247362
0.118876 1.264900 -0.363097
-0.553354 0.410482 0.584505
-0.512994 0.950458 -0.669687
0.883248 -0.162312 0.530381
1.033756 -0.106036 0.360953
0.601553 -0.066625 0.671554
1.076413 -0.053712 0.269070
1.099670 -0.104218 -0.160686
0.103408 1.154135 -0.314773
-0.914077 0.132654 0.089916
-0.110832 1.168968 -0.161749
0.720090 0.319850 0.418120
-0.221131 0.905266 -0.038165
-0.440689 0.617933 0.400737
-0.329701 0.859679 0.035362
1.010464 0.067410 0.332558
-0.615973 0.517928 0.618145
0.811984 -0.070102 0.570249
0.974269 -0.157397 0.447587
-0.777233 0.545529 -0.215771
-0.007603 1.067911 -0.203321
-0.656269 0.676529 0.578826
-0.330950 0.384340 0.363108
0.160019 1.357410 -0.428724
-0.280174 1.018603 -0.033554
-0.623634 0.795138 0.499369
-0.413893 0.799424 0.305128
-0.393300 0.542817 0.380023
-0.620013 0.404179 0.646512
0.853202 0.057305 0.502792
-0.574523 0.621110 0.541844
0.729415 -0.857762 0.435111
0.813899 -0.797979 0.415814
0.774784 -0.801021 0.457158
1.156425 -0.767389 -0.013325
-0.511887 1.155827 -1.029981
1.242433 -0.712672 0.035989
1.107497 -0.768611 -0.101358
0.762817 -0.835268 -0.283680
-0.369629 0.767402 0.211464
-0.659582 1.154502 -0.908045
0.760325 -0.806848 -0.360880
0.721352 -0.819962 -0.423019
-0.509003 1.056092 -0.879273
1.042455 -0.054582 -0.284938
0.202717 -0.854014 0.644423
0.751990 -0.744874 -0.444707
-0.859586 0.086383 -0.152003
1.293138 -0.657899 0.060074
1.261825 -0.656907 -0.051912
1.050379 0.023670 -0.231701
1.331241 -0.577971 0.041371
-0.506289 0.954561 -0.535223
0.826948 -0.700317 -0.378084
0.816892 -0.618514 -0.454252
1.107903 0.013718 0.026332
-0.355765 0.800323 0.093036
-0.345252 0.649844 -0.096117
1.286914 -0.628031 0.161449
-0.522094 1.168941 -0.913694
1.267843 -0.581170 -0.134466
0.917664 -0.593330 -0.331658
-0.543594 0.982883 -0.370576
1.326128 -0.513697 -0.057019
-0.509659 1.049602 -0.718553
-0.949099 0.324570 0.211817
-0.142099 0.451341 -0.255917
1.338840 -0.524377 0.128374
1.356273 -0.490074 0.036901
0.898893 -0.541341 -0.402335
0.855702 -0.504095 -0.459159
1.353497 -0.444158 0.094377
1.314183 -0.424553 -0.074831
-0.896413 0.166606 -0.026917
1.328268 -0.381189 0.103494
1.345807 -0.421611 0.009240
0.958133 -0.467001 -0.347887
-0.323747 0.672059 0.131807
0.920421 -0.386185 -0.411333
-0.517641 0.919618 -0.373938
-0.116210 0.903909 -0.102459
1.022490 -0.342348 -0.291942
-0.930118 0.034970 0.092775
-0.979111 0.380187 0.293241
-0.521413 0.860023 -0.431547
-0.529023 1.032285 -0.541647
-0.885508 0.259513 -0.071680
0.979981 -0.284064 -0.363078
1.046581 -0.464776 -0.230837
1.096819 0.013782 -0.099340
-0.986748 0.373960 0.161150
1.053355 0.150567 -0.058475
1.091252 -0.257428 -0.189388
1.042005 -0.236278 -0.288903
0.984330 -0.191306 -0.371497
0.206582 1.055354 -0.339716
-0.883863 0.164099 0.192936
-0.301004 0.627886 0.022593
-0.921925 0.762320 0.031559
1.126486 -0.104015 -0.003921
-0.858460 0.446475 -0.159160
-0.043479 0.907004 -0.162130
1.093826 -0.204093 0.245300
1.054298 -0.148045 -0.276929
0.280177 1.238574 -0.502563
1.109517 -0.066772 0.144581
-0.620843 1.310013 -0.990614
-0.581843 1.257299 -0.919431
-0.651236 1.286508 -0.889624
0.293243 1.241810 -0.544627
-0.860688 0.897698 0.071981
-0.756458 0.935689 0.129876
-0.936606 0.461979 -0.063897
-0.540282 0.937964 0.080062
-0.965070 0.394368 0.002339
-0.628187 0.943579 0.196766
-0.610276 0.963173 -0.177575
0.807533 0.432698 0.243830
-0.109092 -0.751582 -0.517102
-0.562371 0.924736 0.313622
0.617727 0.541885 0.190510
-0.613327 1.216636 -0.776403
-0.906513 0.078186 0.182391
0.851964 0.339265 0.325716
-0.546095 1.147885 -0.758430
0.165183 0.457707 0.295750
0.331149 0.452211 0.367716
0.163344 0.518871 0.123854
0.066147 0.498707 -0.004607
-0.232158 0.438700 0.255663
-0.737419 0.196424 -0.255458
-0.119276 0.507647 -0.013746
-0.683205 1.220046 -0.726757
-0.169352 0.382923 0.301332
0.833383 0.408609 -0.136238
-0.892422 0.015273 -0.099103
-0.962910 0.617607 0.139288
-0.847839 -0.031226 -0.200709
-0.624468 1.166058 -0.634892
-0.542924 0.912352 -0.235635
0.954153 0.293126 -0.119587
-0.086967 0.381601 0.310315
-0.005813 0.434777 0.250749
-0.366559 0.653814 0.287624
-0.468400 0.886224 0.315430
-0.674157 1.044178 -0.337557
0.999234 0.262761 0.009517
-0.631815 0.898651 0.388115
-0.650233 0.943237 0.019052
-0.554234 0.860446 0.412027
1.232104 -0.341349 -0.009829
-0.806308 0.893380 0.312342
-0.171875 0.447870 0.221899
0.072656 1.363650 -0.359236
-0.480940 0.945974 -0.031892
-0.804510 0.066562 -0.238892
-0.686811 0.921685 0.316936
-0.573498 1.131098 -0.638436
1.176850 -0.306994 0.055926
-0.491501 0.928885 0.208988
0.394575 0.097275 0.598828
-0.761075 0.926099 0.007128
0.909392 0.370045 -0.008669
0.830036 0.439909 -0.036490
-0.921246 0.041165 0.003573
-0.260235 0.555129 0.140462
1.283468 -0.336873 0.093008
-0.989667 0.402878 0.085042
-0.051755 0.478491 0.127059
-0.303382 0.593388 0.208065
0.624519 0.523107 -0.144531
-0.585635 1.074054 -0.476391
0.078381 0.482797 0.172511
1.137577 -0.228826 0.069791
0.297116 0.545416 0.164928
-0.243544 0.562146 -0.007312
1.010433 0.228091 0.141603
-0.410610 0.866016 0.211773
1.262619 -0.376148 0.199548
1.203444 -0.361619 0.223108
0.589532 0.521579 0.272701
-0.819225 0.897697 -0.010140
-0.359021 1.021492 -0.040670
-0.168060 0.495100 0.130411
0.716404 0.504494 -0.045012
-0.705150 1.141261 -0.548973
-0.113984 0.442976 0.222096
-0.649646 0.852331 0.454680
1.211297 -0.331829 0.144272
1.139238 -0.304872 0.175649
0.204382 0.510428 0.214440
0.945304 0.333637 0.102999
0.868288 0.411339 0.132487
-0.836959 0.182252 -0.153449
-0.753443 0.931810 0.237065
-0.621753 1.046531 -0.356925
-0.653966 1.127993 -0.517164
-0.723445 1.067240 -0.430140
0.335445 0.515031 0.272631
0.842364 0.437750 0.048145
0.781138 0.480384 0.034186
0.569128 0.562048 -0.025852
-0.540643 -0.845317 0.488903
-0.583319 -0.866279 0.067302
-0.563861 -0.859581 0.318418
-0.504367 -0.794878 0.517539
-0.462972 -0.842637 0.550571
-0.822159 0.298861 -0.170016
-0.629128 -0.847939 -0.017831
-0.568906 -0.838779 0.398847
-0.425535 -0.779400 0.533811
-0.197624 -0.776546 0.516230
-0.041012 -0.823397 0.627031
-0.691665 -0.007690 0.464471
-0.532858 -0.783628 0.438516
-0.729780 0.773726 0.521616
-0.849167 0.484377 0.618008
-0.607726 -0.794207 -0.032818
-0.098640 -0.784734 0.565106
-0.003714 -0.747961 0.598952
0.113850 -0.012682 0.646032
-0.533668 -0.792553 0.054873
-0.889427 0.765744 0.418960
-0.977587 0.416609 0.413963
-0.561081 0.982993 -0.960426
-0.367281 -0.674405 0.127660
-0.060149 -0.714993 0.518913
-0.425855 -0.691265 0.026363
-0.366810 -0.677677 0.424128
0.218409 0.051175 0.624112
0.007783 -0.658675 0.490888
-0.560753 -0.162823 0.512529
-0.280454 -0.601764 0.421813
0.099876 0.043951 0.569686
-0.674708 0.799450 -0.463092
-0.371873 -0.617655 0.078970
0.136199 -0.597556 0.576298
-0.390548 -0.553433 0.168797
-0.933936 0.756229 0.318955
0.046662 -0.598833 0.488348
-0.729814 0.868859 0.410903
-0.837386 0.671109 0.559332
-0.371481 -0.503596 0.322676
-0.901749 0.572255 0.556801
-0.304870 -0.527148 0.396688
0.046542 -0.023156 0.599561
-0.785579 -0.001211 0.386601
0.189696 -0.449223 0.657180
0.084694 -0.465987 0.549544
-0.655331 0.161169 0.444115
0.015947 -0.157558 0.597081
-0.806042 -0.090708 0.367102
0.114837 -0.392696 0.624028
-0.935717 0.423855 0.522043
0.068190 -0.335597 0.594261
0.002982 -0.289310 0.524066
-0.937622 0.607611 0.444701
-0.264375 0.002420 -0.476363
0.044236 -0.236352 0.613084
-0.827076 0.814417 0.424507
0.121901 -0.078028 0.697240
-0.842767 -0.142530 0.284875
-0.904794 0.680006 0.480388
-0.845276 0.102766 0.290389
-0.701977 -0.111522 0.453617
-0.594356 0.055070 -0.396704
-0.865479 -0.007811 0.283206
0.044530 -0.077383 0.635223
0.113706 -0.300605 0.662952
-0.912103 0.325204 0.539276
-0.746956 0.104682 0.400046
-0.188394 -0.132152 -0.467017
0.092414 -0.167755 0.680689
-0.255259 -0.851666 -0.460418
-0.983160 0.490771 0.306924
-0.213276 -0.867948 -0.526576
-0.741116 1.172398 -0.671336
-0.527403 -0.845404 0.195381
-0.691413 1.278222 -0.902676
-0.651214 -0.830268 -0.093512
-0.963599 0.513887 0.419110
-0.739575 1.215093 -0.822909
-0.961997 0.580001 0.307195
-0.529263 -0.794654 0.320425
-0.597998 -0.781305 -0.115604
-0.434805 -0.749901 0.139855
-0.191145 -0.802112 -0.498262
-0.468819 -0.770349 0.232254
-0.032602 0.031193 -0.523455
-0.893738 0.846718 0.293996
-0.400193 -0.697344 0.236432
-0.469261 -0.743182 0.287689
-0.454638 -0.715269 0.362552
-0.231355 -0.788895 -0.413272
-0.528035 -0.735278 -0.046136
-0.459649 -0.736837 0.471878
-0.152315 -0.728475 -0.429454
-0.429939 -0.713809 -0.218364
-0.515956 -0.728363 -0.139469
-0.447273 -0.661845 -0.108913
-0.050381 -0.682675 -0.470788
-0.682333 0.753099 -0.289327
-0.352969 -0.616263 0.337195
-0.012133 1.312471 -0.346938
-0.005003 1.262896 -0.402483
-0.399573 -0.607540 -0.206004
-0.606615 1.277256 -1.037038
-0.000112 -0.590587 -0.496068
-0.059678 -0.618400 -0.381901
-0.411065 -0.618195 -0.029231
-0.937834 0.586986 -0.019138
-0.667989 0.949025 -0.710336
0.716046 0.368919 -0.313182
-0.430696 -0.575133 -0.121872
-0.917489 0.690899 -0.007958
-0.350746 -0.609366 0.207125
-0.953882 0.661247 0.250968
-0.845216 0.611772 -0.155803
-0.731169 0.978214 -0.311430
-0.736728 0.906028 -0.337153
-0.748506 0.805741 -0.193438
-0.274749 1.132367 -0.183180
-0.041810 -0.517676 -0.426589
-0.679871 -0.074507 -0.373119
-0.751477 0.999372 -0.485611
-0.949300 0.613358 0.358355
-0.658330 -0.429107 -0.113684
-0.793613 0.705267 -0.167358
-0.380012 1.031886 -0.109429
-0.725694 -0.399997 -0.010157
-0.898948 0.553512 -0.111182
-0.006296 -0.480215 -0.533453
-0.751787 1.039818 -0.467764
-0.688575 1.086172 -0.776608
-0.729907 0.912285 -0.192502
0.137984 1.363917 -0.464772
-0.678000 -0.366710 -0.206872
-0.747173 -0.341484 -0.126954
-0.719425 0.942703 -0.517768
-0.806350 -0.307429 -0.011766
-0.833665 -0.269005 0.110203
-0.925490 0.835878 0.067426
-0.952780 0.755131 0.168005
-0.003289 -0.353001 -0.615011
0.590701 0.332499 -0.382878
-0.742417 -0.267523 -0.244450
-0.675028 1.234527 -0.949757
-0.929486 0.850033 0.169277
-0.847341 0.829830 -0.048429
-0.342562 0.226228 -0.418905
-0.045093 -0.401584 -0.496671
-0.822833 -0.236664 -0.131623
-0.602297 1.009512 -0.937950
-0.978916 0.487879 0.049030
-0.876543 -0.186609 -0.007864
-0.887275 -0.164557 0.123921
-0.768983 0.889724 -0.084747
-0.073566 -0.265533 -0.523013
-0.815058 -0.153395 -0.229947
-0.698538 0.863721 -0.522782
-0.639012 0.791371 -0.497439
-0.067427 -0.158870 -0.568296
-0.735618 -0.171498 -0.322577
-0.731167 1.044983 -0.629335
0.246686 0.404471 -0.327364
-0.872763 -0.118118 -0.126388
-0.908754 -0.068578 -0.042515
-0.919960 -0.068395 0.051411
-0.715097 0.814079 -0.328779
-0.652386 0.901307 -0.783435
-0.641998 1.060821 -0.856284
-0.892029 0.652518 -0.085860
-0.028143 -0.118907 -0.617737
-0.907841 -0.053570 0.172639
-0.881040 -0.147945 0.202582
-0.322690 1.060737 -0.196867
-0.946886 0.690622 0.304647
-0.758293 1.112539 -0.649030
-0.594774 1.165356 -1.018186
-0.782050 -0.061424 -0.293206
-0.867288 0.730113 -0.083109
-0.937578 0.307102 0.066622
-0.910521 0.348392 -0.074336
-0.995561 0.459585 0.174785
0.039881 -0.033257 -0.612639
1.129698 -0.209983 -0.067250
-0.015590 0.443838 -0.230246
0.770352 0.277166 -0.348201
-0.194442 1.114909 -0.298007
-0.536603 -0.784716 -0.206077
-0.571613 0.934018 -0.039007
0.613200 0.037856 -0.535995
0.197149 1.321990 -0.534218
0.163625 0.299084 -0.412109
-0.534687 0.910462 -0.121169
-0.433768 0.928007 -0.143521
-0.144465 0.312772 -0.386584
0.853723 0.331943 -0.241034
0.748152 0.201356 -0.403509
-0.496287 0.828798 -0.173600
0.309633 0.140606 -0.497109
0.337426 0.331209 -0.399806
0.738808 0.109602 -0.453367
-0.421468 0.442500 -0.281960
0.458660 0.030402 -0.593088
-0.520457 0.827687 -0.264559
-0.396779 0.344973 -0.347661
0.964165 0.032750 -0.343582
-0.113326 -0.823617 -0.567657
0.088777 0.054594 -0.542719
0.165315 0.027467 -0.596785
-0.433727 0.726564 -0.164508
0.305499 0.031613 -0.611962
0.676215 0.309135 -0.374871
0.841740 -0.014989 -0.452107
1.272914 -0.489889 -0.141703
1.306717 -0.364315 -0.003239
0.459098 0.287084 -0.429100
1.211042 -0.471847 -0.172228
-0.681898 0.373201 0.652220
0.498405 0.405137 -0.342351
0.850211 0.156449 -0.372464
-0.020018 -0.805055 -0.589423
0.375088 -0.010015 -0.651993
0.244686 0.075062 -0.543916
0.352072 0.223226 -0.461995
0.012713 0.269696 -0.419819
0.757826 0.418249 -0.234336
0.221716 0.212851 -0.463986
0.155644 -0.022237 -0.662337
0.607545 -0.075388 -0.597308
0.257841 -0.033139 -0.681790
0.977107 -0.082231 -0.371987
-0.308930 0.574507 -0.120357
0.409751 0.532415 -0.160486
0.442949 0.096343 -0.525609
0.716618 -0.066622 -0.539956
0.520413 0.554748 -0.113575
0.719579 0.471796 -0.175060
-0.282460 0.366055 -0.351849
0.068237 0.194361 -0.463743
0.492144 -0.036408 -0.629088
0.532864 0.249271 -0.440365
-0.078688 0.404934 -0.308643
0.624549 0.203646 -0.439274
0.892537 0.242808 -0.292617
0.857727 -0.747196 -0.274674
-0.406277 0.619682 -0.181620
1.146417 -0.338221 -0.086777
0.153431 0.485815 -0.150079
0.060806 0.370067 -0.341931
1.195218 -0.404799 -0.127741
-0.324557 0.525370 -0.195602
-0.280035 0.447917 -0.272067
0.278263 0.485598 -0.217370
0.140955 0.442842 -0.247942
0.529535 0.504193 -0.223018
1.260140 -0.403894 -0.105755
-0.550514 1.261505 -1.033911
-0.189886 0.412654 -0.314863
0.972016 0.140119 -0.280117
0.399929 0.458655 -0.285328
0.637517 0.446829 -0.267551
0.349709 -0.899843 -0.503776
0.507985 -0.883905 -0.480911
0.001514 -0.855629 -0.580446
0.605592 -0.818992 -0.480488
-0.390995 0.058303 -0.462718
-0.432955 -0.857929 -0.300136
-0.613077 -0.849292 -0.184423
0.194916 -0.857483 -0.551422
-0.537286 0.437692 -0.283449
0.932915 -0.786667 -0.198326
0.407264 -0.852997 -0.514188
0.426110 -0.790094 -0.534576
0.085415 -0.777159 -0.578633
0.262993 -0.789852 -0.556731
-0.456363 -0.800553 -0.265794
-0.528184 -0.844749 -0.258418
0.492847 -0.703714 -0.566413
1.046586 -0.768255 -0.163582
0.971078 -0.706529 -0.230613
-0.184170 1.023959 -0.303293
-0.354101 -0.770468 -0.293469
-0.476361 0.094363 -0.435507
0.323322 -0.723545 -0.577264
-0.025950 -0.748947 -0.559796
1.067554 -0.698870 -0.202960
0.180787 -0.690245 -0.597120
-0.315584 -0.640653 -0.272795
-0.513761 0.319775 -0.330017
0.597451 -0.624776 -0.581072
0.053229 -0.657789 -0.570000
-0.114202 -0.673789 -0.367713
-0.221427 -0.710522 -0.331809
-0.629705 0.428264 -0.270624
-0.079557 1.001871 -0.330488
1.176270 -0.679355 -0.154744
1.064311 -0.604431 -0.222146
0.678646 -0.686881 -0.523796
0.479552 -0.600566 -0.613337
-0.777596 0.406922 -0.218542
0.969188 -0.630105 -0.253306
0.723447 -0.570451 -0.543080
-0.129901 -0.633038 -0.318059
0.308254 -0.594879 -0.635451
0.137938 -0.557339 -0.646651
1.183043 -0.577730 -0.191348
1.139912 -0.483610 -0.184619
-0.714803 0.047796 -0.326320
0.602588 -0.510606 -0.601384
0.045821 -0.510878 -0.607431
-0.104398 -0.547518 -0.337466
-0.100854 -0.392875 -0.409542
-0.271119 -0.512508 -0.311438
0.147342 0.124201 -0.501631
0.436542 -0.515009 -0.644133
-0.513771 0.702059 -0.223189
-0.197060 -0.590594 -0.302067
-0.352382 -0.542326 -0.270417
-0.411588 -0.512353 -0.230381
-0.592062 0.570289 -0.256055
-0.176466 -0.459447 -0.343653
-0.346141 -0.422553 -0.330656
0.338634 -0.440953 -0.681629
0.208951 -0.464573 -0.692717
-0.493440 0.203067 -0.390663
-0.222450 0.218477 -0.437375
0.060166 -0.863439 0.653450
-0.586072 -0.421951 -0.217294
-0.715257 0.343859 -0.246122
0.708660 -0.360388 -0.571043
0.400531 -0.333233 -0.688036
0.102780 -0.387821 -0.696338
-0.437992 -0.418086 -0.298595
-0.616267 0.180327 -0.340716
-0.320299 0.766981 -0.144775
0.780708 -0.442443 -0.524573
0.523751 -0.394485 -0.642210
-0.199711 -0.289478 -0.411968
-0.509466 -0.412190 -0.282544
-0.467239 0.551100 -0.241843
-0.319413 0.997300 -0.225472
-0.299084 -0.300803 -0.402966
-0.490798 -0.326524 -0.371480
-0.581917 -0.325347 -0.338488
-0.692137 -0.395500 0.211814
-0.698067 0.654693 -0.235912
0.652020 -0.286463 -0.603779
0.136410 -0.254066 -0.735082
-0.251254 -0.391695 -0.364145
0.149770 1.140826 -0.467044
0.874080 -0.286441 -0.467317
0.778986 -0.193077 -0.530890
0.244888 -0.328139 -0.719521
0.044689 -0.240639 -0.703352
-0.652822 -0.333426 -0.280751
-0.610155 0.925288 -0.901746
0.528655 -0.265801 -0.653798
-0.396741 -0.299881 -0.395472
-0.547694 -0.266490 -0.400361
-0.675161 -0.259319 -0.329957
0.088243 1.249610 -0.473098
0.019192 0.109910 -0.496268
-0.128941 -0.238548 -0.453198
0.258785 1.275542 -0.559145
-0.272913 0.139737 -0.459799
0.377692 -0.227179 -0.700998
-0.029926 -0.207300 -0.632973
-0.108772 -0.142953 -0.505104
-0.617504 -0.196859 -0.391221
-0.883607 0.266159 0.234248
0.125984 1.327254 -0.491269
-0.405704 0.821852 -0.165882
0.027330 1.120627 -0.414486
-0.060516 1.157150 -0.383739
0.904661 -0.147798 -0.445884
0.647437 -0.176187 -0.600908
-0.320504 -0.170159 -0.450788
-0.111559 0.147015 -0.463958
0.339277 -0.102513 -0.695184
0.237111 -0.201607 -0.730400
-0.622346 0.312231 -0.291802
-0.480800 -0.196536 -0.433749
0.734416 0.020382 -0.499301
0.178521 1.223948 -0.514605
0.507900 -0.145368 -0.654691
0.024937 -0.128947 -0.679560
-0.406953 -0.068304 -0.468417
-0.697905 0.486068 -0.250324
-0.328720 0.908344 -0.211278
0.142630 -0.124597 -0.716475
0.075075 -0.069354 -0.684009
-0.059065 -0.073547 -0.552232
-0.134608 -0.898450 -0.530658
0.095289 -0.904683 -0.540511
0.682705 -0.862620 -0.403475
0.278313 -0.913465 -0.480682
0.537752 -0.896381 -0.438433
-0.008504 -0.912101 -0.485581
0.206707 -0.899216 -0.457508
0.673806 -0.882920 -0.313544
0.457296 -0.890414 -0.389981
-0.254276 -0.894457 -0.463795
-0.117386 -0.894573 -0.427270
0.046930 -0.881522 -0.447199
0.253688 -0.870749 -0.420292
0.586715 -0.893713 -0.240990
-0.149908 -0.880452 -0.333413
-0.050609 -0.865191 -0.398037
0.133859 -0.847928 -0.386747
0.367069 -0.849207 -0.362029
0.505832 -0.862598 -0.294977
-0.306411 -0.849036 -0.366415
0.240094 -0.829245 -0.290402
0.618530 -0.899720 -0.132427
-0.397057 -0.902855 -0.298724
0.007166 -0.844328 -0.287434
0.418573 -0.834677 -0.275137
0.533077 -0.893544 -0.094599
0.801465 -0.857206 -0.198010
0.498369 -0.872166 -0.165135
0.942719 -0.838595 -0.127834
0.460363 -0.844621 -0.196846
0.664642 -0.897157 -0.085097
-0.244619 -0.908722 -0.363893
-0.202098 -0.895728 -0.266545
0.145411 -0.828387 -0.167984
0.852288 -0.886662 -0.065046
-0.836180 0.192918 0.277751
0.713192 -0.898730 -0.137060
1.006607 -0.841986 -0.036653
-0.518392 -0.893194 -0.245318
0.024514 -0.842794 -0.116435
0.705270 -0.897147 -0.018825
-0.784997 0.217245 0.386452
-0.395303 -0.917058 -0.148867
0.786949 -0.899090 0.032083
0.452710 -0.878668 -0.027698
0.796051 -0.884818 0.210338
1.065773 -0.825107 0.044256
-0.171207 -0.898077 -0.034593
-0.234901 -0.904862 -0.197045
0.332193 -0.830802 -0.123351
0.925929 -0.873811 0.072361
-0.588502 -0.903811 -0.139822
-0.291182 -0.909314 -0.005789
0.419664 -0.853267 -0.050895
0.430973 -0.869747 0.074503
0.514994 -0.890795 0.073989
1.153430 -0.772380 0.088619
-0.194366 -0.901589 0.054666
0.694544 -0.897246 0.099260
1.040542 -0.827855 0.123532
-0.391581 -0.915120 0.074713
0.605627 -0.896770 0.105277
0.948495 -0.850024 0.179790
1.227960 -0.709893 0.134210
-0.653329 -0.874393 -0.105866
-0.616116 -0.896894 -0.022362
-0.068588 -0.891903 0.104119
0.500175 -0.875221 0.184621
0.619023 -0.892834 0.219017
0.501756 -0.858968 0.256069
0.931131 -0.823884 0.253255
1.081832 -0.775877 0.209043
-0.017616 -0.866320 0.033663
0.182936 -0.835616 0.067271
0.393799 -0.846460 0.112034
-0.119956 -0.899799 0.102902
-0.036708 -0.880132 0.180400
0.680724 -0.891849 0.350838
0.849784 -0.839038 0.292891
0.962368 -0.753009 0.314455
1.016123 -0.770880 0.280571
-0.562160 -0.898674 0.097807
-0.531094 -0.917583 0.007078
0.850210 -0.792432 0.362014
0.564405 -0.877379 0.268715
0.776383 -0.869828 0.333328
-0.486145 -0.498806 -0.153031
-0.110075 -0.896257 0.231349
0.373898 -0.838416 0.280032
0.552411 -0.871831 0.350813
-0.668739 0.844337 -0.663032
-0.452648 -0.496267 0.248472
-0.488140 -0.905552 0.232430
0.037044 -0.855005 0.211975
0.419210 -0.844512 0.393039
-0.546473 -0.887022 0.287345
-0.050696 -0.877239 0.293236
0.531327 -0.887971 0.485280
-0.771514 0.365071 0.627089
-0.760097 0.241123 0.483138
-0.576642 -0.485961 -0.094712
-0.433377 -0.561606 0.012347
-0.279247 -0.905718 0.285144
0.167900 -0.835433 0.278582
0.331553 -0.886062 0.520012
0.617426 -0.875699 0.512468
-0.856245 0.278844 0.518536
-0.662261 0.223780 0.463226
-0.630414 -0.386864 0.315803
-0.498790 -0.331677 0.446902
0.028826 -0.855776 0.359897
0.218095 -0.840726 0.406382
0.665993 -0.835116 0.509844
-0.686873 0.304339 0.604808
-0.533982 -0.518046 0.008493
0.036769 -0.867034 0.469340
-0.835542 -0.227317 0.216501
-0.662463 0.262165 0.535688
-0.634737 -0.473021 0.002349
-0.019778 -0.890829 0.535187
-0.861867 0.349478 0.577646
-0.738395 -0.285131 0.320481
0.244359 -0.887762 0.595332
-0.573434 -0.263346 0.472922
-0.410941 -0.399003 0.413962
-0.504363 -0.420688 0.348570
-0.488499 -0.520881 0.137816
-0.539587 -0.886829 0.396043
-0.106940 -0.889089 0.419310
0.129581 -0.882654 0.540972
-0.668533 -0.231441 0.437235
-0.564206 -0.458703 0.238991
-0.246396 -0.893870 0.495694
-0.147597 -0.853379 0.564661
0.448305 -0.857447 0.572552
-0.764320 -0.181016 0.384083
-0.604912 -0.478954 0.121849
-0.867949 0.266124 0.439203
-0.907760 0.294472 0.330782
-0.098447 -0.892353 0.554680
0.031709 -0.892407 0.606291
-0.765413 -0.359489 0.105974
-0.920796 0.309016 0.494859
-0.693688 -0.430972 0.091152
-0.611150 -0.329593 0.400814
-0.780462 -0.314700 0.206281
-0.486970 -0.884896 0.512018
-0.415758 -0.904186 0.438127
-0.050535 -0.874751 0.619859
-0.568451 0.788137 -0.398969
-0.208071 0.927716 -0.263667
0.123048 0.990634 -0.311478
-0.599983 0.809797 -0.545346
-0.538035 1.101529 -1.050506
-0.520852 1.049577 -0.987067
0.231376 1.079464 -0.418439
-0.193873 0.823320 -0.127757
-0.542514 0.772939 -0.294459
-0.112980 0.930225 -0.282205
0.081851 1.038467 -0.378853
-0.319503 0.724331 -0.024337
-0.629642 0.766376 -0.384168
-0.604355 0.712756 -0.276484
-0.539272 1.214091 -1.080957
-0.007340 0.912905 -0.215981
-0.169730 0.852468 -0.099860
-0.639257 0.826517 -0.643603
0.284264 1.153506 -0.474095
-0.099760 0.889391 -0.236402
-0.590008 0.883769 -0.785963
-0.535752 0.957061 -0.836523
-0.265170 0.853940 -0.209898
0.242232 1.168813 -0.504793
-0.547860 0.865055 -0.609494
-0.637761 0.871080 -0.798188
-0.117245 -0.873573 -0.175272
0.437021 -0.867343 0.450296
0.136567 -0.858319 0.481951
0.263264 -0.861386 0.478693
-0.180231 -0.901298 0.158834
-0.268668 -0.905389 0.106702
0.614046 -0.895932 -0.009506
0.348748 -0.845730 0.436904
