0.007160
0.019734
0.005769
0.011382
0.000397
0.001430
0.012487
0.019313
0.010205
0.016950
0.018418
0.022001
0.013696
0.014637
0.024418
0.026434
0.031431
0.029180
0.019050
0.022565
0.029199
0.020602
0.029250
0.031339
0.021315
0.028192
0.024341
0.017037
0.018397
0.022001
0.014549
0.016945
0.019407
0.012621
0.011396
0.010022
0.009018
0.004164
0.000145
0.002103
0.001813
0.023148
0.025892
0.015767
0.015471
0.020661
0.004116
0.008178
0.009233
0.006337
0.003698
0.020213
0.015680
0.007215
0.007550
0.019174
0.000333
0.000591
0.008708
0.010495
0.017389
0.003445
0.006280
0.015258
0.008681
0.012630
0.011697
0.019313
0.022660
0.012487
0.007606
0.003185
0.000889
0.002894
0.012017
0.001452
0.000983
0.004942
0.025494
0.015901
0.002262
0.002182
0.010212
0.011235
0.030438
0.032030
0.030586
0.014189
0.010735
0.016683
0.017037
0.012538
0.013645
0.015503
0.007282
0.008672
0.014351
0.006062
0.002882
0.002714
0.009698
0.004087
0.015456
0.008161
0.009221
0.003713
0.001202
0.006337
0.020150
0.015605
0.029341
0.029180
0.031431
0.019050
0.016801
0.026133
0.022660
0.025499
0.019452
0.012031
0.004957
0.001442
0.000994
0.012621
0.007613
0.003256
0.016945
0.019407
0.004269
0.009349
0.005863
0.010538
0.026133
0.029250
0.029199
0.019894
0.027271
0.028192
0.031339
0.026540
0.006417
0.009440
0.004250
0.012168
0.009930
0.012060
0.008442
0.010044
0.009245
0.008578
0.009842
0.012526
0.002306
0.014778
0.012602
0.013756
0.010216
0.009179
0.013967
0.006146
0.000079
0.012498
0.015329
0.007071
0.008399
0.001241
0.001452
0.019863
0.024341
0.020618
0.021315
0.010213
0.016432
0.011233
0.002217
0.005849
0.005564
0.011181
0.016140
0.012612
0.005965
0.004148
0.004835
0.009044
0.022994
0.003310
0.002792
0.000292
0.010215
0.011708
0.000547
0.022565
0.020602
0.011396
0.016679
0.014549
0.009018
0.002673
0.002103
0.006254
0.004164
0.000145
0.001813
0.010022
0.004161
0.009358
0.003185
0.010546
0.009043
0.019441
0.022981
0.004942
0.007606
0.000889
0.011697
0.020761
0.027296
0.028341
0.021364
0.016827
0.009049
0.009957
0.007491
0.005701
0.006807
0.010297
0.020670
0.020042
0.018397
0.007160
0.019734
0.005769
0.026133
0.004087
0.015456
0.008161
0.023146
0.020644
0.007400
0.009358
0.004161
0.022577
0.022981
0.030579
0.015772
0.025893
0.015906
0.004957
0.003310
0.004347
0.019452
0.009044
0.010205
0.000467
0.001430
0.009421
0.008268
0.009233
0.006337
0.003698
0.026540
0.019174
0.019863
0.016950
0.015329
0.027271
0.020213
0.020618
0.007798
0.009335
0.000273
0.020768
0.013394
0.017389
0.006280
0.008708
0.000591
0.010495
0.006428
0.009218
0.016359
0.014937
0.016638
0.010841
0.013920
0.007215
0.007550
0.004116
0.023148
0.025892
0.015767
0.015471
0.008178
0.000333
0.003445
0.015503
0.012538
0.007282
0.002714
0.007249
0.004250
0.000397
0.002306
0.011382
0.020761
0.029341
0.025979
0.016827
0.014637
0.009049
0.021364
0.020042
0.024418
0.024084
0.020150
0.027297
0.020670
0.007532
0.015605
0.006337
0.009221
0.028341
0.016679
0.025910
0.019894
0.005863
0.026133
0.013645
0.003256
0.010538
0.022592
0.009349
0.022994
0.004269
0.005674
0.006805
0.005558
0.005733
0.007249
0.002673
0.006254
0.005733
0.006805
0.006669
0.005558
0.010215
0.000547
0.000678
0.009663
0.011708
0.012253
0.013787
0.009180
0.007518
0.000907
0.008955
0.004835
0.005965
0.002825
0.007704
0.004148
0.012612
0.011181
0.002217
0.005849
0.011864
0.008163
0.005564
0.008792
0.012748
0.005432
0.016140
0.016423
0.007409
0.030586
0.022592
0.025893
0.015772
0.015906
0.002271
0.002185
0.013677
0.001430
0.007361
0.001077
0.002964
0.007801
0.013370
0.016152
0.000409
0.001362
0.008693
0.006275
0.003454
0.003713
0.001202
0.000303
0.016427
0.012352
0.016074
0.016803
0.011035
0.004011
0.005703
0.000594
0.010488
0.022802
0.018540
0.020754
0.017376
0.018865
0.022169
0.002825
0.000898
0.011564
0.011864
0.012634
0.018610
0.016178
0.022813
0.018562
0.031576
0.032030
0.019441
0.009043
0.013678
0.001151
0.010708
0.010842
0.007798
0.009335
0.000273
0.007415
0.004701
0.007704
0.020768
0.022171
0.013394
0.018866
0.011212
0.018648
0.001427
0.008156
0.005559
0.005849
0.011851
0.006417
0.009440
0.009842
0.008955
0.012321
0.010044
0.009245
0.012526
0.015177
0.012637
0.011037
0.005754
0.016461
0.015236
0.014189
0.005220
0.000215
0.002172
0.003290
0.004351
0.021793
0.018597
0.016424
0.012630
0.025499
0.031573
0.030579
0.029179
0.022577
0.020644
0.013678
0.002182
0.001427
0.011212
0.031576
0.025494
0.030431
0.020661
0.012321
0.011037
0.005754
0.015236
0.007536
0.001532
0.016803
0.016074
0.015258
0.016461
0.014924
0.012394
0.013508
0.009817
0.024084
0.018379
0.010870
0.010043
0.001539
0.001243
0.000136
0.010686
0.000687
0.008708
0.004539
0.010460
0.005413
0.001137
0.002599
0.007532
0.000303
0.000594
0.011233
0.011211
0.002185
0.017376
0.010488
0.018865
0.008693
0.023146
0.013677
0.007400
0.026434
0.031573
0.030438
0.004347
0.008163
0.018215
0.023942
0.025910
0.012637
0.013863
0.009421
0.015177
0.001646
0.008918
0.005738
0.001037
0.005315
0.008268
0.005220
0.007964
0.007537
0.010681
0.003264
0.009665
0.010842
0.018215
0.001151
0.008761
0.012602
0.010216
0.001452
0.012498
0.013696
0.009724
0.007071
0.008399
0.000079
0.001241
0.009179
0.010708
0.013967
0.006146
0.001561
0.002474
0.006656
0.005548
0.005701
0.006807
0.005548
0.005684
0.002693
0.001297
0.008761
0.008578
0.012168
0.009930
0.012060
0.009665
0.008918
0.016491
0.016638
0.013920
0.015320
0.016359
0.012748
0.016423
0.010681
0.007537
0.003264
0.006151
0.001561
0.002474
0.009724
0.009808
0.006428
0.005413
0.008442
0.018651
0.021796
0.011211
0.005432
0.008480
0.008792
0.000678
0.007518
0.013787
0.009180
0.012253
0.000908
0.009663
0.007126
0.012394
0.008708
0.004539
0.002882
0.006062
0.010735
0.008672
0.000136
0.001243
0.009698
0.001137
0.001532
0.002599
0.018610
0.018562
0.021796
0.020754
0.023496
0.022802
0.011564
0.000898
0.022813
0.016178
0.022171
0.021793
0.018597
0.012630
0.011572
0.018648
0.012017
0.005559
0.005849
0.008156
0.011851
0.010212
0.000983
0.001452
0.004351
0.016424
0.011235
0.003290
0.002172
0.004011
0.008681
0.000215
0.002894
0.000467
0.025979
0.007791
0.001646
0.002693
0.001037
0.016801
0.010546
0.030431
0.029179
0.010213
0.016432
0.000994
0.002271
0.007613
0.012031
0.001442
0.007964
0.013863
0.015680
0.018418
0.023942
0.007409
0.001297
0.004701
0.007415
0.013756
0.014778
0.016491
0.014902
0.015901
0.010686
0.010870
0.018379
0.009817
0.007491
0.010297
0.009957
0.002849
0.007735
0.005674
0.007735
0.012634
0.008480
0.000292
0.015320
0.029185
0.004901
0.011572
0.013508
0.014924
0.009349
0.016683
0.023496
0.000653
0.005315
0.005738
0.014937
0.010841
0.007536
0.018866
0.029185
0.001362
0.000409
0.006275
0.007801
0.001077
0.002964
0.007361
0.005703
0.007126
0.012630
0.012352
0.011035
0.009349
0.016152
0.013370
0.016427
0.002849
0.003454
0.018651
0.001430
0.001639
0.009808
0.000653
0.006151
0.002845
0.014902
0.001639
0.005684
0.007791
0.009218
0.010460
0.001539
0.000687
0.010043
0.014351
0.022169
0.004901
0.018540
0.002262
0.002845
0.002792
