1 2 3
4 5 6
7 8 9
10 11 12
13 14 11
10 13 11
11 15 12
16 17 18
16 18 19
20 21 22
21 23 24
25 26 27
28 29 30
29 27 30
29 31 25
29 25 27
32 33 34
20 22 35
36 37 31
38 39 40
38 40 41
42 43 44
42 45 46
47 45 48
49 50 51
49 52 53
49 53 50
54 55 56
47 55 54
53 56 55
53 55 50
47 57 55
48 58 57
47 48 57
50 55 57
59 58 60
61 59 60
50 62 51
57 58 62
50 57 62
59 62 58
63 51 62
59 63 62
64 65 66
67 68 69
70 71 72
71 73 74
75 76 77
75 78 76
79 80 43
75 77 80
79 75 80
44 43 80
44 81 82
80 77 81
44 80 81
83 81 77
84 82 81
83 84 81
85 86 87
88 89 90
91 92 93
94 92 91
95 92 96
96 92 94
89 97 90
89 98 97
99 100 98
89 99 98
101 97 98
102 103 104
105 106 107
105 108 106
105 109 110
105 110 108
111 112 113
114 112 2
1 114 2
115 3 2
115 8 7
116 2 112
116 8 115
116 115 2
116 112 111
117 8 116
117 116 111
118 119 120
120 119 121
120 122 123
120 121 122
124 125 126
127 128 124
129 130 131
129 126 132
129 132 130
127 129 131
124 126 129
127 124 129
133 134 135
133 128 127
54 136 131
56 134 136
54 56 136
133 136 134
127 131 136
133 127 136
137 138 139
135 134 139
140 139 134
140 52 137
140 137 139
140 134 56
53 52 140
53 140 56
141 142 143
144 145 146
147 148 149
150 145 149
151 149 148
152 142 151
152 151 148
151 150 149
151 142 141
151 141 150
143 5 153
154 155 156
157 155 154
158 159 160
158 160 161
154 159 158
157 154 158
10 162 13
163 162 10
164 162 165
164 165 161
165 162 163
165 166 161
157 166 167
158 161 166
157 158 166
168 12 169
10 12 168
163 10 168
137 52 170
171 138 169
172 173 174
175 176 177
178 179 180
156 181 180
182 180 181
183 176 182
183 182 181
175 182 176
178 180 182
175 178 182
184 132 126
184 119 185
184 185 132
121 119 184
186 126 125
186 125 187
184 126 186
121 184 186
188 175 177
189 128 190
189 190 191
124 128 189
124 189 125
192 135 193
192 128 133
192 133 135
190 128 192
192 193 194
190 192 194
195 196 197
171 196 195
198 199 200
200 199 197
201 202 199
201 199 203
203 199 198
204 197 196
204 200 197
93 204 196
205 206 3
205 207 208
205 208 206
115 205 3
7 207 205
115 7 205
209 208 207
209 210 211
209 211 208
212 210 209
7 213 207
9 214 213
7 9 213
9 8 215
215 4 6
215 8 117
215 117 4
117 111 216
117 216 4
217 218 113
219 218 15
11 14 219
11 219 15
220 14 221
219 14 220
220 222 216
221 153 222
220 221 222
222 153 5
4 216 222
4 222 5
223 224 153
223 225 224
223 153 221
226 221 14
226 223 221
13 226 14
217 109 227
91 12 228
94 91 228
228 12 15
91 229 12
93 196 229
91 93 229
229 169 12
229 196 171
229 171 169
230 231 232
19 18 231
230 19 231
69 68 233
233 231 18
234 235 236
237 235 238
239 232 240
238 235 239
238 239 240
239 230 232
239 235 234
239 234 230
241 240 232
70 72 241
238 240 242
243 244 242
245 246 247
248 249 250
248 251 252
248 252 249
253 68 67
253 73 71
70 68 253
70 253 71
253 254 73
67 255 254
253 67 254
256 254 255
257 73 254
256 257 254
258 259 260
261 23 262
261 24 23
263 30 27
264 30 263
265 264 263
266 26 24
261 267 266
261 266 24
266 267 268
269 270 271
272 273 274
275 273 269
276 277 278
274 273 276
274 276 278
276 273 275
279 38 41
279 280 38
281 282 283
284 282 146
285 283 282
284 285 282
286 287 262
288 287 286
289 290 291
288 292 293
288 294 287
293 277 294
288 293 294
259 287 294
259 295 260
294 277 295
259 294 295
276 295 277
275 260 295
276 275 295
296 297 28
298 299 300
301 302 303
304 302 255
67 304 255
69 305 304
67 69 304
306 18 17
69 306 305
233 18 306
69 233 306
307 305 306
307 306 17
308 309 310
308 305 307
311 309 308
311 308 307
28 30 312
296 28 312
312 30 313
314 312 313
16 315 316
16 316 17
316 315 317
316 317 314
230 318 19
234 318 230
319 19 318
319 315 16
319 16 19
319 318 320
321 315 319
321 319 320
311 322 313
307 17 322
311 307 322
316 322 17
314 313 322
316 314 322
323 31 37
25 31 323
324 24 26
324 22 21
324 21 24
25 324 26
323 22 324
25 323 324
286 325 326
262 23 325
286 262 325
32 326 325
327 325 23
327 33 32
327 32 325
327 23 21
20 33 327
20 327 21
328 31 29
28 297 328
28 328 29
328 36 31
252 329 249
252 330 329
330 331 332
333 87 331
333 251 85
333 85 87
333 331 330
252 251 333
252 333 330
334 332 326
334 329 330
334 330 332
32 334 326
34 329 334
32 34 334
335 198 200
336 337 335
338 339 100
338 336 339
95 100 339
41 40 340
340 40 341
341 40 37
36 341 37
342 300 299
342 343 300
338 344 336
337 344 342
336 344 337
342 344 343
345 344 338
343 344 345
34 33 346
346 347 348
349 40 39
35 22 349
35 349 39
323 349 22
37 40 349
323 37 349
346 33 350
346 350 347
350 33 20
350 20 35
351 280 144
351 352 353
38 280 354
38 354 39
354 280 351
354 351 353
350 355 347
35 39 355
350 35 355
354 355 39
353 347 355
354 353 355
147 356 148
357 358 359
360 359 358
361 362 358
357 361 358
363 362 361
364 363 361
357 365 361
366 367 365
366 365 357
368 365 367
364 361 365
364 365 368
364 369 363
370 369 371
370 352 281
363 372 362
373 362 372
374 131 130
46 45 374
46 374 130
374 54 131
374 45 47
374 47 54
185 375 376
46 130 376
185 376 132
132 376 130
237 377 378
378 377 379
118 379 377
120 123 379
118 120 379
378 380 381
379 123 380
378 379 380
172 380 123
174 381 380
172 174 380
382 381 383
236 235 382
236 382 383
382 378 381
382 235 237
382 237 378
384 385 386
387 388 389
387 390 391
392 388 393
392 393 394
393 388 387
393 387 391
321 395 396
320 394 395
321 320 395
393 395 394
391 396 395
393 391 395
320 318 397
320 397 394
234 397 318
234 236 397
398 399 400
64 401 400
402 400 399
402 65 64
402 64 400
402 399 403
384 386 404
403 399 404
397 405 394
236 405 397
392 394 405
236 383 405
392 405 406
406 405 383
389 407 408
389 388 409
389 409 407
410 406 411
410 388 392
410 392 406
410 411 412
409 388 410
409 410 412
183 181 413
414 415 413
416 173 172
416 176 183
417 413 415
418 173 417
418 417 415
417 183 413
417 173 416
417 416 183
419 420 421
418 415 421
422 375 423
79 43 422
75 424 78
425 424 243
78 424 425
79 424 75
48 45 426
426 44 82
426 45 42
426 42 44
49 51 427
170 52 428
170 428 429
428 52 49
428 49 427
430 431 432
419 421 431
430 419 431
431 421 415
414 432 431
414 431 415
433 434 432
433 432 414
435 413 181
156 155 435
156 435 181
435 414 413
435 155 433
435 433 414
419 436 420
436 61 437
419 438 436
61 438 59
436 438 61
59 438 63
430 438 419
63 438 430
61 60 439
61 439 437
440 439 60
84 440 82
441 439 440
84 441 440
48 442 58
426 82 442
48 426 442
440 442 82
60 58 442
440 60 442
443 77 76
444 445 443
444 443 76
446 443 445
83 77 443
446 83 443
447 448 301
449 448 447
450 451 452
449 453 452
454 452 451
454 448 449
454 449 452
454 451 455
456 448 454
456 454 455
457 451 450
458 457 450
64 459 401
64 66 459
457 460 451
461 401 460
457 461 460
459 460 401
455 451 460
459 455 460
462 73 257
66 65 462
66 462 257
462 74 73
462 65 463
462 463 74
464 403 445
464 65 402
464 402 403
464 445 444
463 65 464
463 464 444
465 72 71
465 71 74
425 72 465
78 425 465
78 466 76
465 74 466
78 465 466
463 466 74
444 76 466
463 444 466
441 467 439
468 408 467
441 468 467
467 408 407
437 439 467
437 467 407
468 469 470
446 469 83
470 469 446
83 469 84
441 469 468
84 469 441
471 247 246
85 251 471
472 473 86
472 246 474
472 474 473
85 472 86
471 246 472
85 471 472
208 475 206
211 475 208
476 206 475
211 473 475
476 475 474
474 475 473
293 292 477
477 291 478
477 292 289
477 289 291
293 479 277
477 478 479
293 477 479
480 479 478
278 277 479
480 278 479
481 87 86
482 290 481
483 86 473
211 210 483
211 483 473
483 481 86
483 210 482
483 482 481
289 292 484
484 332 331
356 485 148
152 148 485
486 485 356
487 486 356
486 488 485
486 88 488
99 489 490
487 489 486
490 489 487
486 489 88
89 489 99
88 489 89
88 491 488
90 492 491
88 90 491
493 491 492
494 488 491
493 494 491
495 496 497
495 97 101
498 92 95
498 95 339
93 92 498
93 498 204
499 15 218
499 228 15
217 499 218
217 227 499
94 228 500
499 500 228
227 501 500
227 500 499
502 503 504
502 500 501
502 501 503
96 502 504
94 500 502
96 94 502
95 505 100
96 504 505
95 96 505
101 505 504
98 100 505
101 98 505
506 109 105
506 105 107
227 109 506
227 506 501
506 107 507
508 507 509
509 507 107
501 507 503
506 507 501
508 503 507
510 504 503
508 496 510
508 510 503
510 101 504
510 496 495
510 495 101
147 511 356
279 41 511
279 511 147
487 356 511
512 511 41
512 41 340
487 511 512
490 487 512
338 100 513
345 338 513
99 513 100
99 490 513
110 114 514
110 514 108
1 514 114
102 514 1
108 514 515
102 515 514
104 516 515
102 104 515
517 518 519
520 521 522
523 516 521
520 523 521
518 522 521
524 474 246
524 103 476
524 476 474
524 246 245
104 103 525
525 245 519
525 103 524
525 524 245
526 3 206
476 103 526
476 526 206
526 1 3
526 103 102
526 102 1
527 112 114
110 109 527
110 527 114
527 113 112
527 109 217
527 217 113
528 244 423
118 377 528
529 423 375
185 119 529
185 529 375
529 528 423
529 119 118
529 118 528
121 530 122
186 187 530
121 186 530
188 530 187
177 122 530
188 177 530
416 531 176
172 123 531
416 172 531
531 123 122
177 176 531
177 531 122
170 429 532
163 168 532
533 169 138
533 532 168
533 168 169
137 533 138
170 532 533
137 170 533
534 139 138
534 193 135
534 135 139
171 534 138
195 193 534
171 195 534
535 142 152
535 536 537
535 538 536
152 485 538
535 152 538
538 485 488
494 536 538
494 538 488
143 153 539
141 143 539
284 146 540
541 284 540
540 146 145
150 540 145
542 543 539
541 540 543
541 543 542
150 543 540
141 539 543
141 543 150
537 536 544
545 214 544
546 6 5
143 142 546
143 546 5
546 537 6
546 142 535
546 535 537
284 547 285
548 547 549
285 547 548
541 547 284
550 149 145
144 280 550
144 550 145
550 147 149
550 280 279
550 279 147
268 551 552
265 263 552
258 260 553
554 555 556
554 556 557
264 558 559
560 558 561
559 558 560
265 558 264
561 558 562
561 562 563
562 558 265
562 564 563
556 564 557
565 563 564
556 565 564
566 267 258
566 258 553
268 267 566
268 566 551
565 567 568
565 568 563
548 568 567
548 549 568
561 563 569
568 569 563
549 569 568
549 570 569
225 571 224
572 573 571
225 572 571
574 571 573
575 224 571
574 575 571
574 576 575
577 153 224
575 577 224
539 153 577
542 539 577
578 427 51
578 432 434
578 434 427
63 578 51
430 432 578
63 430 578
579 155 157
579 157 167
433 155 579
433 579 434
449 580 453
449 447 580
581 582 583
584 453 582
581 584 582
580 582 453
585 583 582
580 585 582
586 179 587
588 586 587
589 587 179
178 589 179
589 590 587
589 591 590
154 592 159
156 180 592
154 156 592
592 180 179
586 159 592
586 592 179
593 160 159
593 594 595
593 595 160
593 159 586
588 594 593
588 593 586
596 597 598
164 597 596
164 161 597
160 597 161
595 597 160
595 598 597
599 162 164
599 164 596
13 162 599
13 599 226
600 167 166
600 532 429
600 429 167
165 600 166
163 532 600
165 163 600
601 201 203
601 203 602
458 450 602
603 452 453
603 602 450
603 450 452
584 603 453
601 602 603
584 601 603
604 173 418
174 173 604
605 421 420
412 411 605
412 605 420
604 605 411
418 421 605
604 418 605
606 383 381
606 411 406
606 406 383
174 606 381
604 411 606
174 604 606
591 607 608
607 188 187
178 609 589
591 609 607
589 609 591
607 609 188
175 609 178
188 609 175
189 191 610
607 610 608
608 610 191
125 610 187
189 610 125
607 187 610
201 611 202
591 608 612
591 612 590
613 612 608
613 608 191
614 612 613
611 614 613
190 615 191
194 202 615
190 194 615
611 615 202
613 191 615
611 613 615
616 199 202
194 193 616
194 616 202
195 616 193
197 199 616
195 197 616
617 618 619
617 390 385
384 618 617
384 617 385
617 620 390
617 619 620
391 390 620
391 620 396
621 299 622
623 621 622
298 297 624
624 297 296
298 625 299
624 626 625
298 624 625
627 625 626
622 299 625
627 622 625
628 602 203
628 203 198
458 602 628
629 458 628
342 299 630
337 342 630
621 630 299
621 629 630
631 632 633
634 635 636
631 637 632
270 632 637
638 637 359
638 271 270
638 270 637
360 638 359
633 632 639
272 635 639
640 639 632
640 273 272
640 272 639
640 632 270
269 273 640
269 640 270
641 636 635
641 642 636
272 641 635
272 274 641
643 644 645
646 643 642
647 210 212
482 210 647
648 649 650
651 650 649
652 653 650
651 652 650
647 654 653
212 655 654
647 212 654
648 654 655
650 653 654
648 650 654
643 656 644
651 656 652
644 656 651
646 656 643
652 656 657
657 480 478
657 656 646
657 646 480
658 207 213
212 658 655
209 207 658
212 209 658
659 660 649
659 649 648
545 661 662
662 648 655
662 661 659
662 659 648
658 663 655
213 214 663
658 213 663
545 663 214
662 655 663
545 662 663
9 664 214
215 6 664
9 215 664
537 664 6
544 214 664
537 544 664
665 113 218
665 216 111
665 111 113
219 665 218
220 216 665
219 220 665
574 666 576
301 303 667
447 301 667
668 303 573
572 668 573
667 303 668
669 667 668
670 232 231
233 68 670
233 670 231
670 241 232
670 68 70
670 70 241
671 242 240
241 72 671
241 671 240
425 671 72
243 242 671
425 243 671
672 423 244
243 424 672
243 672 244
672 422 423
672 424 79
672 79 422
237 673 377
238 242 673
237 238 673
673 242 244
528 377 673
528 673 244
674 675 517
674 676 367
366 675 674
366 674 367
245 677 519
247 676 677
245 247 677
674 677 676
517 519 677
674 517 677
249 329 678
34 678 329
346 348 678
34 346 678
679 676 247
471 251 679
471 679 247
679 251 248
679 680 676
248 250 680
679 248 680
368 680 250
367 676 680
368 367 680
681 255 302
301 448 681
301 681 302
681 256 255
681 448 456
681 456 256
256 682 257
456 455 682
456 682 256
459 682 455
66 257 682
66 682 459
683 262 287
683 267 261
683 261 262
683 287 259
258 267 683
258 683 259
264 684 30
559 309 684
264 559 684
684 313 30
684 309 311
684 311 313
685 27 26
685 552 263
685 263 27
266 685 26
268 552 685
266 268 685
686 326 332
484 292 686
484 686 332
686 286 326
686 292 288
686 288 286
687 553 260
687 271 688
687 688 553
275 687 260
269 271 687
275 269 687
689 688 271
689 555 554
689 554 688
689 271 638
360 555 689
360 689 638
690 358 362
690 555 360
690 360 358
690 362 373
691 373 567
691 555 690
691 690 373
691 567 565
556 555 691
556 691 565
692 372 283
692 567 373
692 373 372
285 692 283
548 567 692
285 548 692
693 146 282
281 352 693
281 693 282
351 693 352
144 146 693
351 144 693
482 694 290
647 653 694
482 647 694
291 290 694
317 315 695
317 695 696
695 315 321
695 321 396
296 312 697
314 697 312
317 696 697
317 697 314
698 297 298
698 298 300
328 297 698
328 698 36
699 573 303
699 666 574
699 574 573
699 303 310
700 310 309
700 666 699
700 699 310
559 700 309
560 666 700
559 560 700
308 701 305
310 303 701
308 310 701
701 303 302
304 305 701
304 701 302
335 702 198
337 630 702
337 702 335
629 702 630
628 198 702
629 628 702
336 703 339
335 200 703
336 335 703
204 703 200
498 339 703
498 703 204
704 340 341
343 345 704
343 705 300
704 341 705
343 704 705
36 705 341
698 300 705
698 705 36
706 359 637
631 675 706
631 706 637
706 357 359
706 675 366
706 366 357
370 707 352
371 348 707
370 371 707
707 348 347
353 352 707
353 707 347
371 369 708
708 368 250
708 369 364
708 364 368
709 283 372
363 369 709
363 709 372
709 281 283
709 369 370
709 370 281
710 376 375
422 43 710
422 710 375
42 710 43
46 376 710
42 46 710
711 404 386
711 445 403
711 403 404
470 711 386
446 445 711
470 446 711
385 712 386
468 712 408
470 386 712
468 470 712
713 399 398
714 618 713
714 713 398
713 404 399
713 618 384
713 384 404
715 408 712
385 390 715
385 715 712
387 715 390
389 408 715
387 389 715
716 400 401
716 398 400
461 716 401
461 623 716
409 717 407
412 420 717
409 412 717
436 717 420
437 407 717
436 437 717
428 718 429
429 718 167
579 167 718
428 427 718
434 718 427
579 718 434
669 719 667
720 585 719
720 719 669
580 719 585
447 667 719
447 719 580
590 721 587
588 587 721
722 721 583
722 594 588
722 588 721
722 583 585
720 594 722
720 722 585
621 723 629
458 723 457
629 723 458
457 723 461
623 723 621
461 723 623
480 724 278
646 642 724
646 724 480
641 724 642
274 278 724
274 724 641
725 331 87
481 290 725
481 725 87
289 725 290
484 331 725
289 484 725
726 107 106
726 727 509
726 509 107
728 726 106
729 727 726
728 729 726
730 645 731
644 731 645
732 731 733
497 496 732
497 732 733
732 730 731
734 509 727
734 496 508
734 508 509
734 727 730
732 496 734
732 734 730
735 544 536
735 661 545
735 545 544
735 536 494
493 661 735
493 735 494
497 733 736
660 736 733
737 736 660
659 661 737
659 737 660
737 492 736
737 661 493
737 493 492
730 727 738
730 738 645
729 738 727
729 739 738
739 634 636
523 740 728
729 740 739
728 740 729
739 740 634
520 740 523
634 740 520
741 736 492
90 97 741
90 741 492
495 741 97
497 736 741
495 497 741
704 742 340
345 513 742
345 742 704
490 742 513
512 340 742
490 512 742
108 743 106
515 516 743
108 515 743
523 743 516
728 106 743
523 728 743
744 633 522
744 675 631
744 631 633
744 522 518
517 675 744
517 744 518
104 745 516
525 519 745
104 525 745
518 745 519
521 516 745
518 521 745
549 547 746
549 746 570
746 547 541
746 541 542
747 557 564
747 552 551
747 551 557
562 747 564
265 552 747
562 265 747
566 553 748
688 748 553
554 748 688
566 748 551
551 748 557
554 557 748
749 569 570
576 666 749
576 749 570
560 749 666
561 569 749
560 561 749
575 750 577
576 570 750
576 750 575
746 750 570
542 577 750
746 542 750
751 583 721
590 612 751
590 751 721
614 751 612
581 583 751
614 581 751
595 594 752
595 752 598
752 594 720
752 720 669
753 596 598
225 753 572
223 754 225
753 754 596
225 754 753
226 754 223
599 596 754
599 754 226
201 755 611
614 755 581
611 755 614
581 755 584
601 755 201
584 755 601
756 626 757
619 618 756
619 756 757
756 627 626
756 618 714
756 714 627
696 758 757
695 758 696
619 757 758
695 396 758
619 758 620
620 758 396
759 757 626
759 697 696
759 696 757
624 759 626
296 697 759
624 296 759
716 760 398
623 622 760
623 760 716
627 760 622
714 398 760
714 760 627
761 639 635
761 522 633
761 633 639
634 761 635
520 522 761
634 520 761
762 733 731
762 649 660
762 660 733
644 762 731
651 649 762
644 651 762
738 763 645
739 763 738
643 645 763
739 636 763
643 763 642
642 763 636
291 764 478
694 653 764
291 694 764
652 764 653
657 478 764
652 657 764
572 765 668
753 598 765
753 765 572
752 765 598
669 668 765
752 669 765
249 766 250
678 348 766
249 678 766
371 766 348
708 250 766
371 708 766
