0.548111 -0.947949 -0.078008
0.625623 -0.823791 -0.001311
0.551443 -0.969323 -0.000231
0.470842 -0.431434 0.191231
0.342732 -0.351355 0.200538
0.417075 -0.463539 0.195388
0.561581 -0.835271 0.147022
0.594009 -0.689976 0.149761
0.530580 -0.694228 0.190675
0.416966 0.074168 0.116998
0.438342 -0.077050 0.087780
0.462358 -0.005086 0.000050
0.363249 0.002206 0.165127
0.395733 -0.132012 0.152641
0.503752 -0.190290 -0.000995
-0.628412 0.647829 -0.085976
-0.625855 0.503848 -0.004044
-0.651416 0.664019 -0.003105
-0.612388 0.803450 -0.082726
-0.577349 -0.538358 -0.150973
-0.616007 -0.518184 -0.081309
-0.524043 -0.396825 -0.149214
-0.649870 -0.661973 0.002291
-0.623614 -0.500125 0.003207
-0.491051 -0.218301 -0.081111
-0.565430 -0.341710 0.002375
-0.502231 -0.181669 0.000814
-0.418528 0.083393 -0.116838
-0.438369 -0.067885 -0.087845
-0.462358 0.005086 0.000050
-0.397356 -0.128496 -0.152042
-0.605338 -0.833899 -0.080461
-0.591669 -0.687147 -0.150657
-0.560586 -0.834088 -0.147538
-0.471156 -0.429313 -0.190635
-0.301487 -0.066044 -0.207554
-0.338519 -0.188106 -0.196059
-0.229312 -0.324702 -0.178643
-0.348742 -0.355418 -0.197872
-0.258478 -0.251279 -0.208080
-0.134691 -0.277863 -0.185243
0.175168 1.185165 0.124651
0.030077 1.209896 0.122894
0.038455 1.167291 0.169262
0.311052 1.126558 0.129664
0.314649 1.159794 0.068141
0.429689 1.035496 0.137077
0.294673 1.081374 0.176089
0.511612 0.755663 0.190483
0.473499 0.881333 0.188678
0.417045 0.845752 0.202050
0.577661 0.633641 0.152184
0.571111 0.779519 0.149704
0.548052 0.948074 0.077909
0.520390 0.917078 0.144613
0.612072 0.803141 0.082415
0.398472 0.992723 0.183041
0.267019 1.027797 0.199686
0.230876 0.970644 0.191360
0.139561 1.018686 0.192951
0.114647 0.959568 0.151523
0.355186 0.945971 0.202377
0.306420 0.900622 0.188962
-0.311617 0.586291 0.071225
-0.348960 0.680808 0.134188
-0.348991 0.591522 0.131097
-0.520845 0.561668 0.190762
-0.594009 0.689976 0.149761
-0.580080 0.542327 0.150244
-0.561581 0.835271 0.147022
-0.500901 0.825284 0.189564
-0.489310 0.967904 0.141759
-0.462892 0.693467 0.198651
-0.435531 0.808690 0.201478
-0.227214 1.118549 0.172640
-0.297280 1.004388 0.200419
-0.195451 1.069327 0.197995
-0.342703 1.046157 0.178994
-0.116749 1.198679 0.123180
-0.097356 1.159427 0.169142
-0.079827 1.105338 0.196738
0.041418 1.110422 0.196858
-0.163777 1.008816 0.192474
-0.064671 1.038268 0.193456
-0.137260 -1.223078 -0.064871
-0.000026 -1.249120 0.000009
-0.156406 -1.230258 -0.000010
0.208036 -0.421521 -0.065623
0.219861 -0.389303 -0.130550
0.263036 -0.480756 -0.064823
0.418528 -0.083393 -0.116838
0.355943 -0.140603 -0.186508
0.364198 -0.005261 -0.164971
0.424364 -0.235794 -0.161860
0.283928 -0.184564 -0.223298
0.361655 -0.277480 -0.203807
0.281792 -0.454637 -0.126649
0.248716 -0.348282 -0.182134
0.165102 -0.293333 -0.190497
0.200528 -0.219343 -0.229632
0.317378 -0.429296 -0.172798
0.429569 -1.035223 -0.137079
0.310944 -1.126412 -0.129642
0.294561 -1.081201 -0.176086
0.511730 -0.755610 -0.190395
0.416918 -0.845410 -0.202022
0.447766 -0.734933 -0.198139
0.473314 -0.880879 -0.188679
0.578309 -0.634712 -0.152200
0.571176 -0.779452 -0.149784
0.618768 -0.522324 0.080479
0.651416 -0.664019 -0.003105
0.625855 -0.503848 -0.004044
0.612388 -0.803450 -0.082726
0.606412 -0.835132 0.079912
0.638102 -0.679449 0.081060
0.580080 -0.542327 0.150244
0.116801 1.198732 -0.123162
0.257547 1.154262 -0.127131
0.227339 1.118670 -0.172613
0.342900 1.046330 -0.178970
0.297554 1.004608 -0.200403
0.195591 1.069457 -0.197986
0.560586 0.834088 -0.147538
0.500261 0.824502 -0.189907
0.489152 0.967739 -0.141923
0.605338 0.833899 -0.080461
0.591669 0.687147 -0.150657
0.529670 0.976074 -0.076799
0.440499 1.089693 -0.000103
0.551235 0.969223 0.000084
0.418504 1.091719 -0.071836
0.635844 0.676764 -0.081941
0.649870 0.661972 0.002291
0.616007 0.518184 -0.081309
0.624892 0.822953 0.000814
0.596301 0.488853 0.085731
0.565430 0.341710 0.002375
0.623614 0.500125 0.003207
0.627571 0.646471 0.085509
0.121878 -0.329720 0.133883
0.204443 -0.370227 0.131491
0.224697 -0.319475 0.181853
-0.167887 -0.392471 -0.070889
-0.069920 -0.369562 -0.002023
-0.142062 -0.395512 -0.003048
-0.016075 -0.348619 -0.069884
0.080455 -0.370539 0.000937
0.005450 -0.361145 -0.000648
0.025250 -0.349082 0.069029
0.103875 -0.362438 0.069568
0.176869 -0.394947 0.069910
0.229303 -0.225282 0.219390
0.320245 0.532334 0.126087
0.342133 0.620936 0.128368
0.310272 0.632025 0.068010
0.361980 0.517862 0.170276
0.315043 0.427712 0.172562
0.277129 0.452852 0.126570
0.252609 0.353735 0.178853
0.302232 0.315472 0.205800
0.355464 0.137252 0.186116
0.421576 0.227814 0.162144
0.290471 0.194966 0.219586
0.360983 0.273746 0.202845
0.365197 0.403095 0.197389
0.415152 0.506643 0.194193
0.473508 0.185786 0.089281
0.502231 0.181669 0.000814
0.544580 0.487413 0.151927
0.491051 0.218301 -0.081111
0.163937 1.008955 -0.192496
0.139859 0.949915 -0.150631
0.064727 1.038338 -0.193472
0.324018 0.767627 -0.138392
0.277657 0.844535 -0.143618
0.323263 0.880061 -0.188279
0.312394 0.666291 -0.072084
0.289470 0.570113 -0.002249
0.298638 0.648775 -0.001557
0.284289 0.725572 -0.000893
0.292052 0.745377 -0.074277
0.251183 0.813728 -0.077166
0.384389 1.076402 -0.133971
0.284740 1.174673 -0.067481
0.436806 0.946158 -0.186338
0.435367 0.808358 -0.201583
0.374430 0.789207 -0.182997
0.528589 0.691901 -0.191431
0.518205 0.558091 -0.191543
0.454952 0.574443 -0.196881
0.577349 0.538358 -0.150973
0.524043 0.396825 -0.149214
0.471156 0.429313 -0.190635
0.455285 0.262313 -0.148190
0.397356 0.128496 -0.152042
0.338519 0.188106 -0.196059
0.131406 0.201802 -0.225947
0.258478 0.251279 -0.208080
0.225019 0.136832 -0.230857
0.229312 0.324702 -0.178643
0.348742 0.355418 -0.197872
0.134691 0.277863 -0.185243
0.301487 0.066044 -0.207554
0.529930 -0.976290 0.076615
0.440469 -1.089547 0.000121
0.489310 -0.967904 0.141759
0.418465 -1.091593 0.071841
0.384288 -1.076272 0.133978
0.257436 -1.154144 0.127163
0.284641 -1.174547 0.067522
0.342703 -1.046157 0.178994
0.500901 -0.825284 0.189564
0.462892 -0.693468 0.198651
0.520845 -0.561668 0.190762
0.524739 -0.400857 0.149384
0.597905 -0.492100 -0.086127
0.567720 -0.347719 -0.002953
0.492187 -0.226077 0.080834
0.453768 -0.266207 0.149047
0.330274 -0.178820 0.199910
0.394095 -0.304886 0.194030
0.215815 -0.090955 0.241138
0.108319 -0.103344 0.258799
0.111750 0.004276 0.265543
0.298868 -0.052040 0.209498
0.546341 -0.490774 -0.151719
0.475698 -0.194547 -0.089069
0.438369 0.067885 -0.087845
-0.548111 0.947949 -0.078008
-0.625623 0.823791 -0.001311
-0.551443 0.969323 -0.000231
-0.638102 0.679449 0.081060
-0.429569 1.035223 -0.137079
-0.310944 1.126412 -0.129642
-0.294561 1.081201 -0.176086
-0.175104 1.185097 -0.124632
-0.314549 1.159651 -0.068106
-0.444315 1.069172 -0.072728
-0.440469 1.089547 0.000121
-0.529930 0.976290 0.076615
-0.305463 1.177347 0.000131
-0.284641 1.174547 0.067522
-0.156330 1.230189 0.000037
0.038439 -1.167287 -0.169252
0.030045 -1.209883 -0.122884
-0.097396 -1.159471 -0.169133
-0.342900 -1.046330 -0.178970
-0.436806 -0.946158 -0.186338
-0.379294 -0.915394 -0.203277
-0.257547 -1.154262 -0.127131
-0.384389 -1.076402 -0.133971
-0.530580 0.694228 0.190675
-0.457618 0.577541 0.196110
-0.417075 0.463539 0.195388
-0.369426 0.490593 0.172513
-0.399786 0.588164 0.174345
-0.511612 -0.755663 0.190483
-0.473499 -0.881333 0.188678
-0.417045 -0.845752 0.202050
-0.627571 -0.646471 0.085509
-0.612072 -0.803141 0.082415
-0.473508 -0.185786 0.089281
-0.416966 -0.074168 0.116998
-0.421576 -0.227814 0.162144
-0.596301 -0.488853 0.085731
-0.577661 -0.633641 0.152184
-0.544580 -0.487413 0.151927
-0.259578 -0.864939 0.144948
-0.221326 -0.845400 0.078735
-0.310062 -0.793473 0.139256
-0.089885 -0.920160 0.083021
-0.192774 -0.921618 0.148901
-0.114647 -0.959568 0.151523
-0.306420 -0.900622 0.188962
-0.230876 -0.970644 0.191360
-0.267019 -1.027797 0.199686
-0.139561 -1.018686 0.192951
-0.118288 -0.330318 -0.133145
-0.199010 -0.369035 -0.131477
-0.280924 -0.507355 -0.070668
-0.206772 -0.438513 -0.003358
-0.257723 -0.497891 -0.002958
-0.131969 -0.378241 0.067120
-0.200798 -0.419204 0.065856
-0.548052 -0.948074 0.077909
-0.520390 -0.917078 0.144613
-0.429689 -1.035496 0.137077
-0.175168 -1.185165 0.124651
-0.030077 -1.209896 0.122894
-0.038455 -1.167291 0.169262
-0.311052 -1.126558 0.129664
-0.294673 -1.081374 0.176089
-0.398472 -0.992723 0.183041
-0.355186 -0.945971 0.202377
-0.424364 0.235794 -0.161860
-0.355943 0.140603 -0.186508
-0.283928 0.184564 -0.223298
-0.200528 0.219343 -0.229632
-0.198803 0.092556 -0.248509
-0.224697 0.319475 0.181853
-0.342732 0.351355 0.200538
-0.229303 0.225282 0.219390
-0.470842 0.431435 0.191231
-0.524739 0.400857 0.149384
-0.618768 0.522324 0.080479
-0.560700 0.372643 0.079890
-0.453768 0.266207 0.149047
-0.395733 0.132012 0.152641
-0.330274 0.178820 0.199910
-0.492187 0.226077 0.080834
-0.475698 0.194547 -0.089069
-0.503752 0.190290 -0.000995
-0.540089 0.339371 -0.084801
-0.578309 0.634712 -0.152200
-0.597905 0.492100 -0.086127
-0.546341 0.490773 -0.151719
-0.520287 0.916724 -0.144661
-0.571176 0.779452 -0.149784
-0.473314 0.880879 -0.188679
-0.511730 0.755610 -0.190395
-0.567720 0.347719 -0.002953
-0.455285 -0.262313 -0.148190
-0.558600 -0.366774 -0.080410
-0.624892 -0.822953 0.000814
-0.551235 -0.969223 0.000084
-0.635844 -0.676764 -0.081941
-0.364198 0.005261 -0.164971
-0.489152 -0.967739 -0.141923
-0.418504 -1.091719 -0.071836
-0.305560 -1.177484 -0.000089
-0.440499 -1.089693 -0.000103
-0.284740 -1.174673 -0.067481
-0.529670 -0.976074 -0.076799
0.114976 0.107049 -0.253639
0.105061 0.003364 -0.266344
0.005528 0.099184 -0.263923
0.101406 -0.102655 -0.261779
0.198803 -0.092556 -0.248509
-0.131406 -0.201802 -0.225947
-0.225019 -0.136832 -0.230857
-0.101406 0.102655 -0.261779
-0.105061 -0.003364 -0.266344
-0.000000 0.000000 -0.273437
-0.005528 -0.099184 -0.263923
-0.528589 -0.691901 -0.191431
-0.454952 -0.574443 -0.196881
-0.461596 -0.691924 -0.199004
-0.401039 -0.307853 -0.190605
-0.518205 -0.558091 -0.191543
-0.267974 -0.428839 -0.130319
-0.319100 -0.503939 -0.130130
-0.365705 -0.487436 -0.173430
-0.307699 -0.398514 -0.174530
-0.415716 -0.461266 -0.195865
0.063265 -0.355295 -0.068805
-0.251183 -0.813728 -0.077166
-0.284289 -0.725572 -0.000893
-0.248923 -0.792656 -0.000279
-0.302012 -0.712905 0.071168
-0.292052 -0.745377 -0.074277
-0.298638 -0.648775 -0.001557
-0.312394 -0.666291 -0.072084
-0.324018 -0.767627 -0.138392
-0.277657 -0.844535 -0.143618
-0.215152 -0.906365 -0.147551
-0.251881 -0.955183 -0.190613
-0.323263 -0.880061 -0.188279
-0.348287 -0.680071 -0.134084
-0.346780 -0.589620 -0.131316
-0.400347 -0.688388 -0.178189
-0.289470 -0.570113 -0.002249
-0.294179 -0.550828 0.066142
0.444375 1.069378 0.072747
0.156406 1.230258 -0.000010
0.305560 1.177484 -0.000089
-0.030045 1.209883 -0.122884
-0.038439 1.167287 -0.169252
0.097396 1.159471 -0.169133
0.079867 1.105398 -0.196736
-0.041409 1.110422 -0.196855
-0.171871 1.140532 -0.171135
-0.159755 1.083924 -0.197652
-0.302972 0.714323 -0.070837
-0.270787 0.785755 -0.075070
-0.248992 0.792814 0.000408
-0.259443 0.864710 -0.144951
-0.192648 0.921457 -0.148915
-0.159286 0.890767 -0.081432
-0.310173 0.793602 -0.139215
-0.360680 0.814801 -0.183736
-0.230754 0.970466 -0.191364
-0.306241 0.900317 -0.188967
-0.354980 0.945609 -0.202392
-0.416918 0.845410 -0.202022
-0.447766 0.734933 -0.198139
-0.398290 0.992374 -0.183062
-0.298894 0.554371 -0.065383
-0.300625 0.650782 0.002219
-0.293437 0.572952 0.002991
-0.263801 0.500940 0.003441
-0.313658 0.667448 0.072545
-0.292367 0.745823 0.074589
-0.284967 0.726532 0.001280
-0.266904 1.027607 -0.199688
-0.139518 1.018643 -0.192953
-0.069246 0.907575 -0.000211
-0.136276 0.884013 -0.000214
-0.089800 0.920106 -0.083049
-0.114585 0.959522 -0.151537
-0.030163 0.977420 -0.152396
-0.016566 0.932893 -0.083369
0.248923 0.792656 -0.000279
0.270657 0.785527 0.075158
0.197842 0.845784 0.000055
0.215152 0.906365 -0.147551
0.195724 0.867608 -0.079805
0.129841 0.905589 -0.081951
0.159416 0.890915 0.081405
0.069346 0.907650 0.000173
0.136419 0.884157 0.000173
0.016688 1.237761 0.064488
0.000026 1.249120 0.000009
-0.257436 1.154144 0.127163
-0.384288 1.076272 0.133978
0.171920 1.140592 0.171151
0.447357 0.734580 0.198319
0.511955 0.624696 0.190683
0.479407 0.495243 0.190492
0.259578 0.864939 0.144948
0.221326 0.845400 0.078735
0.310062 0.793473 0.139256
0.338904 0.710481 0.133019
0.388846 0.718484 0.177094
0.302012 0.712905 0.071168
0.089885 0.920160 0.083021
0.016625 0.932871 0.083344
0.192774 0.921618 0.148901
0.030199 0.977392 0.152381
0.038751 1.041778 0.193515
-0.056302 0.973903 0.152140
0.159790 1.083975 0.197661
-0.251582 0.954967 0.190599
-0.322903 0.879835 0.188282
-0.277397 0.844395 0.143656
-0.214893 0.906185 0.147522
-0.121878 0.329720 0.133883
-0.204443 0.370227 0.131491
-0.103875 0.362438 0.069568
-0.063265 0.355295 -0.068805
-0.151598 0.397331 0.002427
-0.080455 0.370539 0.000937
-0.005450 0.361145 -0.000648
-0.176869 0.394947 0.069910
-0.239448 0.445104 0.070200
-0.274030 0.431826 0.129469
-0.139654 0.379697 -0.067248
-0.059573 0.320481 -0.135577
-0.286041 0.510055 0.070527
-0.214768 0.441102 0.003301
-0.208036 0.421521 -0.065623
-0.400983 0.689306 0.178069
-0.374276 0.789252 0.183008
-0.323977 0.767721 0.138524
-0.436754 0.946167 0.186243
-0.379029 0.915238 0.203249
-0.057624 0.927424 0.083079
-0.129683 0.905449 0.081905
-0.139692 0.949777 0.150591
-0.195546 0.867464 0.079783
-0.116801 -1.198732 -0.123162
0.016640 -1.237753 -0.064473
0.156330 -1.230189 0.000037
0.169603 -1.215786 -0.065230
0.305463 -1.177347 0.000131
0.314549 -1.159651 -0.068106
-0.171920 -1.140592 0.171151
-0.041418 -1.110422 0.196858
-0.159790 -1.083975 0.197661
-0.038751 -1.041778 0.193515
-0.016688 -1.237761 0.064488
0.116749 -1.198679 0.123180
0.137193 -1.223017 0.064897
-0.314649 -1.159794 0.068141
0.151598 -0.397331 0.002427
0.139654 -0.379697 -0.067248
0.059573 -0.320481 -0.135577
0.214768 -0.441102 0.003301
0.144682 -0.344898 -0.133941
0.070630 -0.266759 -0.193712
0.263801 -0.500940 0.003441
0.293437 -0.572952 0.002991
0.311617 -0.586291 0.071225
0.286041 -0.510055 0.070527
0.324835 -0.536154 -0.125345
0.345026 -0.624215 -0.127700
0.312956 -0.634900 -0.067325
0.284821 -0.057849 -0.218804
0.540089 -0.339371 -0.084801
0.490306 -0.354087 -0.151968
0.481939 -0.499315 -0.189840
0.429032 -0.381752 -0.192821
0.418440 -0.511255 -0.193303
0.367491 -0.407343 -0.197507
0.297555 -0.311487 -0.208983
0.512949 -0.626107 -0.190342
0.447113 -0.621538 -0.194530
0.391110 -0.620230 -0.171396
0.389635 -0.719427 -0.176888
0.365910 -0.522162 -0.169340
-0.030392 -0.314844 -0.134844
-0.031025 -0.260895 -0.191704
0.089775 -0.195261 -0.237278
0.520287 -0.916724 -0.144661
0.398290 -0.992374 -0.183062
0.266904 -1.027607 -0.199688
-0.064727 -1.038338 -0.193472
0.038736 -1.041799 -0.193522
0.041409 -1.110422 -0.196855
0.114585 -0.959522 -0.151537
0.139518 -1.018643 -0.192953
0.030163 -0.977420 -0.152396
0.230753 -0.970466 -0.191364
0.175104 -1.185097 -0.124632
0.171871 -1.140532 -0.171135
0.444315 -1.069172 -0.072728
0.628412 -0.647829 -0.085976
-0.016640 1.237753 -0.064473
0.137260 1.223078 -0.064871
0.379294 0.915394 -0.203277
0.251881 0.955183 -0.190613
0.487393 0.347722 0.152430
0.537919 0.333408 0.084735
0.558600 0.366774 -0.080410
0.274030 -0.431826 0.129469
0.323587 -0.507011 0.129386
0.369426 -0.490593 0.172513
0.239448 -0.445104 0.070200
0.121340 -0.271769 0.189290
-0.054940 -0.354846 0.068266
-0.060033 -0.320138 0.135544
0.010722 -0.259190 0.193481
0.031486 -0.314137 0.135387
0.399786 -0.588164 0.174345
0.400983 -0.689306 0.178069
0.309498 -0.399051 0.174877
-0.143840 -0.345159 0.133315
-0.216767 -0.389560 0.129631
-0.178016 -0.300358 0.186471
-0.094402 -0.360863 -0.070545
-0.479407 -0.495243 0.190492
-0.487393 -0.347722 0.152430
-0.447357 -0.734580 0.198319
-0.388602 -0.617259 0.172089
-0.342133 -0.620936 0.128368
-0.361980 -0.517862 0.170276
-0.415152 -0.506643 0.194193
-0.355464 -0.137252 0.186116
-0.363249 -0.002206 0.165127
-0.286895 -0.072151 0.217633
-0.290471 -0.194966 0.219586
-0.360983 -0.273746 0.202845
-0.302232 -0.315472 0.205800
-0.365197 -0.403095 0.197389
-0.315043 -0.427712 0.172562
-0.511955 -0.624696 0.190683
-0.277129 -0.452852 0.126570
-0.252609 -0.353735 0.178853
-0.229179 -0.249165 0.217759
-0.144570 -0.207003 0.229609
0.000000 0.000000 0.272909
0.011687 0.099964 0.263549
-0.108319 0.103344 0.258799
-0.111750 -0.004276 0.265543
-0.011687 -0.099964 0.263549
-0.121025 -0.108876 0.255690
0.075960 -0.192287 0.234793
0.360676 0.814905 0.183770
0.388602 0.617259 0.172089
-0.025250 0.349082 0.069029
0.167887 0.392471 -0.070889
0.069920 0.369562 -0.002023
0.142062 0.395512 -0.003048
0.094402 0.360863 -0.070545
0.054940 0.354846 0.068266
0.256720 0.477615 0.065335
0.257723 0.497891 -0.002958
0.200798 0.419204 0.065856
0.308701 0.584267 -0.070889
0.280924 0.507355 -0.070668
0.346780 0.589620 -0.131316
0.294179 0.550828 0.066142
0.216767 0.389560 0.129631
0.143840 0.345159 0.133315
0.178016 0.300358 0.186471
0.212641 0.140040 0.239323
0.229179 0.249165 0.217759
0.144570 0.207003 0.229609
0.286895 0.072151 0.217633
0.425641 0.375455 0.193214
0.118288 0.330318 -0.133145
0.030392 0.314844 -0.134844
0.016075 0.348619 -0.069884
0.056377 0.973985 -0.152167
0.057719 0.927515 -0.083112
-0.038736 1.041799 -0.193522
0.400347 0.688388 -0.178189
0.397493 0.585707 -0.174875
0.348287 0.680071 -0.134084
0.461596 0.691924 -0.199004
0.307699 0.398514 -0.174530
0.319100 0.503939 -0.130130
0.365705 0.487436 -0.173430
0.267974 0.428839 -0.130319
0.415716 0.461266 -0.195865
0.401039 0.307853 -0.190605
-0.339939 0.711902 -0.132777
-0.345026 0.624215 -0.127700
-0.391110 0.620230 -0.171396
-0.389635 0.719427 -0.176888
-0.165102 0.293333 -0.190497
-0.248716 0.348282 -0.182134
-0.219861 0.389303 -0.130550
-0.361655 0.277480 -0.203807
-0.297555 0.311488 -0.208983
-0.367491 0.407343 -0.197507
-0.317378 0.429296 -0.172798
0.031025 0.260895 -0.191704
-0.070630 0.266759 -0.193712
-0.089775 0.195261 -0.237278
-0.129841 -0.905589 -0.081951
-0.136419 -0.884157 0.000173
-0.057719 -0.927515 -0.083112
0.089800 -0.920106 -0.083049
-0.000034 -0.916297 -0.000016
0.069246 -0.907575 -0.000211
-0.197842 -0.845784 0.000055
-0.270657 -0.785527 0.075158
-0.069346 -0.907650 0.000173
-0.159416 -0.890915 0.081405
-0.016625 -0.932871 0.083344
0.057624 -0.927424 0.083079
0.129683 -0.905449 0.081905
0.195546 -0.867464 0.079783
0.197728 -0.845641 -0.000059
0.056302 -0.973903 0.152140
0.227214 -1.118549 0.172640
0.322903 -0.879835 0.188282
0.277397 -0.844395 0.143656
0.251582 -0.954967 0.190599
0.214893 -0.906185 0.147522
0.163777 -1.008816 0.192474
0.195451 -1.069327 0.197995
0.297280 -1.004388 0.200419
0.379029 -0.915238 0.203249
0.139692 -0.949777 0.150591
0.064671 -1.038268 0.193456
0.436754 -0.946167 0.186243
0.323977 -0.767721 0.138524
0.292367 -0.745823 0.074589
0.348960 -0.680808 0.134188
0.374276 -0.789252 0.183008
0.435531 -0.808690 0.201478
0.457618 -0.577541 0.196110
0.560700 -0.372643 0.079890
-0.207776 -0.027198 0.245996
-0.121340 0.271769 0.189290
-0.075960 0.192287 0.234793
-0.010722 0.259190 0.193481
-0.606412 0.835132 0.079912
-0.418465 1.091593 0.071841
-0.137193 1.223017 0.064897
-0.169603 1.215786 -0.065230
-0.163937 -1.008955 -0.192496
-0.139859 -0.949915 -0.150631
-0.195591 -1.069457 -0.197986
-0.079867 -1.105398 -0.196736
-0.500261 -0.824502 -0.189907
-0.227339 -1.118670 -0.172613
-0.297554 -1.004608 -0.200403
-0.309498 0.399051 0.174877
-0.323587 0.507011 0.129386
-0.571111 -0.779519 0.149704
-0.438342 0.077050 0.087780
-0.537919 -0.333408 0.084735
-0.444375 -1.069378 0.072747
-0.360676 -0.814905 0.183770
-0.388846 -0.718484 0.177094
-0.338904 -0.710481 0.133019
-0.310272 -0.632025 0.068010
-0.320245 -0.532334 0.126087
-0.256720 -0.477615 0.065335
-0.232037 -0.442213 -0.070874
0.097356 -1.159427 0.169142
-0.512949 0.626107 -0.190342
-0.481939 0.499315 -0.189840
-0.490306 0.354087 -0.151968
-0.284821 0.057849 -0.218804
-0.215815 0.090955 0.241138
-0.298868 0.052040 0.209498
-0.394095 0.304886 0.194030
0.018646 0.187886 -0.236168
0.205427 0.024130 -0.245304
-0.114976 -0.107049 -0.253639
-0.205427 -0.024130 -0.245304
-0.195724 -0.867608 -0.079805
-0.397493 -0.585707 -0.174875
-0.374430 -0.789207 -0.182997
-0.308701 -0.584267 -0.070889
0.169678 1.215858 0.065252
-0.251106 0.813735 0.077268
-0.197728 0.845641 -0.000059
-0.312956 0.634900 -0.067325
-0.324835 0.536154 -0.125345
-0.221219 0.845226 -0.078736
-0.263036 0.480756 -0.064823
0.000034 0.916297 -0.000016
0.445409 0.619355 0.195146
-0.031486 0.314137 0.135387
0.060033 0.320138 0.135544
0.206772 0.438513 -0.003358
0.131969 0.378241 0.067120
-0.144682 0.344898 -0.133941
-0.030199 -0.977392 0.152381
-0.169678 -1.215858 0.065252
0.360680 -0.814801 -0.183736
0.310173 -0.793602 -0.139215
0.306241 -0.900317 -0.188967
0.259443 -0.864710 -0.144951
0.270787 -0.785755 -0.075070
0.248992 -0.792814 0.000408
0.302972 -0.714323 -0.070837
0.284967 -0.726532 0.001280
0.339939 -0.711902 -0.132777
0.348991 -0.591522 0.131097
0.300625 -0.650782 0.002219
0.313658 -0.667448 0.072545
0.221219 -0.845226 -0.078736
0.159286 -0.890767 -0.081432
0.192648 -0.921457 -0.148915
0.298894 -0.554371 -0.065383
-0.018646 -0.187886 -0.236168
0.354980 -0.945609 -0.202392
-0.056377 -0.973985 -0.152167
0.159755 -1.083924 -0.197652
-0.090831 -0.269014 0.192308
-0.425641 -0.375455 0.193214
-0.445409 -0.619355 0.195146
-0.212641 -0.140040 0.239323
-0.043337 -0.188724 0.236614
0.232037 0.442213 -0.070874
0.090831 0.269014 0.192308
0.121025 0.108876 0.255690
0.207776 0.027198 0.245996
0.199010 0.369035 -0.131477
-0.365910 0.522162 -0.169340
-0.418440 0.511255 -0.193303
-0.447113 0.621538 -0.194530
-0.429032 0.381752 -0.192821
-0.281792 0.454637 -0.126649
0.016566 -0.932893 -0.083369
0.251106 -0.813735 0.077268
0.136276 -0.884013 -0.000214
0.079827 -1.105338 0.196738
0.043337 0.188724 0.236614
-0.435367 -0.808358 -0.201583
