0.826597 -0.436628 -0.355097
0.969776 -0.242601 -0.026068
0.867320 -0.497669 -0.009095
0.433039 0.189314 0.881270
0.014634 -0.070064 0.997435
0.006347 -0.023089 0.999713
0.723451 -0.237653 0.648182
0.774791 -0.024821 0.631730
0.451490 -0.029638 0.891784
0.796438 -0.130506 0.590470
0.866425 0.149351 0.476447
0.999987 0.004245 0.002939
0.671415 -0.004224 0.741069
0.682244 0.170539 0.710957
0.953268 0.301555 0.018563
-0.921325 -0.067946 -0.382810
-0.964605 -0.258701 -0.051088
-0.998086 -0.037558 -0.049126
-0.909926 0.188188 -0.369622
-0.766111 0.184935 -0.615527
-0.925673 0.235541 -0.296056
-0.712351 0.303334 -0.632886
-0.998315 0.040663 0.041401
-0.965312 0.256844 0.046951
-0.859987 0.315246 -0.401300
-0.938571 0.344596 0.018410
-0.955921 0.293236 -0.015071
-0.799068 -0.135302 -0.585819
-0.868822 0.144154 -0.473674
-0.999987 -0.004245 0.002939
-0.677804 0.170849 -0.715117
-0.907730 -0.257902 -0.330928
-0.774994 -0.021046 -0.631618
-0.726192 -0.232667 -0.646925
-0.429040 0.191499 -0.882753
-0.472006 0.018148 -0.881408
-0.417044 0.091466 -0.904272
0.237731 -0.385022 -0.891764
-0.016341 -0.035861 -0.999223
-0.067602 -0.142808 -0.987439
0.101540 -0.514160 -0.851663
0.237732 0.716888 0.655405
0.043775 0.754836 0.654451
0.039447 0.438173 0.898025
0.416880 0.629703 0.655504
0.494569 0.796472 0.347900
0.567140 0.499013 0.655239
0.254668 0.359029 0.897910
0.432354 0.046789 0.900489
0.401590 0.171065 0.899701
0.004204 -0.017502 0.999838
0.741235 -0.082675 0.666134
0.738060 0.118278 0.664288
0.829155 0.435092 0.350995
0.678400 0.325893 0.658458
0.913170 0.185180 0.363083
0.340156 0.278411 0.898210
0.008631 -0.005878 0.999945
-0.246031 -0.359037 0.900312
-0.144677 -0.411020 0.900073
-0.249445 -0.703448 0.665537
0.007497 -0.010375 0.999918
-0.330709 -0.283984 0.899992
0.899984 0.194746 0.390004
0.730405 -0.062996 0.680103
0.716829 0.125847 0.685798
-0.458989 -0.099223 0.882884
-0.774791 0.024821 0.631730
-0.766296 -0.187586 0.614494
-0.723451 0.237653 0.648182
-0.416062 0.150452 0.896803
-0.631312 0.416461 0.654222
-0.008211 0.001671 0.999965
-0.001619 0.005812 0.999982
-0.184152 0.398687 0.898408
0.008281 0.005210 0.999952
0.009498 0.003059 0.999950
-0.281607 0.336448 0.898610
-0.151609 0.740601 0.654618
-0.074766 0.433530 0.898032
0.009496 0.000944 0.999954
0.009423 -0.001092 0.999955
0.188621 -0.393063 0.899958
0.079833 -0.428324 0.900092
-0.213468 -0.913399 -0.346602
0.000250 -1.000000 -0.000007
-0.256653 -0.966503 -0.000851
-0.626162 -0.707133 -0.328458
-0.503352 -0.600216 -0.621593
-0.794628 -0.517309 -0.317739
0.799068 0.135302 -0.585819
0.574368 0.131973 -0.807889
0.671094 0.003868 -0.741363
0.632025 0.234637 -0.738573
0.303591 0.013369 -0.952709
0.364245 0.099718 -0.925949
-0.648701 -0.447711 -0.615420
-0.315992 -0.411001 -0.855118
-0.197776 -0.508488 -0.838048
0.024588 -0.225155 -0.974013
-0.397180 -0.298651 -0.867788
0.566453 -0.498563 -0.656175
0.417222 -0.629410 -0.655567
0.255037 -0.358822 -0.897888
0.430896 -0.047608 -0.901145
0.003933 0.018663 -0.999818
-0.004134 0.025048 -0.999678
0.400547 -0.171149 -0.900150
0.739048 0.080596 -0.668814
0.734945 -0.120175 -0.667393
0.925356 0.238519 0.294660
0.998086 0.037558 -0.049126
0.964605 0.258701 -0.051088
0.909926 -0.188188 -0.369622
0.906922 -0.264382 0.328016
0.952575 0.001870 0.304298
0.766296 0.187586 0.614493
0.151249 0.740733 -0.654553
0.337877 0.675423 -0.655471
0.184012 0.399016 -0.898291
0.281845 0.336845 -0.898387
-0.008316 0.005322 -0.999951
-0.009327 0.003207 -0.999951
0.726192 0.232667 -0.646925
0.418072 0.149148 -0.896086
0.633867 0.414386 -0.653067
0.907730 0.257902 -0.330928
0.774994 0.021046 -0.631618
0.801582 0.490480 -0.341899
0.709694 0.704506 0.002156
0.869305 0.494245 0.005478
0.645283 0.681429 -0.345347
0.951168 -0.005465 -0.308626
0.998315 -0.040664 0.041401
0.925673 -0.235541 -0.296056
0.971193 0.237536 0.018988
0.890187 -0.251299 0.380021
0.938571 -0.344596 0.018410
0.965312 -0.256845 0.046951
0.923795 -0.070532 0.376334
-0.230162 -0.722415 0.652029
-0.422218 -0.614593 0.666339
-0.247534 -0.424860 0.870759
0.488500 -0.777242 -0.396563
0.246984 -0.968762 -0.022340
0.479159 -0.877340 -0.026120
0.030733 -0.932688 -0.359372
-0.262098 -0.964862 0.018575
-0.007251 -0.999969 -0.003132
-0.041356 -0.932588 0.358564
-0.285202 -0.879821 0.380230
-0.502526 -0.773282 0.386657
0.087224 -0.172835 0.981081
-0.725897 0.272902 0.631346
-0.760813 0.086242 0.643215
-0.938423 0.078657 0.336417
-0.442035 0.169438 0.880849
-0.397554 0.282204 0.873105
-0.638776 0.440530 0.630791
-0.316457 0.388399 0.865449
-0.016899 0.137357 0.990377
0.566964 -0.131455 0.813186
0.628270 -0.230722 0.742997
0.281403 -0.007675 0.959559
0.350002 -0.098359 0.931571
-0.016169 0.061983 0.997946
-0.013820 0.011304 0.999841
0.833944 -0.277105 0.477232
0.955921 -0.293236 -0.015071
0.709896 -0.217944 0.669737
0.859987 -0.315246 -0.401300
-0.188064 -0.393145 -0.900038
-0.320381 -0.672993 -0.666661
-0.079567 -0.428358 -0.900099
-0.699943 -0.240580 -0.672459
-0.618167 -0.416035 -0.666921
-0.360089 -0.244002 -0.900444
-0.923444 -0.027753 -0.382729
-0.958080 0.284209 -0.036158
-0.999287 0.029350 -0.023766
-0.972578 -0.232408 -0.008866
-0.889985 -0.267439 -0.369327
-0.789998 -0.494540 -0.362399
0.503026 0.563700 -0.655139
0.443839 0.826148 -0.347113
0.360542 0.252407 -0.897942
-0.000862 0.007486 -0.999972
-0.406650 -0.143060 -0.902313
0.453104 0.027510 -0.891033
0.459047 -0.101104 -0.882640
0.010947 0.000604 -0.999940
0.766111 -0.184935 -0.615527
0.712351 -0.303334 -0.632886
0.429041 -0.191502 -0.882752
0.671567 -0.287120 -0.683052
0.677804 -0.170849 -0.715117
0.417044 -0.091466 -0.904272
0.039744 0.325977 -0.944542
0.067602 0.142811 -0.987439
0.233080 0.090411 -0.968246
-0.237728 0.385021 -0.891765
0.016342 0.035857 -0.999223
-0.101540 0.514160 -0.851663
0.472006 -0.018148 -0.881408
0.799454 -0.494396 0.341241
0.708643 -0.705560 -0.003160
0.631312 -0.416461 0.654222
0.644201 -0.682397 0.345456
0.502178 -0.563809 0.655696
0.338053 -0.675161 0.655650
0.443953 -0.826060 0.347175
0.281607 -0.336448 0.898610
0.416062 -0.150452 0.896803
0.008211 -0.001672 0.999965
0.458989 0.099223 0.882884
0.711005 0.309322 0.631499
0.888310 0.252200 -0.383798
0.936211 0.350966 -0.018213
0.856361 0.321205 0.404317
0.673027 0.290048 0.680373
0.437160 0.091105 0.894757
0.403811 0.183900 0.896168
0.274179 -0.040967 0.960806
0.093147 -0.131147 0.986977
0.132665 0.013627 0.991067
0.487435 0.024679 0.872811
0.709049 0.218372 -0.670494
0.834093 0.284017 -0.472888
0.868822 -0.144154 -0.473674
-0.826597 0.436628 -0.355097
-0.969776 0.242601 -0.026068
-0.867320 0.497669 -0.009095
-0.952575 -0.001870 0.304298
-0.566453 0.498563 -0.656175
-0.417222 0.629410 -0.655567
-0.255037 0.358822 -0.897888
-0.238211 0.716892 -0.655227
-0.494739 0.796312 -0.348023
-0.684238 0.640234 -0.349168
-0.708643 0.705560 -0.003160
-0.799454 0.494396 0.341241
-0.500731 0.865603 -0.000623
-0.443953 0.826060 0.347175
-0.257125 0.966378 0.000877
0.039691 -0.438320 -0.897942
0.044132 -0.754923 -0.654327
-0.074586 -0.433735 -0.897948
-0.281845 -0.336845 -0.898387
-0.360542 -0.252407 -0.897942
0.005743 -0.007244 -0.999957
-0.337877 -0.675423 -0.655471
-0.503026 -0.563700 -0.655139
-0.451490 0.029638 0.891784
-0.009322 0.002780 0.999953
-0.006348 0.023088 0.999713
0.396476 0.198209 0.896393
0.417452 0.071108 0.905912
-0.432354 -0.046789 0.900489
-0.401590 -0.171065 0.899701
-0.004204 0.017502 0.999838
-0.923796 0.070532 0.376334
-0.913170 -0.185181 0.363084
-0.833944 0.277105 0.477232
-0.796438 0.130506 0.590470
-0.628270 0.230722 0.742997
-0.890187 0.251299 0.380021
-0.741235 0.082675 0.666134
-0.709896 0.217944 0.669737
0.569188 0.482941 0.665427
0.694231 0.624138 0.358462
0.680068 0.314296 0.662364
0.287454 0.887049 0.361266
0.423691 0.613535 0.666379
0.249445 0.703448 0.665537
0.330709 0.283984 0.899992
0.246031 0.359037 0.900312
-0.008631 0.005878 0.999945
0.144677 0.411020 0.900073
0.225792 -0.712427 -0.664429
0.410771 -0.602162 -0.684594
0.806777 -0.441695 -0.392450
0.684508 -0.728496 -0.027250
0.850916 -0.524140 -0.034912
0.410137 -0.843978 0.345671
0.616370 -0.710264 0.340021
-0.829155 -0.435092 0.350995
-0.678400 -0.325893 0.658458
-0.567140 -0.499013 0.655239
-0.237732 -0.716888 0.655405
-0.043775 -0.754836 0.654451
-0.039447 -0.438173 0.898025
-0.416880 -0.629703 0.655504
-0.254668 -0.359029 0.897910
-0.340156 -0.278411 0.898210
-0.007497 0.010375 0.999918
-0.632025 -0.234637 -0.738573
-0.574368 -0.131973 -0.807889
-0.303591 -0.013369 -0.952709
-0.024587 0.225155 -0.974013
-0.231460 0.029048 -0.972411
0.247534 0.424860 0.870759
-0.014635 0.070063 0.997435
-0.087224 0.172835 0.981081
-0.433038 -0.189314 0.881271
-0.711005 -0.309322 0.631500
-0.925356 -0.238519 0.294660
-0.874645 -0.351650 0.333674
-0.673027 -0.290048 0.680373
-0.682244 -0.170539 0.710957
-0.437160 -0.091105 0.894757
-0.856361 -0.321205 0.404317
-0.834093 -0.284017 -0.472888
-0.953268 -0.301555 0.018563
-0.858261 -0.325663 -0.396650
-0.739049 -0.080596 -0.668813
-0.888310 -0.252200 -0.383797
-0.709049 -0.218372 -0.670494
-0.676042 0.326176 -0.660740
-0.734945 0.120175 -0.667393
-0.400547 0.171149 -0.900150
-0.430896 0.047608 -0.901145
-0.936211 -0.350966 -0.018213
-0.671567 0.287120 -0.683052
-0.878192 0.345357 -0.330918
-0.971193 -0.237536 0.018987
-0.869305 -0.494245 0.005478
-0.951168 0.005465 -0.308626
-0.671094 -0.003868 -0.741363
-0.633867 -0.414386 -0.653067
-0.645283 -0.681429 -0.345347
-0.500659 -0.865644 0.000550
-0.709694 -0.704506 0.002156
-0.443839 -0.826148 -0.347113
-0.801582 -0.490480 -0.341899
0.124085 0.167316 -0.978063
0.130803 0.036630 -0.990731
0.037374 0.170851 -0.984588
0.073017 -0.120386 -0.990038
0.231460 -0.029048 -0.972411
-0.039744 -0.325977 -0.944542
-0.233080 -0.090411 -0.968246
-0.073017 0.120386 -0.990038
-0.130803 -0.036630 -0.990731
-0.000000 0.000000 -1.000000
-0.037374 -0.170851 -0.984588
-0.453104 -0.027510 -0.891033
-0.010949 -0.000601 -0.999940
-0.005712 -0.004667 -0.999973
-0.389410 0.185295 -0.902234
-0.459045 0.101104 -0.882642
0.551643 -0.478466 -0.683199
0.654125 -0.325354 -0.682836
0.387451 -0.189379 -0.902229
0.330756 -0.286256 -0.899254
-0.012611 -0.004150 -0.999912
-0.204089 -0.919558 -0.335798
0.789998 0.494540 -0.362399
0.972578 0.232408 -0.008866
0.873512 0.486791 -0.003338
0.921247 0.169735 0.349992
0.889985 0.267439 -0.369327
0.999287 -0.029350 -0.023766
0.923444 0.027753 -0.382729
0.699943 0.240580 -0.672459
0.618167 0.416035 -0.666921
0.486761 0.565175 -0.666064
0.285189 0.330258 -0.899776
0.360089 0.244002 -0.900444
0.731530 0.051507 -0.679860
0.715772 -0.141938 -0.683758
0.425282 0.033769 -0.904431
0.958080 -0.284209 -0.036158
0.893187 -0.311559 0.324264
0.685219 0.639979 0.347710
0.256653 0.966503 -0.000851
0.500659 0.865644 0.000550
-0.044132 0.754923 -0.654327
-0.039691 0.438320 -0.897942
0.074586 0.433735 -0.897948
-0.009454 0.001095 -0.999955
-0.009498 -0.000998 -0.999954
-0.152112 0.412957 -0.897958
-0.009144 -0.003076 -0.999953
0.918006 -0.187851 -0.349251
0.832913 -0.425463 -0.353889
0.868686 -0.495356 0.002654
0.568471 -0.485177 -0.664413
0.424358 -0.613079 -0.666374
0.508405 -0.781617 -0.361384
0.678333 -0.323418 -0.659746
0.396296 -0.193025 -0.897603
0.246506 -0.358550 -0.900376
0.330768 -0.284825 -0.899704
-0.007533 -0.010449 -0.999917
-0.003933 -0.018663 -0.999818
0.004134 -0.025048 -0.999678
-0.339982 0.278061 -0.898384
0.899389 0.297771 -0.320049
0.999760 0.010808 0.019062
0.963628 0.265080 0.033960
0.861230 0.506852 0.037192
0.924840 -0.042457 0.377979
0.888998 -0.277002 0.364627
0.968912 -0.247346 0.005436
-0.008688 -0.005675 -0.999946
0.145101 -0.410653 -0.900172
0.263208 -0.964736 -0.002506
0.501679 -0.865053 0.000731
0.288653 -0.886490 -0.361682
0.250348 -0.702889 -0.665787
0.057642 -0.744717 -0.664887
0.045040 -0.932192 -0.359150
-0.873512 -0.486791 -0.003338
-0.837468 -0.414573 0.356059
-0.709405 -0.704792 -0.003573
-0.486761 -0.565175 -0.666064
-0.628157 -0.688377 -0.362706
-0.425315 -0.829273 -0.362509
-0.507962 -0.781895 0.361406
-0.261997 -0.965066 0.002092
-0.501462 -0.865179 -0.000758
0.027434 0.938025 0.345480
-0.000250 1.000000 -0.000007
-0.338053 0.675161 0.655650
-0.502178 0.563809 0.655696
0.151727 0.412918 0.898041
-0.002718 -0.022179 0.999750
0.432992 -0.066744 0.898924
0.416099 -0.135728 0.899133
-0.569188 -0.482941 0.665427
-0.694231 -0.624138 0.358462
-0.680068 -0.314296 0.662364
-0.746172 -0.116353 0.655507
-0.439212 -0.073995 0.895331
-0.921247 -0.169735 0.349992
-0.287454 -0.887049 0.361266
-0.043984 -0.932376 0.358803
-0.423691 -0.613535 0.666379
-0.057029 -0.744872 0.664766
-0.033166 -0.434580 0.900022
0.136553 -0.733549 0.665777
0.009063 -0.003232 0.999954
0.285770 -0.330230 0.899602
0.359489 -0.244730 0.900486
0.618464 -0.418130 0.665335
0.487320 -0.565585 0.665307
0.230162 0.722415 0.652029
0.422218 0.614593 0.666339
0.285202 0.879821 0.380230
0.204089 0.919558 -0.335798
0.494819 0.868535 0.028291
0.262098 0.964862 0.018575
0.007251 0.999969 -0.003132
0.502526 0.773282 0.386657
0.680321 0.621791 0.387993
0.563897 0.483465 0.669539
0.421654 0.843727 -0.332163
0.152652 0.773917 -0.614613
0.816491 0.423325 0.392605
0.698553 0.714825 0.032402
0.626162 0.707133 -0.328458
0.420205 -0.042142 0.906450
0.403384 -0.146565 0.903216
0.699429 -0.246253 0.670938
-0.359419 0.252478 0.898372
0.004708 0.006823 0.999966
0.199541 -0.911676 0.359207
0.425665 -0.829147 0.362386
0.321011 -0.672842 0.666510
0.627176 -0.689683 0.361921
-0.151249 -0.740733 -0.654553
0.027890 -0.938031 -0.345426
0.257125 -0.966378 0.000877
0.269123 -0.898723 -0.346222
0.500731 -0.865603 -0.000623
0.494739 -0.796312 -0.348023
-0.151727 -0.412918 0.898041
-0.009423 0.001092 0.999955
-0.009063 0.003232 0.999954
0.033166 0.434580 0.900022
-0.027434 -0.938025 0.345480
0.151609 -0.740601 0.654618
0.213919 -0.913294 0.346600
-0.494569 -0.796472 0.347900
-0.494819 -0.868535 0.028291
-0.421654 -0.843727 -0.332163
-0.152652 -0.773917 -0.614613
-0.698553 -0.714825 0.032402
-0.323634 -0.712521 -0.622556
-0.106157 -0.572665 -0.812887
-0.861230 -0.506852 0.037192
-0.963628 -0.265080 0.033960
-0.899984 -0.194746 0.390004
-0.816491 -0.423325 0.392605
-0.732150 -0.271064 -0.624884
-0.764272 -0.072932 -0.640757
-0.939661 -0.060498 -0.336715
0.450430 0.041241 -0.891859
0.858261 0.325663 -0.396650
0.669810 0.268853 -0.692150
0.416338 0.136059 -0.898972
0.396125 0.147053 -0.906345
-0.012835 -0.012537 -0.999839
-0.004511 -0.069366 -0.997581
0.002175 -0.145992 -0.989283
0.431804 0.066165 -0.899537
-0.012705 0.018563 -0.999747
-0.459142 -0.041210 -0.887407
-0.441465 0.083594 -0.893376
-0.443460 -0.173324 -0.879376
0.024510 -0.777705 -0.628152
-0.014287 -0.579701 -0.814704
-0.029384 -0.342331 -0.939120
0.676042 -0.326176 -0.660740
0.339982 -0.278061 -0.898384
0.008688 0.005675 -0.999946
0.079567 0.428358 -0.900099
-0.033367 0.434515 -0.900046
0.009498 0.000998 -0.999954
-0.250349 0.702890 -0.665787
-0.145101 0.410653 -0.900172
-0.057642 0.744717 -0.664887
-0.246506 0.358551 -0.900375
0.238211 -0.716892 -0.655227
0.152112 -0.412957 -0.897958
0.684238 -0.640234 -0.349168
0.921325 0.067946 -0.382810
-0.027890 0.938031 -0.345426
0.213468 0.913399 -0.346602
-0.005743 0.007244 -0.999957
-0.285189 -0.330258 -0.899776
0.669159 -0.265389 0.694115
0.859949 -0.320552 0.397159
0.878192 -0.345357 -0.330918
-0.563897 -0.483465 0.669539
-0.661527 -0.315068 0.680526
-0.396476 -0.198209 0.896393
-0.680321 -0.621791 0.387993
-0.095562 -0.542239 0.834772
0.192108 -0.918919 0.344504
0.150435 -0.764879 0.626362
0.011616 -0.584542 0.811280
-0.024448 -0.778439 0.627244
-0.417452 -0.071108 0.905912
-0.420205 0.042142 0.906450
-0.345461 -0.318383 0.882774
0.324516 -0.697917 0.638437
0.498138 -0.586548 0.638608
0.209562 -0.481543 0.850999
0.272303 -0.880523 -0.387982
-0.416099 0.135728 0.899133
-0.669159 0.265389 0.694115
0.002718 0.022179 0.999750
0.454754 -0.049309 0.889251
0.760813 -0.086242 0.643215
0.442035 -0.169438 0.880849
0.013820 -0.011304 0.999841
-0.566964 0.131455 0.813186
-0.671415 0.004224 0.741069
-0.441562 0.034481 0.896568
-0.281403 0.007675 0.959559
-0.350002 0.098359 0.931571
0.016899 -0.137357 0.990377
0.016169 -0.061983 0.997946
0.397554 -0.282204 0.873105
-0.432992 0.066744 0.898924
0.638776 -0.440530 0.630791
0.316457 -0.388399 0.865449
0.011091 -0.225478 0.974185
0.001754 -0.303714 0.952762
0.000000 0.000000 1.000000
0.017546 0.165501 0.986053
-0.093147 0.131147 0.986977
-0.132665 -0.013627 0.991067
-0.017546 -0.165501 0.986053
-0.103045 -0.141368 0.984580
0.006740 -0.362458 0.931976
-0.396199 -0.188222 0.898665
-0.454754 0.049309 0.889251
0.041356 0.932588 0.358564
-0.488500 0.777242 -0.396563
-0.246984 0.968762 -0.022340
-0.479159 0.877340 -0.026120
-0.272303 0.880523 -0.387982
-0.192108 0.918919 0.344504
-0.784926 0.526159 0.327181
-0.850916 0.524140 -0.034912
-0.616370 0.710264 0.340021
-0.894937 0.213266 -0.391925
-0.806777 0.441695 -0.392450
-0.715772 0.141938 -0.683758
-0.893187 0.311559 0.324264
-0.498138 0.586548 0.638608
-0.324516 0.697917 0.638437
-0.209562 0.481543 0.850999
0.191189 0.081996 0.978122
-0.011091 0.225478 0.974185
-0.001754 0.303714 0.952762
0.441562 -0.034481 0.896568
0.390622 -0.146295 0.908852
-0.225792 0.712427 -0.664429
-0.024510 0.777705 -0.628152
-0.030733 0.932688 -0.359372
-0.136026 -0.733655 -0.665768
-0.198650 -0.911813 -0.359353
0.033367 -0.434515 -0.900046
-0.425282 -0.033769 -0.904431
-0.418557 0.079370 -0.904716
-0.731530 -0.051507 -0.679860
0.005712 0.004667 -0.999973
-0.330756 0.286253 -0.899255
-0.654125 0.325354 -0.682836
-0.387454 0.189382 -0.902227
-0.551643 0.478466 -0.683199
0.012611 0.004147 -0.999912
0.389407 -0.185291 -0.902236
0.746324 -0.132385 -0.652284
0.764272 0.072932 -0.640757
0.459142 0.041210 -0.887407
0.441465 -0.083594 -0.893376
0.197776 0.508488 -0.838048
0.315993 0.411001 -0.855118
0.503352 0.600216 -0.621593
-0.364245 -0.099718 -0.925949
-0.002174 0.145993 -0.989283
0.004511 0.069367 -0.997581
0.397181 0.298652 -0.867787
0.014287 0.579701 -0.814704
0.106157 0.572665 -0.812887
0.029384 0.342331 -0.939120
0.425315 0.829273 -0.362509
0.501462 0.865179 -0.000758
0.198650 0.911813 -0.359353
-0.288653 0.886490 -0.361682
-0.000633 1.000000 -0.000252
-0.263208 0.964736 -0.002506
0.709405 0.704792 -0.003573
0.837468 0.414573 0.356059
0.261997 0.965066 0.002092
0.507962 0.781895 0.361406
0.043984 0.932376 0.358803
-0.199541 0.911676 0.359207
-0.425665 0.829147 0.362386
-0.627176 0.689683 0.361921
-0.706878 0.707324 0.003914
-0.136553 0.733549 0.665777
0.184152 -0.398687 0.898408
-0.359489 0.244730 0.900486
-0.618464 0.418130 0.665335
-0.285770 0.330230 0.899602
-0.487320 0.565585 0.665307
-0.188621 0.393063 0.899958
-0.009498 -0.003059 0.999950
-0.008281 -0.005210 0.999952
-0.004708 -0.006823 0.999966
-0.321011 0.672842 0.666510
-0.079833 0.428324 0.900092
0.359419 -0.252478 0.898372
-0.699429 0.246253 0.670938
-0.888998 0.277002 0.364627
-0.730405 0.062996 0.680103
-0.403384 0.146565 0.903216
0.001619 -0.005812 0.999982
0.009322 -0.002781 0.999953
0.874645 0.351650 0.333674
-0.282285 -0.011002 0.959268
0.095562 0.542239 0.834772
-0.006740 0.362458 0.931976
-0.011616 0.584542 0.811280
-0.906922 0.264382 0.328016
-0.644201 0.682397 0.345456
-0.213919 0.913294 0.346600
-0.269123 0.898723 -0.346222
0.188064 0.393145 -0.900038
0.320381 0.672993 -0.666661
0.009327 -0.003207 -0.999951
0.009454 -0.001095 -0.999955
-0.418072 -0.149148 -0.896086
-0.184012 -0.399016 -0.898291
0.008316 -0.005322 -0.999951
0.345461 0.318383 0.882774
0.661527 0.315068 0.680526
-0.738060 -0.118278 0.664288
-0.866425 -0.149351 0.476447
-0.859949 0.320552 0.397159
-0.685219 -0.639979 0.347710
0.396199 0.188222 0.898665
0.439212 0.073995 0.895331
0.746172 0.116353 0.655507
0.938423 -0.078657 0.336417
0.725897 -0.272902 0.631346
0.784926 -0.526159 0.327181
0.667084 -0.633250 -0.392420
0.074766 -0.433530 0.898032
-0.431804 -0.066165 -0.899537
-0.416337 -0.136059 -0.898973
-0.669810 -0.268853 -0.692151
-0.450430 -0.041241 -0.891859
-0.274179 0.040967 0.960806
-0.487435 -0.024679 0.872811
-0.403811 -0.183900 0.896168
0.045372 0.367240 -0.929019
0.281803 0.046240 -0.958357
-0.124085 -0.167316 -0.978063
-0.281803 -0.046240 -0.958357
0.628157 0.688377 -0.362706
0.418557 -0.079370 -0.904716
0.406650 0.143060 -0.902313
0.894937 -0.213266 -0.391925
0.268647 0.898810 0.346366
0.788165 -0.499334 0.359807
0.706878 -0.707324 0.003914
0.939661 0.060498 -0.336715
0.732150 0.271064 -0.624884
0.692082 -0.627239 -0.357203
0.794628 0.517309 -0.317739
0.000633 -1.000000 -0.000252
-0.009920 -0.015394 0.999832
0.024448 0.778439 0.627244
-0.150435 0.764879 0.626362
-0.684508 0.728496 -0.027250
-0.410137 0.843978 0.345671
0.323634 0.712521 -0.622556
0.057029 0.744872 0.664766
-0.268647 -0.898810 0.346366
-0.396296 0.193025 -0.897603
-0.678333 0.323418 -0.659746
-0.330768 0.284826 -0.899704
-0.568471 0.485177 -0.664413
-0.832913 0.425463 -0.353889
-0.868686 0.495356 0.002654
-0.918006 0.187851 -0.349251
-0.968912 0.247346 0.005436
-0.746324 0.132385 -0.652284
-0.716829 -0.125847 0.685798
-0.999760 -0.010808 0.019062
-0.924840 0.042457 0.377979
-0.692082 0.627239 -0.357203
-0.508405 0.781617 -0.361384
-0.424358 0.613080 -0.666373
-0.899389 -0.297771 -0.320049
-0.045372 -0.367240 -0.929019
0.007534 0.010449 -0.999917
0.136026 0.733655 -0.665768
0.009144 0.003076 -0.999953
0.103942 -0.550980 0.828020
-0.390622 0.146295 0.908852
0.009920 0.015394 0.999832
-0.191189 -0.081996 0.978122
-0.001357 -0.356484 0.934301
-0.667084 0.633250 -0.392420
-0.103942 0.550980 0.828020
0.103045 0.141368 0.984580
0.282285 0.011002 0.959268
-0.410771 0.602162 -0.684594
0.443460 0.173324 -0.879376
0.012835 0.012537 -0.999839
0.012705 -0.018563 -0.999747
-0.396125 -0.147053 -0.906345
0.648701 0.447711 -0.615420
-0.045040 0.932192 -0.359150
-0.788165 0.499334 0.359807
-0.501679 0.865053 0.000731
-0.009496 -0.000944 0.999954
0.001357 0.356484 0.934301
0.000862 -0.007486 -0.999972
