0.355097 -0.084882 0.930968
0.026068 -0.003211 0.999655
0.009095 -0.002424 0.999956
-0.881270 -0.116422 0.458049
-0.997435 0.068876 0.019472
-0.999713 0.022936 0.006877
-0.648182 0.089380 0.756222
-0.631730 0.008835 0.775138
-0.891784 0.018210 0.452095
-0.590470 0.042896 0.805919
-0.476447 -0.038125 0.878376
-0.002939 -0.000006 0.999996
-0.741069 0.001873 0.671426
-0.710957 -0.072074 0.699532
-0.018563 -0.002866 0.999824
0.382810 -0.330604 -0.862646
0.051088 -0.373407 0.926260
0.049126 -0.964081 -0.261026
0.369622 0.772236 -0.516751
0.615527 0.486694 -0.619884
0.296056 0.938202 -0.179243
0.632886 0.667395 -0.392478
-0.041401 -0.998996 -0.017130
-0.046951 -0.347639 0.936452
0.401300 0.903548 -0.150195
-0.018410 -0.103272 0.994483
0.015071 0.100259 0.994847
0.585819 -0.394474 -0.707959
0.473674 0.520532 -0.710408
-0.002939 0.936003 0.351979
0.715117 0.379201 -0.587209
0.330928 -0.924967 -0.186875
0.631618 -0.059079 -0.773025
0.646925 -0.549721 -0.528484
0.882753 0.296074 -0.364812
0.881408 0.030296 -0.471382
0.904272 0.141881 -0.402693
0.891764 -0.277402 0.357500
0.999223 -0.036429 -0.015033
0.987439 -0.151239 -0.045729
0.851663 -0.397526 0.341532
-0.655405 -0.379607 0.652950
-0.654451 -0.473285 0.589656
-0.898025 -0.378557 0.224156
-0.655504 -0.291325 0.696739
-0.347900 -0.185399 0.919017
-0.655239 -0.208643 0.726037
-0.897910 -0.256941 0.357406
-0.900489 -0.029415 0.433882
-0.899701 -0.109809 0.422469
-0.999838 0.017426 0.004509
-0.666134 0.031629 0.745161
-0.664288 -0.045206 0.746109
-0.350995 -0.083489 0.932648
-0.658458 -0.127852 0.741678
-0.363083 -0.035144 0.931094
-0.898210 -0.186599 0.397995
-0.999945 0.005827 0.008665
-0.900312 0.428725 -0.075059
-0.900073 0.432524 0.052835
-0.665537 0.623765 0.409852
-0.999918 0.010297 0.007604
-0.899992 0.381871 -0.210213
-0.390004 -0.039975 0.919945
-0.680103 0.024759 0.732698
-0.685798 -0.050270 0.726054
-0.882884 0.161923 -0.440791
-0.631730 -0.069624 -0.772055
-0.614494 0.493232 -0.615727
-0.648182 -0.557017 -0.519223
-0.896803 -0.231062 -0.377298
-0.654222 -0.738992 -0.160889
-0.999965 -0.001685 -0.008208
-0.999982 -0.005822 -0.001585
-0.898408 -0.439032 0.010678
-0.999952 -0.005167 0.008308
-0.999950 -0.003030 0.009508
-0.898610 -0.420849 -0.124037
-0.654618 -0.571447 0.494898
-0.898032 -0.420784 0.128370
-0.999954 -0.000935 0.009496
-0.999955 0.001081 0.009424
-0.899958 0.297605 0.318602
-0.900092 0.357028 0.249730
0.346602 -0.402509 0.847263
0.000007 -0.000007 1.000000
0.000851 -0.001106 0.999999
0.328458 -0.621293 0.711414
0.621593 -0.751216 0.222030
0.317739 -0.800347 0.508416
0.585819 0.044058 0.809243
0.807889 0.067722 0.585431
0.741363 0.001716 0.671103
0.738573 0.106185 0.665759
0.952709 0.009771 0.303728
0.925949 0.067681 0.371533
0.615420 -0.784319 -0.078117
0.855118 -0.513816 -0.069033
0.838048 -0.531195 0.124528
0.974013 -0.214041 0.074066
0.867788 -0.429923 -0.249222
0.656175 -0.208844 0.725133
0.655567 -0.291147 0.696753
0.897888 -0.256711 0.357626
0.901145 -0.029983 0.432480
0.999818 0.018587 0.004280
0.999678 0.025144 -0.003504
0.900150 -0.110000 0.421461
0.668814 0.030996 0.742784
0.667393 -0.046228 0.743269
-0.294660 -0.036503 0.954905
0.049126 0.000923 0.998792
0.051088 0.006727 0.998671
0.369622 -0.036419 0.928468
-0.328016 0.045477 0.943577
-0.304298 -0.000291 0.952577
-0.614493 -0.065261 0.786218
0.654553 0.421150 0.627848
0.655471 0.330913 0.678862
0.898291 0.302727 0.318481
0.898387 0.236080 0.370362
0.999951 0.005367 -0.008288
0.999951 0.003237 -0.009316
0.646925 0.087197 0.757552
0.896086 0.094247 0.433759
0.653067 0.165633 0.738965
0.330928 0.044737 0.942595
0.631618 0.007489 0.775243
0.341899 0.093082 0.935115
-0.002156 -0.000889 0.999997
-0.005478 -0.001448 0.999984
0.345347 0.143033 0.927511
0.308626 -0.000864 0.951183
-0.041401 0.000842 0.999142
0.296056 -0.036213 0.954484
-0.018988 -0.002288 0.999817
-0.380021 0.050524 0.923597
-0.018410 0.003272 0.999825
-0.046951 0.006136 0.998878
-0.376334 0.013798 0.926381
-0.652029 0.611863 0.447751
-0.666339 0.708792 0.231531
-0.870759 0.491651 -0.007648
0.396563 -0.207071 0.894348
0.022340 -0.017355 0.999600
0.026120 -0.015492 0.999539
0.359372 -0.325188 0.874703
-0.018575 0.024289 0.999532
0.003132 -0.003154 0.999990
-0.358564 0.348819 0.865885
-0.380230 0.468013 0.797740
-0.386657 0.601025 0.699475
-0.981081 0.155962 0.114700
-0.631346 -0.628579 -0.454192
-0.643215 -0.231919 -0.729718
-0.336417 -0.429727 -0.837949
-0.880849 -0.267488 -0.390582
-0.873105 -0.408988 -0.265362
-0.630791 -0.769282 -0.101527
-0.865449 -0.491760 -0.095763
-0.990377 -0.138374 0.002292
-0.813186 0.068219 0.577992
-0.742997 0.105281 0.660963
-0.959559 0.005747 0.281449
-0.931571 0.067873 0.357168
-0.997946 -0.062873 -0.012263
-0.999841 -0.011461 -0.013690
-0.477232 0.072109 0.875814
0.015071 -0.002259 0.999884
-0.669737 0.085365 0.737675
0.401300 -0.068016 0.913418
0.900038 -0.435805 0.002300
0.666661 -0.660161 0.346050
0.900099 -0.418895 0.119785
0.672459 -0.539165 -0.507051
0.666921 -0.726661 -0.164865
0.900444 -0.343344 -0.267050
0.382729 -0.138748 -0.913382
0.036158 0.245146 0.968812
0.023766 0.977788 0.208243
0.008866 -0.075138 0.997134
0.369327 -0.897812 -0.239856
0.362399 -0.853426 0.374608
0.655139 0.245706 0.714438
0.347113 0.198614 0.916551
0.897942 0.166585 0.407368
0.999972 0.007492 -0.000806
0.902313 -0.217553 -0.372158
0.891033 0.016869 0.453625
0.882640 -0.061162 0.466053
0.999940 0.000598 0.010948
0.615527 -0.064454 0.785476
0.632886 -0.112112 0.766085
0.882752 -0.118295 0.454704
0.683052 -0.117326 0.720884
0.715117 -0.072820 0.695201
0.904272 -0.058368 0.422948
0.944542 0.296130 0.141943
0.987439 0.132087 0.086706
0.968246 0.070993 0.239709
0.891765 0.450427 -0.043255
0.999223 0.035253 0.017607
0.851663 0.487379 0.192697
0.881408 -0.010867 0.472230
-0.341241 0.093755 0.935288
0.003160 -0.001305 0.999994
-0.654222 0.167017 0.737631
-0.345456 0.143376 0.927418
-0.655696 0.246101 0.713791
-0.655650 0.330831 0.678729
-0.347175 0.198613 0.916528
-0.898610 0.235903 0.369931
-0.896803 0.095283 0.432047
-0.999965 0.001658 0.008214
-0.882884 -0.060043 0.465736
-0.631499 -0.114165 0.766926
0.383798 0.051260 0.921993
0.018213 0.003301 0.999829
-0.404317 -0.069959 0.911939
-0.680373 -0.117954 0.723312
-0.894757 -0.056721 0.442936
-0.896168 -0.117399 0.427902
-0.960806 0.030892 0.275496
-0.986977 0.118410 0.108881
-0.991067 -0.011924 0.132829
-0.872811 -0.014482 0.487844
0.670494 0.085672 0.736952
0.472888 0.073229 0.878075
0.473674 -0.036538 0.879942
0.355097 0.894131 0.272829
0.026068 0.209241 0.977517
0.009095 0.034114 0.999377
-0.304298 0.011997 -0.952501
0.656175 0.754577 0.006877
0.655567 0.708024 0.262551
0.897888 0.432481 -0.082205
0.655227 0.616610 0.436429
0.348023 0.548499 0.760282
0.349168 0.707969 0.613891
0.003160 0.007653 0.999966
-0.341241 -0.841246 0.419356
0.000623 0.001080 0.999999
-0.347175 -0.515760 0.783237
-0.000877 -0.001141 0.999999
0.897942 -0.378560 0.224480
0.654327 -0.473088 0.589952
0.897948 -0.420862 0.128703
0.898387 -0.421382 -0.123850
0.897942 -0.354435 -0.260912
0.999957 -0.007202 0.005795
0.655471 -0.668638 0.351114
0.655139 -0.743101 0.136359
-0.891784 -0.048187 -0.449889
-0.999953 -0.002807 -0.009315
-0.999713 -0.023229 -0.005811
-0.896393 -0.127229 0.424609
-0.905912 -0.045446 0.421019
-0.900489 0.074223 -0.428498
-0.899701 0.257194 -0.352688
-0.999838 -0.017573 -0.003896
-0.376334 -0.348320 -0.858514
-0.363084 0.774336 -0.518241
-0.477232 -0.796378 -0.371526
-0.590470 -0.378557 -0.712769
-0.742997 -0.461156 -0.485068
-0.380021 -0.869650 -0.315108
-0.666134 -0.212830 -0.714821
-0.669737 -0.503148 -0.546163
-0.665427 -0.204795 0.717820
-0.358462 -0.132054 0.924157
-0.662364 -0.123911 0.738864
-0.361266 -0.248911 0.898627
-0.666379 -0.287174 0.688092
-0.665537 -0.374703 0.645491
-0.899992 -0.192065 0.391313
-0.900312 -0.259420 0.349485
-0.999945 -0.005929 -0.008596
-0.900073 -0.323190 0.292262
0.664429 -0.386164 0.639853
0.684594 -0.292206 0.667793
0.392450 -0.095940 0.914756
0.027250 -0.011785 0.999559
0.034912 -0.009886 0.999341
-0.345671 0.206887 0.915265
-0.340021 0.149412 0.928473
-0.350995 0.893879 0.278896
-0.658458 0.667248 -0.348156
-0.655239 0.755378 0.008135
-0.655405 0.616386 0.436478
-0.654451 0.516618 0.552086
-0.898025 0.409650 0.160434
-0.655504 0.707869 0.263128
-0.897910 0.432526 -0.081723
-0.898210 0.378987 -0.222685
-0.999918 -0.010453 -0.007389
0.738573 -0.470946 -0.482410
0.807889 -0.250498 -0.533448
0.952709 -0.018289 -0.303334
0.974013 0.224832 0.027386
0.972411 0.036754 -0.230362
-0.870759 -0.296546 0.392225
-0.997435 -0.070922 -0.009653
-0.981081 -0.185769 -0.054498
-0.881271 0.294265 -0.369825
-0.631500 0.675916 -0.379927
-0.294660 0.941566 -0.163186
-0.333674 0.936034 0.111815
-0.680373 0.603538 -0.415734
-0.710957 0.381569 -0.590716
-0.894757 0.144831 -0.422414
-0.404317 0.904136 -0.138081
0.472888 -0.809541 -0.347881
-0.018563 0.119782 0.992627
0.396650 -0.911355 -0.110007
0.668813 -0.206566 -0.714156
0.383797 -0.866629 -0.318832
0.670494 -0.503237 -0.545151
0.660740 0.665262 -0.347633
0.667393 0.302593 -0.680459
0.900150 0.257000 -0.351682
0.901145 0.075385 -0.426913
0.018213 -0.100206 0.994800
0.683052 0.597132 -0.420563
0.330918 0.938240 0.100985
-0.018987 0.156566 0.987485
-0.005478 0.020716 0.999770
0.308626 0.034539 -0.950556
0.741363 -0.008718 -0.671048
0.653067 -0.739136 -0.164868
0.345347 -0.663429 0.663775
-0.000550 0.000954 0.999999
-0.002156 0.005233 0.999984
0.347113 -0.515618 0.783359
0.341899 -0.845160 0.410865
0.978063 0.145581 0.148990
0.990731 0.032092 0.131990
0.984588 0.162157 0.065513
0.990038 -0.111077 0.086524
0.972411 -0.022938 0.232145
0.944542 -0.320643 0.070915
0.968246 -0.114145 -0.222422
0.990038 0.128575 -0.057383
0.990731 -0.041751 -0.129260
1.000000 0.000000 0.000000
0.984588 -0.174749 -0.007051
0.891033 -0.044821 -0.451720
0.999940 -0.000608 -0.010948
0.999973 -0.004694 -0.005690
0.902234 0.273799 -0.333179
0.882642 0.164965 -0.440148
0.683199 -0.210672 0.699183
0.682836 -0.134309 0.718120
0.902229 -0.123149 0.413300
0.899254 -0.193437 0.392332
0.999912 -0.004202 -0.012594
0.335798 -0.387965 0.858326
0.362399 0.100123 0.926629
0.008866 0.001045 0.999960
0.003338 0.000867 0.999994
-0.349992 -0.030921 0.936242
0.369327 0.052261 0.927829
0.023766 -0.000349 0.999717
0.382729 0.005522 0.923844
0.672459 0.095168 0.733991
0.666921 0.171467 0.725131
0.666064 0.253196 0.701606
0.899776 0.231218 0.370056
0.900444 0.161541 0.403863
0.679860 0.020224 0.733063
0.683758 -0.056564 0.727513
0.904431 0.021429 0.426082
0.036158 -0.005248 0.999332
-0.324264 0.053364 0.944460
-0.347710 -0.132046 0.928257
0.000851 0.000654 0.999999
-0.000550 -0.000317 1.000000
0.654327 0.516773 0.552089
0.897942 0.409853 0.160374
0.897948 0.362439 0.249654
0.999955 0.001105 -0.009453
0.999954 -0.001007 -0.009497
0.897958 0.437343 0.049015
0.999953 -0.003104 -0.009135
0.349251 -0.034206 0.936404
0.353889 -0.082146 0.931673
-0.002654 0.000703 0.999996
0.664413 -0.205524 0.718551
0.666374 -0.286824 0.688243
0.361384 -0.187260 0.913419
0.659746 -0.127134 0.740657
0.897603 -0.124085 0.422980
0.900376 -0.258988 0.349641
0.899704 -0.192564 0.391729
0.999917 -0.010528 -0.007423
0.999818 -0.018734 -0.003584
0.999678 -0.024937 0.004758
0.898384 0.378483 -0.222837
0.320049 0.050175 0.946071
-0.019062 -0.000103 0.999818
-0.033960 -0.004584 0.999413
-0.037192 -0.010128 0.999257
-0.377979 0.008337 0.925777
-0.364627 0.053469 0.929617
-0.005436 0.000683 0.999985
0.999946 -0.005725 -0.008655
0.900172 -0.322817 0.292368
0.002506 -0.001914 0.999995
-0.000731 0.000421 1.000000
0.361682 -0.248808 0.898488
0.665787 -0.374276 0.645481
0.664887 -0.468166 0.582019
0.359150 -0.320368 0.876570
0.003338 -0.012848 0.999912
-0.356059 0.908201 0.219986
0.003573 -0.008665 0.999956
0.666064 -0.733464 0.135605
0.362706 -0.671463 0.646206
0.362509 -0.523103 0.771330
-0.361406 0.574308 0.734545
-0.002092 0.002735 0.999994
0.000758 -0.001315 0.999999
-0.345480 -0.315416 0.883831
0.000007 0.000007 1.000000
-0.655650 -0.668739 0.350586
-0.655696 -0.742609 0.136365
-0.898041 -0.321967 0.299767
-0.999750 0.022234 -0.002224
-0.898924 0.041869 0.436100
-0.899133 0.086179 0.429108
-0.665427 0.745945 -0.027810
-0.358462 0.731696 0.579763
-0.662364 0.650695 -0.371309
-0.655507 0.300479 -0.692837
-0.895331 0.118137 -0.429448
-0.349992 0.754331 -0.555420
-0.361266 0.449741 0.816835
-0.358803 0.349931 0.865337
-0.666379 0.709423 0.229476
-0.664766 0.525112 0.531360
-0.900022 0.404549 0.162172
-0.665777 0.429703 0.609997
-0.999954 0.003203 0.009074
-0.899602 0.231049 0.370585
-0.900486 0.162102 0.403545
-0.665335 0.171889 0.726487
-0.665307 0.252997 0.702396
-0.652029 -0.382905 0.654401
-0.666339 -0.287950 0.687806
-0.380230 -0.260297 0.887508
0.335798 0.256447 0.906352
-0.028291 -0.016438 0.999465
-0.018575 -0.014201 0.999727
0.003132 0.003109 0.999990
-0.386657 -0.198995 0.900498
-0.387993 -0.143574 0.910411
-0.669539 -0.206982 0.713356
0.332163 0.197133 0.922391
0.614613 0.412665 0.672278
-0.392605 -0.091495 0.915145
-0.032402 -0.013636 0.999382
0.328458 0.142829 0.933657
-0.906450 0.026897 0.421456
-0.903216 0.094329 0.418691
-0.670938 0.097221 0.735112
-0.898372 -0.354083 -0.259908
-0.999966 -0.006791 0.004755
-0.359207 0.273005 0.892434
-0.362386 0.210759 0.907886
-0.666510 0.339479 0.663716
-0.361921 0.153401 0.919501
0.654553 -0.571249 0.495212
0.345426 -0.315229 0.883918
-0.000877 0.000674 0.999999
0.346222 -0.245175 0.905549
0.000623 -0.000359 1.000000
0.348023 -0.185407 0.918969
-0.898041 0.437144 0.049271
-0.999955 -0.001102 -0.009422
-0.999954 -0.003261 -0.009053
-0.900022 -0.378576 0.215963
-0.345480 0.333210 0.877277
-0.654618 0.420986 0.627891
-0.346600 0.260766 0.901038
-0.347900 0.548230 0.760533
-0.028291 0.048639 0.998416
0.332163 -0.484581 0.809227
0.614613 -0.561351 0.554198
-0.032402 0.076835 0.996517
0.622556 -0.655834 0.426974
0.812887 -0.520798 0.260736
-0.037192 0.135844 0.990032
-0.033960 0.247501 0.968292
-0.390004 0.759395 -0.520784
-0.392605 0.905674 0.160050
0.624884 -0.632383 -0.457834
0.640757 -0.198243 -0.741708
0.336715 -0.337602 -0.879004
0.891859 0.025359 0.451603
0.396650 0.069514 0.915334
0.692150 0.111442 0.713098
0.898972 0.086359 0.429408
0.906345 0.095465 0.411614
0.999839 -0.012698 -0.012676
0.997581 -0.069512 0.000322
0.989283 -0.144114 0.023443
0.899537 0.041568 0.434862
0.999747 0.018797 -0.012356
0.887407 -0.067614 -0.456002
0.893376 0.133708 -0.428954
0.879376 -0.273865 -0.389481
0.628152 -0.476830 0.614865
0.814704 -0.479130 0.326637
0.939120 -0.331223 0.091354
0.660740 -0.128587 0.739519
0.898384 -0.186425 0.397683
0.999946 0.005626 0.008720
0.900099 0.357147 0.249534
0.900046 0.404583 0.161953
0.999954 0.000988 0.009499
0.665787 0.624256 0.408696
0.900172 0.432400 0.052157
0.664887 0.525440 0.530884
0.900375 0.428445 -0.075889
0.655227 -0.379359 0.653272
0.897958 -0.321859 0.300130
0.349168 -0.132730 0.927612
0.382810 0.013538 0.923728
0.345426 0.333317 0.877257
0.346602 0.260894 0.901000
0.999957 0.007285 -0.005690
0.899776 -0.415716 -0.132603
-0.694115 0.110361 0.711355
-0.397159 0.068448 0.915194
0.330918 -0.060848 0.941696
-0.669539 0.742252 -0.027927
-0.680526 0.633466 -0.368246
-0.896393 0.294392 -0.331380
-0.387993 0.754666 0.529093
-0.834772 0.500472 0.229527
-0.344504 0.265556 0.900443
-0.626362 0.416443 0.658973
-0.811280 0.468782 0.349382
-0.627244 0.500508 0.596705
-0.905912 0.110579 -0.408772
-0.906450 -0.065885 -0.417142
-0.882774 0.429401 -0.190592
-0.638437 0.336406 0.692264
-0.638608 0.250027 0.727782
-0.850999 0.338795 0.401271
0.387982 -0.268511 0.881687
-0.899133 -0.209004 -0.384549
-0.694115 -0.556795 -0.456272
-0.999750 -0.022113 0.003208
-0.889251 0.030141 0.456425
-0.643215 0.031504 0.765037
-0.880849 0.103499 0.461944
-0.999841 0.011148 0.013946
-0.813186 -0.246855 -0.527059
-0.741069 -0.009527 -0.671361
-0.896568 -0.055359 -0.439433
-0.959559 -0.010249 -0.281321
-0.931571 -0.140968 -0.335118
-0.990377 0.133774 0.035453
-0.997946 0.060872 0.019949
-0.873105 0.176303 0.454539
-0.898924 -0.105815 -0.425135
-0.630791 0.169567 0.757198
-0.865449 0.255336 0.431047
-0.974185 0.217248 0.061373
-0.952762 0.288860 0.093835
-1.000000 -0.000000 0.000000
-0.986053 -0.160379 0.044464
-0.986977 -0.142734 -0.074181
-0.991067 0.015571 -0.132451
-0.986053 0.166108 0.010334
-0.984580 0.155178 -0.080764
-0.931976 0.335541 0.137237
-0.898665 0.280139 -0.337525
-0.889251 -0.080418 -0.450295
-0.358564 -0.321113 0.876538
0.396563 0.602592 0.692546
0.022340 0.028740 0.999337
0.026120 0.043997 0.998690
0.387982 0.469464 0.793141
-0.344504 -0.391848 0.853096
-0.327181 -0.800420 0.502276
0.034912 0.122741 0.991825
-0.340021 -0.629524 0.698631
0.391925 0.795565 -0.462030
0.392450 0.897113 0.202908
0.683758 0.341455 -0.644891
-0.324264 -0.945838 0.015592
-0.638608 -0.746369 0.187385
-0.638437 -0.659639 0.396579
-0.850999 -0.518438 0.083799
-0.978122 -0.067330 0.196833
-0.974185 -0.222121 0.040320
-0.952762 -0.289875 0.090650
-0.896568 0.021445 0.442387
-0.908852 0.095612 0.406013
0.664429 0.611408 0.429784
0.628152 0.500791 0.595511
0.359372 0.345809 0.866757
0.665768 -0.565346 0.486966
0.359353 -0.408888 0.838854
0.900046 -0.378455 0.216074
0.904431 -0.053142 -0.423298
0.904716 0.123499 -0.407723
0.679860 -0.130435 -0.721648
0.999973 0.004640 0.005733
0.899255 0.384634 -0.208318
0.682836 0.642324 -0.348074
0.902227 0.278944 -0.328903
0.683199 0.729078 -0.041046
0.999912 0.004095 0.012628
0.902236 -0.120322 0.414118
0.652284 -0.049448 0.756360
0.640757 0.026488 0.767287
0.887407 0.025063 0.460305
0.893376 -0.051809 0.446313
0.838048 0.355774 0.413643
0.855118 0.267064 0.444354
0.621593 0.248172 0.742990
0.925949 -0.145234 -0.348604
0.989283 0.144743 0.019186
0.997581 0.068888 0.009301
0.867787 0.185492 0.461018
0.814704 0.465632 0.345606
0.812887 0.420837 0.402629
0.939120 0.312313 0.143230
0.362509 0.210914 0.907801
0.000758 0.000437 1.000000
0.359353 0.273360 0.892267
0.361682 0.450733 0.816104
0.000252 0.000252 1.000000
0.002506 0.003281 0.999991
0.003573 0.001473 0.999993
-0.356059 -0.080335 0.931004
-0.002092 -0.001600 0.999997
-0.361406 -0.187393 0.913384
-0.358803 -0.320445 0.876684
-0.359207 -0.409116 0.838805
-0.362386 -0.523164 0.771346
-0.361921 -0.669514 0.648663
-0.003914 -0.009446 0.999948
-0.665777 -0.565617 0.486640
-0.898408 0.302481 0.318384
-0.900486 -0.344063 -0.265982
-0.665335 -0.729147 -0.160231
-0.899602 -0.415938 -0.133086
-0.665307 -0.733962 0.136629
-0.899958 -0.435974 0.001794
-0.999950 0.003088 -0.009489
-0.999952 0.005253 -0.008254
-0.999966 0.006855 -0.004662
-0.666510 -0.660476 0.345740
-0.900092 -0.418979 0.119545
-0.898372 0.166850 0.406310
-0.670938 -0.549690 -0.497677
-0.364627 -0.909913 -0.197750
-0.680103 -0.158918 -0.715685
-0.903216 -0.221885 -0.367379
-0.999982 0.005803 0.001652
-0.999953 0.002755 0.009330
-0.333674 -0.062591 0.940608
-0.959268 0.014705 -0.282116
-0.834772 -0.413163 0.363938
-0.931976 -0.340095 0.125527
-0.811280 -0.479801 0.334089
-0.328016 -0.931709 -0.155961
-0.345456 -0.662559 0.664587
-0.346600 -0.402692 0.847176
0.346222 0.425732 0.835992
0.900038 0.297834 0.318160
0.666661 0.339794 0.663403
0.999951 -0.003177 0.009337
0.999955 -0.001085 0.009455
0.896086 -0.229666 -0.379846
0.898291 -0.439261 0.011106
0.999951 -0.005278 0.008344
-0.882774 -0.208895 0.420801
-0.680526 -0.129045 0.721271
-0.664288 0.299956 -0.684652
-0.476447 0.532718 -0.699435
-0.397159 -0.909023 -0.126265
-0.347710 0.706926 0.615917
-0.898665 -0.121149 0.421573
-0.895331 -0.046032 0.443016
-0.655507 -0.043678 0.753925
-0.336417 0.013651 0.941614
-0.631346 0.099829 0.769049
-0.327181 0.096446 0.940027
0.392420 -0.149063 0.907627
-0.898032 0.362241 0.249640
0.899537 -0.104748 -0.424099
0.898973 -0.209562 -0.384620
0.692151 -0.563576 -0.450899
0.891859 -0.066927 -0.447335
-0.960806 -0.054230 -0.271867
-0.872811 0.042025 -0.486246
-0.896168 0.276431 -0.347086
0.929019 0.326365 0.174384
0.958357 0.034572 0.283471
0.978063 -0.186828 -0.092125
0.958357 -0.061702 -0.278826
0.362706 0.153350 0.919200
0.904716 -0.050620 0.422998
0.902313 0.091768 0.421200
0.391925 -0.044109 0.918939
-0.346366 -0.245393 0.905435
-0.359807 0.100474 0.927601
-0.003914 0.001622 0.999991
0.336715 0.010502 0.941548
0.624884 0.097788 0.774569
0.357203 -0.132412 0.924594
0.317739 0.091590 0.943744
0.000252 -0.000252 1.000000
-0.999832 0.015546 -0.009680
-0.627244 -0.476619 0.615955
-0.626362 -0.563925 0.538200
0.027250 0.062922 0.997646
-0.345671 -0.494587 0.797430
0.622556 0.335126 0.707188
-0.664766 -0.468450 0.581928
-0.346366 0.425673 0.835962
0.897603 0.286995 -0.334579
0.659746 0.663339 -0.353154
0.899704 0.382915 -0.209545
0.664413 0.747013 -0.022976
0.353889 0.901127 0.250467
-0.002654 -0.010011 0.999946
0.349251 0.800148 -0.487633
-0.005436 -0.043249 0.999050
0.652284 0.340404 -0.677237
-0.685798 0.304783 -0.660900
-0.019062 0.858023 -0.513257
-0.377979 -0.213516 -0.900857
0.357203 0.727634 0.585624
0.361384 0.574587 0.734337
0.666373 0.709712 0.228596
0.320049 -0.947228 -0.018098
0.929019 -0.357388 0.095903
0.999917 0.010370 0.007642
0.665768 0.429959 0.609826
0.999953 0.003048 0.009154
-0.828020 0.413267 0.378937
-0.908852 -0.218190 -0.355501
-0.999832 -0.015240 0.010154
-0.978122 0.099161 -0.182876
-0.934301 0.333515 0.125896
0.392420 0.746434 0.537441
-0.828020 -0.509144 0.234852
-0.984580 -0.126185 0.121163
-0.959268 -0.008230 0.282379
0.684594 0.699620 0.204607
0.879376 0.105591 0.464272
0.999839 0.012376 0.012990
0.999747 -0.018326 0.013046
0.906345 -0.220709 -0.360315
0.615420 0.167120 0.770279
0.359150 0.350587 0.864928
-0.359807 -0.848132 0.388858
-0.000731 -0.001268 0.999999
-0.999954 0.000953 -0.009495
-0.934301 -0.332612 0.128265
0.999972 -0.007479 0.000918
