0.436628 0.895629 -0.084882
0.242601 0.970121 -0.003211
0.497669 0.867364 -0.002424
-0.189314 0.974990 -0.116422
0.070064 0.995162 0.068876
0.023089 0.999470 0.022936
0.237653 0.967229 0.089380
0.024821 0.999653 0.008835
0.029638 0.999395 0.018210
0.130506 0.990519 0.042896
-0.149351 0.988049 -0.038125
-0.004245 0.999991 -0.000006
0.004224 0.999989 0.001873
-0.170539 0.982711 -0.072074
-0.301555 0.953444 -0.002866
0.067946 0.941320 -0.330604
0.258701 -0.890865 -0.373407
0.037558 0.262940 -0.964081
-0.188188 0.606825 0.772236
-0.184935 0.853773 0.486694
-0.235541 0.253569 0.938202
-0.303334 0.680127 0.667395
-0.040663 0.018816 -0.998996
-0.256844 -0.901764 -0.347639
-0.315246 0.290207 0.903548
-0.344596 -0.933053 -0.103272
-0.293236 -0.950769 0.100259
0.135302 0.908892 -0.394474
-0.144154 0.841585 0.520532
0.004245 -0.351966 0.936003
-0.170849 0.909405 0.379201
0.257902 0.279145 -0.924967
0.021046 0.998031 -0.059079
0.232667 0.802292 -0.549721
-0.191499 0.935772 0.296074
-0.018148 0.999376 0.030296
-0.091466 0.985649 0.141881
0.385022 0.880231 -0.277402
0.035861 0.998693 -0.036429
0.142808 0.978127 -0.151239
0.514160 0.760009 -0.397526
-0.716888 0.584782 -0.379607
-0.754836 0.454119 -0.473285
-0.438173 0.815290 -0.378557
-0.629703 0.720141 -0.291325
-0.796472 0.575552 -0.185399
-0.499013 0.841103 -0.208643
-0.359029 0.897262 -0.256941
-0.046789 0.998472 -0.029415
-0.171065 0.979121 -0.109809
0.017502 0.999695 0.017426
0.082675 0.996075 0.031629
-0.118278 0.991951 -0.045206
-0.435092 0.896507 -0.083489
-0.325893 0.936722 -0.127852
-0.185180 0.982076 -0.035144
-0.278411 0.942161 -0.186599
0.005878 0.999966 0.005827
0.359037 0.829028 0.428725
0.411020 0.802487 0.432524
0.703448 0.340704 0.623765
0.010375 0.999893 0.010297
0.283984 0.879504 0.381871
-0.194746 0.980039 -0.039975
0.062996 0.997707 0.024759
-0.125847 0.990775 -0.050270
0.099223 0.981802 0.161923
-0.024821 0.997264 -0.069624
0.187586 0.849432 0.493232
-0.237653 0.795772 -0.557017
-0.150452 0.961236 -0.231062
-0.416461 0.529577 -0.738992
-0.001671 0.999997 -0.001685
-0.005812 0.999966 -0.005822
-0.398687 0.805170 -0.439032
-0.005210 0.999973 -0.005167
-0.003059 0.999991 -0.003030
-0.336448 0.842430 -0.420849
-0.740601 0.353493 -0.571447
-0.433530 0.796864 -0.420784
-0.000944 0.999999 -0.000935
0.001092 0.999999 0.001081
0.393063 0.870019 0.297605
0.428324 0.830102 0.357028
0.913399 -0.060730 -0.402509
1.000000 0.000250 -0.000007
0.966503 -0.256652 -0.001106
0.707133 -0.337576 -0.621293
0.600216 0.274618 -0.751216
0.517309 -0.303043 -0.800347
-0.135302 0.989824 0.044058
-0.131973 0.988937 0.067722
-0.003868 0.999991 0.001716
-0.234637 0.966266 0.106185
-0.013369 0.999863 0.009771
-0.099718 0.992711 0.067681
0.447711 0.429416 -0.784319
0.411001 0.753041 -0.513816
0.508488 0.677696 -0.531195
0.225155 0.950522 -0.214041
0.298651 0.852041 -0.429923
0.498563 0.841320 -0.208844
0.629410 0.720469 -0.291147
0.358822 0.897411 -0.256711
0.047608 0.998416 -0.029983
-0.018663 0.999653 0.018587
-0.025048 0.999370 0.025144
0.171149 0.979085 -0.110000
-0.080596 0.996265 0.030996
0.120175 0.991676 -0.046228
-0.238519 0.970452 -0.036503
-0.037558 0.999294 0.000923
-0.258701 0.965934 0.006727
0.188188 0.981457 -0.036419
0.264382 0.963345 0.045477
-0.001870 0.999998 -0.000291
-0.187586 0.980078 -0.065261
-0.740733 0.523400 0.421150
-0.675423 0.659014 0.330913
-0.399016 0.865530 0.302727
-0.336845 0.911483 0.236080
-0.005322 0.999971 0.005367
-0.003207 0.999990 0.003237
-0.232667 0.968640 0.087197
-0.149148 0.984313 0.094247
-0.414386 0.894902 0.165633
-0.257902 0.965135 0.044737
-0.021046 0.999750 0.007489
-0.490480 0.866467 0.093082
-0.704506 0.709697 -0.000889
-0.494245 0.869322 -0.001448
-0.681429 0.717772 0.143033
0.005465 0.999985 -0.000864
0.040664 0.999173 0.000842
0.235541 0.971189 -0.036213
-0.237536 0.971376 -0.002288
0.251299 0.966590 0.050524
0.344596 0.938746 0.003272
0.256845 0.966433 0.006136
0.070532 0.997414 0.013798
0.722415 0.322087 0.611863
0.614593 0.346251 0.708792
0.424860 0.760114 0.491651
0.777242 0.594152 -0.207071
0.968762 0.247384 -0.017355
0.877340 0.479620 -0.015492
0.932688 0.156030 -0.325188
0.964862 -0.261631 0.024289
0.999969 -0.007242 -0.003154
0.932588 0.092759 0.348819
0.879821 -0.082942 0.468013
0.773282 -0.202000 0.601025
0.172835 0.972524 0.155962
-0.272902 0.728294 -0.628579
-0.086242 0.968904 -0.231919
-0.078657 0.899527 -0.429727
-0.169438 0.948547 -0.267488
-0.282204 0.867807 -0.408988
-0.440530 0.462751 -0.769282
-0.388399 0.779306 -0.491760
-0.137357 0.980809 -0.138374
0.131455 0.988972 0.068219
0.230722 0.967307 0.105281
0.007675 0.999954 0.005747
0.098359 0.992834 0.067873
-0.061983 0.996095 -0.062873
-0.011304 0.999870 -0.011461
0.277105 0.958130 0.072109
0.293236 0.956037 -0.002259
0.217944 0.972221 0.085365
0.315246 0.946570 -0.068016
0.393145 0.809636 -0.435805
0.672993 0.333569 -0.660161
0.428358 0.800648 -0.418895
0.240580 0.807108 -0.539165
0.416035 0.546698 -0.726661
0.244002 0.906961 -0.343344
0.027753 0.989939 -0.138748
-0.284209 -0.926892 0.245146
-0.029350 -0.207530 0.977788
0.232408 -0.969712 -0.075138
0.267439 0.349870 -0.897812
0.494540 -0.164607 -0.853426
-0.563700 0.788588 0.245706
-0.826148 0.527288 0.198614
-0.252407 0.953174 0.166585
-0.007486 0.999944 0.007492
0.143060 0.965507 -0.217553
-0.027510 0.999479 0.016869
0.101104 0.992994 -0.061162
-0.000604 1.000000 0.000598
0.184935 0.980635 -0.064454
0.303334 0.946266 -0.112112
0.191502 0.974337 -0.118295
0.287120 0.950682 -0.117326
0.170849 0.982603 -0.072820
0.091466 0.994096 -0.058368
-0.325977 0.897801 0.296130
-0.142811 0.980897 0.132087
-0.090411 0.993371 0.070993
-0.385021 0.805527 0.450427
-0.035857 0.998735 0.035253
-0.514160 0.705763 0.487379
0.018148 0.999776 -0.010867
0.494396 0.864166 0.093755
0.705560 0.708649 -0.001305
0.416461 0.893681 0.167017
0.682397 0.716783 0.143376
0.563809 0.788387 0.246101
0.675161 0.659324 0.330831
0.826060 0.527425 0.198613
0.336448 0.911676 0.235903
0.150452 0.984015 0.095283
0.001672 0.999997 0.001658
-0.099223 0.993252 -0.060043
-0.309322 0.944079 -0.114165
-0.252200 0.966316 0.051260
-0.350966 0.936383 0.003301
-0.321205 0.944422 -0.069959
-0.290048 0.949715 -0.117954
-0.091105 0.994225 -0.056721
-0.183900 0.975909 -0.117399
0.040967 0.998683 0.030892
0.131147 0.984266 0.118410
-0.013627 0.999836 -0.011924
-0.024679 0.999591 -0.014482
-0.218372 0.972098 0.085672
-0.284017 0.956019 0.073229
0.144154 0.988880 -0.036538
-0.436628 -0.099426 0.894131
-0.242601 -0.947292 0.209241
-0.497669 -0.866696 0.034114
0.001870 0.999926 0.011997
-0.498563 0.426670 0.754577
-0.629410 0.320226 0.708024
-0.358822 0.827168 0.432481
-0.716892 0.325360 0.616610
-0.796312 -0.255021 0.548499
-0.640234 -0.298129 0.707969
-0.705560 -0.708608 0.007653
-0.494396 -0.218810 -0.841246
-0.865603 -0.500730 0.001080
-0.826060 -0.227190 -0.515760
-0.966378 -0.257124 -0.001141
0.438320 0.815210 -0.378560
0.754923 0.454180 -0.473088
0.433735 0.796711 -0.420862
0.336845 0.842005 -0.421382
0.252407 0.900370 -0.354435
0.007244 0.999948 -0.007202
0.675423 0.311010 -0.668638
0.563700 0.360615 -0.743101
-0.029638 0.998399 -0.048187
-0.002780 0.999992 -0.002807
-0.023088 0.999464 -0.023229
-0.198209 0.971867 -0.127229
-0.071108 0.996433 -0.045446
0.046789 0.996143 0.074223
0.171065 0.951098 0.257194
-0.017502 0.999692 -0.017573
-0.070532 0.934718 -0.348320
0.185181 0.605072 0.774336
-0.277105 0.537582 -0.796378
-0.130506 0.916331 -0.378557
-0.230722 0.856798 -0.461156
-0.251299 0.424921 -0.869650
-0.082675 0.973585 -0.212830
-0.217944 0.836267 -0.503148
-0.482941 0.851367 -0.204795
-0.624138 0.770074 -0.132054
-0.314296 0.941204 -0.123911
-0.887049 0.388827 -0.248911
-0.613535 0.735599 -0.287174
-0.703448 0.603953 -0.374703
-0.283984 0.939396 -0.192065
-0.359037 0.896546 -0.259420
-0.005878 0.999965 -0.005929
-0.411020 0.852415 -0.323190
0.712427 0.585939 -0.386164
0.602162 0.742978 -0.292206
0.441695 0.892021 -0.095940
0.728496 0.684949 -0.011785
0.524140 0.851575 -0.009886
0.843978 0.494872 0.206887
0.710264 0.687897 0.149412
0.435092 -0.108050 0.893879
0.325893 0.669756 0.667248
0.499013 0.424725 0.755378
0.716888 0.325791 0.616386
0.754836 0.404139 0.516618
0.438173 0.800120 0.409650
0.629703 0.319992 0.707869
0.359029 0.827055 0.432526
0.278411 0.882528 0.378987
-0.010375 0.999892 -0.010453
0.234637 0.850385 -0.470946
0.131973 0.959080 -0.250498
0.013369 0.999743 -0.018289
-0.225155 0.948027 0.224832
-0.029048 0.998902 0.036754
-0.424860 0.855310 -0.296546
-0.070063 0.995018 -0.070922
-0.172835 0.967273 -0.185769
0.189314 0.936786 0.294265
0.309322 0.668922 0.675916
0.238519 0.237830 0.941566
0.351650 0.013540 0.936034
0.290048 0.742707 0.603538
0.170539 0.908472 0.381569
0.091105 0.985253 0.144831
0.321205 0.281720 0.904136
0.284017 0.513788 -0.809541
0.301555 -0.945895 0.119782
0.325663 0.251746 -0.911355
0.080596 0.975108 -0.206566
0.252200 0.430521 -0.866629
0.218372 0.836102 -0.503237
-0.326176 0.671592 0.665262
-0.120175 0.945513 0.302593
-0.171149 0.951136 0.257000
-0.047608 0.996017 0.075385
0.350966 -0.931011 -0.100206
-0.287120 0.748997 0.597132
-0.345357 0.020823 0.938240
0.237536 -0.958678 0.156566
0.494245 -0.869076 0.020716
-0.005465 0.999388 0.034539
0.003868 0.999955 -0.008718
0.414386 0.531001 -0.739136
0.681429 -0.309058 -0.663429
0.865644 -0.500659 0.000954
0.704506 -0.709678 0.005233
0.826148 -0.227197 -0.515618
0.490480 -0.212447 -0.845160
-0.167316 0.975096 0.145581
-0.036630 0.998813 0.032092
-0.170851 0.971862 0.162157
0.120386 0.986493 -0.111077
0.029048 0.999315 -0.022938
0.325977 0.889341 -0.320643
0.090411 0.989342 -0.114145
-0.120386 0.984366 0.128575
0.036630 0.998456 -0.041751
-0.000000 1.000000 0.000000
0.170851 0.969677 -0.174749
0.027510 0.998616 -0.044821
0.000601 1.000000 -0.000608
0.004667 0.999978 -0.004694
-0.185295 0.943769 0.273799
-0.101104 0.981104 0.164965
0.478466 0.852460 -0.210672
0.325354 0.936005 -0.134309
0.189379 0.974151 -0.123149
0.286256 0.938424 -0.193437
0.004150 0.999983 -0.004202
0.919558 -0.062415 -0.387965
-0.494540 0.863369 0.100123
-0.232408 0.972618 0.001045
-0.486791 0.873518 0.000867
-0.169735 0.985005 -0.030921
-0.267439 0.962156 0.052261
0.029350 0.999569 -0.000349
-0.027753 0.999600 0.005522
-0.240580 0.965953 0.095168
-0.416035 0.893036 0.171467
-0.565175 0.785156 0.253196
-0.330258 0.915133 0.231218
-0.244002 0.956226 0.161541
-0.051507 0.998468 0.020224
0.141938 0.988258 -0.056564
-0.033769 0.999200 0.021429
0.284209 0.958748 -0.005248
0.311559 0.948727 0.053364
-0.639979 0.756962 -0.132046
-0.966503 0.256653 0.000654
-0.865644 0.500660 -0.000317
-0.754923 0.403779 0.516773
-0.438320 0.799935 0.409853
-0.433735 0.824931 0.362439
-0.001095 0.999999 0.001105
0.000998 0.999999 -0.001007
-0.412957 0.798873 0.437343
0.003076 0.999990 -0.003104
0.187851 0.981602 -0.034206
0.425463 0.901240 -0.082146
0.495356 0.868690 0.000703
0.485177 0.849920 -0.205524
0.613079 0.736116 -0.286824
0.781617 0.594986 -0.187260
0.323418 0.937677 -0.127134
0.193025 0.973316 -0.124085
0.358550 0.896865 -0.258988
0.284825 0.939039 -0.192564
0.010449 0.999890 -0.010528
0.018663 0.999650 -0.018734
0.025048 0.999375 -0.024937
-0.278061 0.882855 0.378483
-0.297771 0.953318 0.050175
-0.010808 0.999942 -0.000103
-0.265080 0.964216 -0.004584
-0.506852 0.861973 -0.010128
0.042457 0.999064 0.008337
0.277002 0.959380 0.053469
0.247346 0.968927 0.000683
0.005675 0.999968 -0.005725
0.410653 0.852733 -0.322817
0.964736 0.263213 -0.001914
0.865053 0.501680 0.000421
0.886490 0.390166 -0.248808
0.702889 0.604867 -0.374276
0.744717 0.475623 -0.468166
0.932192 0.168469 -0.320368
0.486791 -0.873424 -0.012848
0.414573 -0.057453 0.908201
0.704792 -0.709361 -0.008665
0.565175 0.377634 -0.733464
0.688377 -0.274363 -0.671463
0.829273 -0.196646 -0.523103
0.781895 -0.242507 0.574308
0.965066 -0.261992 0.002735
0.865179 -0.501461 -0.001315
-0.938025 0.143603 -0.315416
-1.000000 -0.000250 0.000007
-0.675161 0.311360 -0.668739
-0.563809 0.361457 -0.742609
-0.412918 0.851960 -0.321967
0.022179 0.999507 0.022234
0.066744 0.996891 0.041869
0.135728 0.986991 0.086179
0.482941 0.458622 0.745945
0.624138 -0.273994 0.731696
0.314296 0.691241 0.650695
0.116353 0.946665 0.300479
0.073995 0.990237 0.118137
0.169735 0.634173 0.754331
0.887049 -0.104289 0.449741
0.932376 0.090679 0.349931
0.613535 0.346834 0.709423
0.744872 0.411611 0.525112
0.434580 0.804662 0.404549
0.733549 0.526556 0.429703
0.003232 0.999990 0.003203
0.330230 0.915186 0.231049
0.244730 0.955945 0.162102
0.418130 0.891976 0.171889
0.565585 0.784924 0.252997
-0.722415 0.575761 -0.382905
-0.614593 0.734412 -0.287950
-0.879821 0.397694 -0.260297
-0.919558 0.297737 0.256447
-0.868535 0.495355 -0.016438
-0.964862 0.262372 -0.014201
-0.999969 0.007261 0.003109
-0.773282 0.602027 -0.198995
-0.621791 0.769911 -0.143574
-0.483465 0.850541 -0.206982
-0.843727 0.499263 0.197133
-0.773917 0.480374 0.412665
-0.423325 0.901346 -0.091495
-0.714825 0.699171 -0.013636
-0.707133 0.692505 0.142829
0.042142 0.998750 0.026897
0.146565 0.984693 0.094329
0.246253 0.964317 0.097221
-0.252478 0.900489 -0.354083
-0.006823 0.999954 -0.006791
0.911676 0.307107 0.273005
0.829147 0.517779 0.210759
0.672842 0.657295 0.339479
0.689683 0.707676 0.153401
0.740733 0.353539 -0.571249
0.938031 0.143972 -0.315229
0.966378 0.257126 0.000674
0.898723 0.363574 -0.245175
0.865603 0.500732 -0.000359
0.796312 0.575770 -0.185407
0.412918 0.799002 0.437144
-0.001092 0.999999 -0.001102
-0.003232 0.999989 -0.003261
-0.434580 0.817203 -0.378576
0.938025 0.095289 0.333210
0.740601 0.523718 0.420986
0.913294 0.312881 0.260766
0.796472 -0.255102 0.548230
0.868535 -0.493235 0.048639
0.843727 -0.230882 -0.484581
0.773917 0.293149 -0.561351
0.714825 -0.695070 0.076835
0.712521 0.249392 -0.655834
0.572665 0.633107 -0.520798
0.506852 -0.851262 0.135844
0.265080 -0.931921 0.247501
0.194746 0.620800 0.759395
0.423325 0.023459 0.905674
0.271064 0.725683 -0.632383
0.072932 0.977436 -0.198243
0.060498 0.939343 -0.337602
-0.041241 0.998827 0.025359
-0.325663 0.942927 0.069514
-0.268853 0.956712 0.111442
-0.136059 0.986930 0.086359
-0.147053 0.984511 0.095465
0.012537 0.999841 -0.012698
0.069366 0.995167 -0.069512
0.145992 0.978733 -0.144114
-0.066165 0.996942 0.041568
-0.018563 0.999651 0.018797
0.041210 0.996860 -0.067614
-0.083594 0.987489 0.133708
0.173324 0.946021 -0.273865
0.777705 0.409645 -0.476830
0.579701 0.659077 -0.479130
0.342331 0.879261 -0.331223
0.326176 0.936523 -0.128587
0.278061 0.942299 -0.186425
-0.005675 0.999968 0.005626
-0.428358 0.830034 0.357147
-0.434515 0.804680 0.404583
-0.000998 0.999999 0.000988
-0.702890 0.340955 0.624256
-0.410653 0.802742 0.432400
-0.744717 0.411473 0.525440
-0.358551 0.829383 0.428445
0.716892 0.584938 -0.379359
0.412957 0.851982 -0.321859
0.640234 0.756626 -0.132730
-0.067946 0.997597 0.013538
-0.938031 0.094852 0.333317
-0.913399 0.312467 0.260894
-0.007244 0.999947 0.007285
0.330258 0.847414 -0.415716
0.265389 0.957804 0.110361
0.320552 0.944755 0.068448
0.345357 0.936497 -0.060848
0.483465 0.464030 0.742252
0.315068 0.706720 0.633466
0.198209 0.934904 0.294392
0.621791 -0.209415 0.754666
0.542239 0.674911 0.500472
0.918919 0.291665 0.265556
0.764879 0.491462 0.416443
0.584542 0.662234 0.468782
0.778439 0.378846 0.500508
0.071108 0.991320 0.110579
-0.042142 0.996937 -0.065885
0.318383 0.845131 0.429401
0.697917 0.632252 0.336406
0.586548 0.770356 0.250027
0.481543 0.808291 0.338795
0.880523 0.390617 -0.268511
-0.135728 0.968450 -0.209004
-0.265389 0.787114 -0.556795
-0.022179 0.999509 -0.022113
0.049309 0.998329 0.030141
0.086242 0.995776 0.031504
0.169438 0.980091 0.103499
0.011304 0.999874 0.011148
-0.131455 0.960095 -0.246855
-0.004224 0.999946 -0.009527
-0.034481 0.997871 -0.055359
-0.007675 0.999918 -0.010249
-0.098359 0.985116 -0.140968
0.137357 0.981447 0.133774
0.061983 0.996219 0.060872
0.282204 0.943016 0.176303
-0.066744 0.992143 -0.105815
0.440530 0.881578 0.169567
0.388399 0.885409 0.255336
0.225478 0.949717 0.217248
0.303714 0.907919 0.288860
-0.000000 1.000000 -0.000000
-0.165501 0.973082 -0.160379
-0.131147 0.981034 -0.142734
0.013627 0.999786 0.015571
0.165501 0.972120 0.166108
0.141368 0.977719 0.155178
0.362458 0.869504 0.335541
0.188222 0.941326 0.280139
-0.049309 0.995541 -0.080418
-0.932588 0.164819 -0.321113
-0.777242 -0.181047 0.602592
-0.968762 -0.246321 0.028740
-0.877340 -0.477849 0.043997
-0.880523 -0.065445 0.469464
-0.918919 -0.045204 -0.391848
-0.526159 -0.287202 -0.800420
-0.524140 -0.842741 0.122741
-0.710264 -0.315001 -0.629524
-0.213266 0.567092 0.795565
-0.441695 -0.009684 0.897113
-0.141938 0.929119 0.341455
-0.311559 0.091221 -0.945838
-0.586548 0.314477 -0.746369
-0.697917 0.278905 -0.659639
-0.481543 0.706638 -0.518438
-0.081996 0.994356 -0.067330
-0.225478 0.948590 -0.222121
-0.303714 0.907596 -0.289875
0.034481 0.999175 0.021445
0.146295 0.984610 0.095612
-0.712427 0.344424 0.611408
-0.777705 0.379979 0.500791
-0.932688 0.102510 0.345809
0.733655 0.377007 -0.565346
0.911813 -0.037503 -0.408888
0.434515 0.817293 -0.378455
0.033769 0.998016 -0.053142
-0.079370 0.989166 0.123499
0.051507 0.990118 -0.130435
-0.004667 0.999978 0.004640
-0.286253 0.877562 0.384634
-0.325354 0.693949 0.642324
-0.189382 0.941448 0.278944
-0.478466 0.489403 0.729078
-0.004147 0.999983 0.004095
0.185291 0.975290 -0.120322
0.132385 0.989964 -0.049448
-0.072932 0.996985 0.026488
-0.041210 0.998836 0.025063
0.083594 0.995152 -0.051809
-0.508488 0.784133 0.355774
-0.411001 0.871639 0.267064
-0.600216 0.760363 0.248172
0.099718 0.984359 -0.145234
-0.145993 0.978640 0.144743
-0.069367 0.995210 0.068888
-0.298652 0.936162 0.185492
-0.579701 0.668681 0.465632
-0.572665 0.703528 0.420837
-0.342331 0.886154 0.312313
-0.829273 0.517515 0.210914
-0.865179 0.501462 0.000437
-0.911813 0.306383 0.273360
-0.886490 -0.104757 0.450733
-1.000000 -0.000633 0.000252
-0.964736 -0.263199 0.003281
-0.704792 0.709412 0.001473
-0.414573 0.906463 -0.080335
-0.965066 0.262001 -0.001600
-0.781895 0.594579 -0.187393
-0.932376 0.167300 -0.320445
-0.911676 -0.038347 -0.409116
-0.829147 -0.197011 -0.523164
-0.689683 -0.275840 -0.669514
-0.707324 -0.706826 -0.009446
-0.733549 0.376807 -0.565617
0.398687 0.865768 0.302481
-0.244730 0.906492 -0.344063
-0.418130 0.541767 -0.729147
-0.330230 0.847316 -0.415938
-0.565585 0.376051 -0.733962
-0.393063 0.809585 -0.435974
0.003059 0.999991 0.003088
0.005210 0.999973 0.005253
0.006823 0.999953 0.006855
-0.672842 0.333249 -0.660476
-0.428324 0.800622 -0.418979
0.252478 0.953109 0.166850
-0.246253 0.798248 -0.549690
-0.277002 0.308752 -0.909913
-0.062996 0.985280 -0.158918
-0.146565 0.963995 -0.221885
0.005812 0.999966 0.005803
0.002781 0.999992 0.002755
-0.351650 0.934037 -0.062591
0.011002 0.999831 0.014705
-0.542239 0.731624 -0.413163
-0.362458 0.867733 -0.340095
-0.584542 0.654295 -0.479801
-0.264382 0.249039 -0.931709
-0.682397 -0.308787 -0.662559
-0.913294 -0.061095 -0.402692
-0.898723 -0.105115 0.425732
-0.393145 0.869903 0.297834
-0.672993 0.656978 0.339794
0.003207 0.999990 -0.003177
0.001095 0.999999 -0.001085
0.149148 0.961773 -0.229666
0.399016 0.804883 -0.439261
0.005322 0.999972 -0.005278
-0.318383 0.924660 -0.208895
-0.315068 0.940255 -0.129045
0.118278 0.946592 0.299956
0.149351 0.833010 0.532718
-0.320552 0.266316 -0.909023
0.639979 -0.301136 0.706926
-0.188222 0.974626 -0.121149
-0.073995 0.996196 -0.046032
-0.116353 0.992247 -0.043678
0.078657 0.996808 0.013651
0.272902 0.956848 0.099829
0.526159 0.844899 0.096446
0.633250 0.759457 -0.149063
0.433530 0.825126 0.362241
0.066165 0.992295 -0.104748
0.136059 0.968283 -0.209562
0.268853 0.781089 -0.563576
0.041241 0.996905 -0.066927
-0.040967 0.997688 -0.054230
0.024679 0.998812 0.042025
0.183900 0.943275 0.276431
-0.367240 0.870988 0.326365
-0.046240 0.998332 0.034572
0.167316 0.968040 -0.186828
0.046240 0.997023 -0.061702
-0.688377 0.708958 0.153350
0.079370 0.995559 -0.050620
-0.143060 0.985450 0.091768
0.213266 0.975998 -0.044109
-0.898810 0.363211 -0.245393
0.499334 0.860564 0.100474
0.707324 0.706887 0.001622
-0.060498 0.998113 0.010502
-0.271064 0.957581 0.097788
0.627239 0.767489 -0.132412
-0.517309 0.850883 0.091590
1.000000 0.000633 -0.000252
0.015394 0.999761 0.015546
-0.778439 0.408494 -0.476619
-0.764879 0.311365 -0.563925
-0.728496 -0.682154 0.062922
-0.843978 -0.207567 -0.494587
-0.712521 0.616445 0.335126
-0.744872 0.475100 -0.468450
0.898810 -0.104609 0.425673
-0.193025 0.938283 0.286995
-0.323418 0.674820 0.663339
-0.284826 0.878778 0.382915
-0.485177 0.454506 0.747013
-0.425463 -0.083379 0.901127
-0.495356 -0.868632 -0.010011
-0.187851 0.569627 0.800148
-0.247346 -0.967962 -0.043249
-0.132385 0.930913 0.340404
0.125847 0.944071 0.304783
0.010808 0.513497 0.858023
-0.042457 0.976017 -0.213516
-0.627239 -0.277706 0.727634
-0.781617 -0.242742 0.574587
-0.613080 0.347046 0.709712
0.297771 0.118709 -0.947228
0.367240 0.858725 -0.357388
-0.010449 0.999892 0.010370
-0.733655 0.526200 0.429959
-0.003076 0.999991 0.003048
0.550980 0.725005 0.413267
-0.146295 0.964879 -0.218190
-0.015394 0.999765 -0.015240
0.081996 0.991687 0.099161
0.356484 0.872747 0.333515
-0.633250 -0.204525 0.746434
-0.550980 0.661206 -0.509144
-0.141368 0.981882 -0.126185
-0.011002 0.999906 -0.008230
-0.602162 0.384622 0.699620
-0.173324 0.979188 0.105591
-0.012537 0.999845 0.012376
0.018563 0.999660 -0.018326
0.147053 0.964190 -0.220709
-0.447711 0.878422 0.167120
-0.932192 0.090033 0.350587
-0.499334 -0.177023 -0.848132
-0.865053 -0.501678 -0.001268
0.000944 0.999999 0.000953
-0.356484 0.873092 -0.332612
0.007486 0.999944 -0.007479
