0.569302 -0.921202 -0.077352
0.636810 -0.798529 -0.000817
0.573762 -0.942291 -0.000183
0.489209 -0.422749 0.185731
0.359875 -0.342598 0.205957
0.437938 -0.451983 0.201738
0.580174 -0.811495 0.142401
0.607998 -0.672260 0.141000
0.552271 -0.676578 0.186113
0.423639 0.074470 0.109664
0.443503 -0.077806 0.080980
0.462375 -0.005050 -0.000015
0.371756 0.002207 0.158851
0.405034 -0.131145 0.145790
0.504499 -0.192712 -0.001484
-0.634261 0.633384 -0.077753
-0.625314 0.499180 -0.002499
-0.653407 0.648487 -0.001713
-0.624807 0.779868 -0.077577
-0.588065 -0.528968 -0.140511
-0.618427 -0.511935 -0.074481
-0.534835 -0.392997 -0.139579
-0.651704 -0.646583 0.001107
-0.623030 -0.495470 0.001779
-0.496356 -0.219394 -0.074371
-0.565917 -0.342639 0.001902
-0.502911 -0.184087 0.001211
-0.425160 0.083556 -0.109528
-0.443504 -0.068774 -0.081109
-0.462375 0.005050 -0.000015
-0.406870 -0.127707 -0.145179
-0.619454 -0.808791 -0.076724
-0.605460 -0.669571 -0.141859
-0.578992 -0.810373 -0.142857
-0.489580 -0.420708 -0.185089
-0.311594 -0.064570 -0.203688
-0.351496 -0.184208 -0.192602
-0.239738 -0.318147 -0.186915
-0.366177 -0.346528 -0.202671
-0.271253 -0.244705 -0.211153
-0.141232 -0.271825 -0.191457
0.189705 1.171716 0.143318
0.032771 1.198704 0.143335
0.041031 1.144845 0.188007
0.333377 1.107893 0.143301
0.341110 1.146844 0.077212
0.453624 1.011611 0.143268
0.311594 1.057202 0.188019
0.533001 0.736350 0.186722
0.494502 0.858243 0.187550
0.437880 0.824672 0.203312
0.590813 0.619429 0.142188
0.587515 0.758222 0.142770
0.569174 0.921312 0.077261
0.541031 0.891753 0.143133
0.624291 0.779600 0.077339
0.418514 0.967996 0.187923
0.280365 1.002105 0.204072
0.244669 0.949426 0.188108
0.148133 0.997425 0.188093
0.124934 0.947505 0.143449
0.372918 0.922357 0.203906
0.323922 0.879845 0.187893
-0.312779 0.574530 0.079105
-0.359750 0.663254 0.143594
-0.356934 0.578283 0.143253
-0.541250 0.548758 0.184946
-0.607998 0.672260 0.141000
-0.590851 0.532914 0.139727
-0.580174 0.811495 0.142401
-0.522623 0.803536 0.187312
-0.511664 0.942414 0.143167
-0.486029 0.676129 0.202706
-0.457302 0.788456 0.203549
-0.240898 1.095257 0.188022
-0.312157 0.979271 0.203941
-0.205214 1.042597 0.203952
-0.361300 1.021624 0.188021
-0.126645 1.187121 0.143366
-0.103472 1.137162 0.188007
-0.083796 1.077706 0.203975
0.043511 1.082659 0.204016
-0.173988 0.987509 0.187866
-0.068846 1.017003 0.187927
-0.150945 -1.219608 -0.077307
-0.000019 -1.249121 0.000009
-0.172469 -1.228324 -0.000037
0.209109 -0.420766 -0.072041
0.225181 -0.385852 -0.140654
0.262268 -0.477152 -0.071877
0.425160 -0.083556 -0.109528
0.366179 -0.138702 -0.180788
0.372793 -0.005181 -0.158726
0.435294 -0.233446 -0.154170
0.295803 -0.180044 -0.221770
0.376421 -0.271386 -0.200671
0.286106 -0.449535 -0.138868
0.259140 -0.342005 -0.192001
0.172759 -0.287428 -0.197735
0.210484 -0.213264 -0.232664
0.329202 -0.421387 -0.185744
0.453478 -1.011329 -0.143255
0.333263 -1.107736 -0.143268
0.311474 -1.057027 -0.187999
0.533145 -0.736292 -0.186638
0.437748 -0.824342 -0.203267
0.470160 -0.716589 -0.201860
0.494315 -0.857799 -0.187549
0.591588 -0.620428 -0.142191
0.587692 -0.758138 -0.142853
0.621198 -0.516089 0.073629
0.653407 -0.648487 -0.001713
0.625314 -0.499180 -0.002499
0.624807 -0.779868 -0.077577
0.620734 -0.809923 0.076261
0.643869 -0.662511 0.074936
0.590851 -0.532914 0.139727
0.126691 1.187179 -0.143348
0.277325 1.138215 -0.143378
0.241031 1.095383 -0.188005
0.361512 1.021800 -0.188009
0.312444 0.979485 -0.203935
0.205361 1.042724 -0.203954
0.578992 0.810373 -0.142857
0.521932 0.802783 -0.187662
0.511442 0.942230 -0.143292
0.619454 0.808791 -0.076724
0.605460 0.669571 -0.141859
0.552560 0.949630 -0.077222
0.469491 1.068873 -0.000085
0.573445 0.942167 0.000053
0.446569 1.071427 -0.077362
0.641536 0.659984 -0.075723
0.651704 0.646582 0.001107
0.618427 0.511935 -0.074481
0.635850 0.797772 0.000447
0.600626 0.483313 0.077252
0.565917 0.342639 0.001902
0.623030 0.495470 0.001779
0.633207 0.632134 0.077409
0.126421 -0.325996 0.141519
0.210480 -0.366628 0.141227
0.234827 -0.313249 0.190193
-0.170040 -0.391881 -0.077608
-0.070840 -0.369702 -0.002301
-0.143097 -0.395941 -0.003447
-0.016607 -0.347581 -0.074741
0.081713 -0.370724 0.001152
0.005652 -0.361129 -0.000694
0.026140 -0.348155 0.073908
0.106121 -0.361821 0.075143
0.179104 -0.394517 0.076622
0.240557 -0.219261 0.222555
0.324993 0.522958 0.138802
0.349172 0.606472 0.139886
0.312231 0.617279 0.074454
0.375337 0.506603 0.183757
0.326964 0.419544 0.185091
0.281617 0.447530 0.138766
0.263197 0.347219 0.188776
0.317345 0.307574 0.210865
0.365797 0.135423 0.180352
0.432543 0.225567 0.154524
0.302905 0.190144 0.218121
0.375945 0.267708 0.199897
0.383436 0.393093 0.203594
0.435889 0.493993 0.200536
0.479790 0.186508 0.081797
0.502911 0.184087 0.001211
0.556441 0.479609 0.141572
0.496356 0.219394 -0.074371
0.174151 0.987646 -0.187887
0.152380 0.936950 -0.143168
0.068902 1.017071 -0.187945
0.338589 0.747917 -0.143380
0.295337 0.825795 -0.143210
0.341530 0.859384 -0.187851
0.317172 0.649331 -0.078272
0.287707 0.560333 -0.002904
0.300337 0.632916 -0.001903
0.292412 0.706081 -0.000970
0.302778 0.725661 -0.077704
0.267753 0.795716 -0.077299
0.408386 1.054462 -0.143393
0.309693 1.163828 -0.077350
0.457394 0.921690 -0.187950
0.457137 0.788129 -0.203761
0.393027 0.769436 -0.187843
0.550159 0.674330 -0.186887
0.538471 0.545293 -0.185739
0.477706 0.560082 -0.202364
0.588065 0.528968 -0.140511
0.534835 0.392997 -0.139579
0.489580 0.420708 -0.185089
0.466288 0.260424 -0.140218
0.406870 0.127707 -0.145179
0.351496 0.184208 -0.192602
0.137865 0.195908 -0.229008
0.271253 0.244705 -0.211153
0.234739 0.132860 -0.230421
0.239738 0.318147 -0.186915
0.366177 0.346528 -0.202670
0.141232 0.271825 -0.191457
0.311594 0.064570 -0.203688
0.552933 -0.949877 0.077075
0.469456 -1.068746 0.000093
0.511664 -0.942414 0.143167
0.446522 -1.071320 0.077371
0.408270 -1.054336 0.143405
0.277208 -1.138088 0.143408
0.309585 -1.163692 0.077387
0.361300 -1.021624 0.188021
0.522623 -0.803536 0.187312
0.486029 -0.676130 0.202706
0.541250 -0.548758 0.184946
0.535477 -0.397097 0.139680
0.602340 -0.486509 -0.077542
0.568246 -0.348724 -0.002498
0.497587 -0.227116 0.074001
0.464565 -0.264311 0.141038
0.342634 -0.175153 0.196608
0.409578 -0.299049 0.189735
0.224449 -0.088382 0.239790
0.113177 -0.100031 0.259501
0.116389 0.004078 0.265267
0.308541 -0.050987 0.205524
0.558269 -0.482906 -0.141307
0.481930 -0.195233 -0.081581
0.443504 0.068774 -0.081109
-0.569302 0.921202 -0.077352
-0.636810 0.798529 -0.000817
-0.573762 0.942291 -0.000183
-0.643869 0.662511 0.074936
-0.453478 1.011329 -0.143255
-0.333263 1.107736 -0.143268
-0.311474 1.057027 -0.187999
-0.189649 1.171648 -0.143293
-0.341001 1.146688 -0.077173
-0.471848 1.047062 -0.077195
-0.469456 1.068746 0.000093
-0.552933 0.949877 0.077075
-0.332606 1.166968 0.000120
-0.309585 1.163692 0.077387
-0.172403 1.228247 0.000066
0.041018 -1.144845 -0.187999
0.032747 -1.198694 -0.143322
-0.103511 -1.137211 -0.188000
-0.361512 -1.021800 -0.188009
-0.457394 -0.921690 -0.187950
-0.398285 -0.892479 -0.203904
-0.277325 -1.138215 -0.143378
-0.408386 -1.054462 -0.143393
-0.552271 0.676578 0.186113
-0.480503 0.563103 0.201491
-0.437938 0.451983 0.201738
-0.383976 0.480148 0.185482
-0.416151 0.574033 0.186381
-0.533001 -0.736350 0.186722
-0.494502 -0.858243 0.187550
-0.437880 -0.824672 0.203312
-0.633207 -0.632134 0.077409
-0.624291 -0.779600 0.077339
-0.479790 -0.186508 0.081797
-0.423639 -0.074470 0.109664
-0.432543 -0.225567 0.154524
-0.600626 -0.483313 0.077252
-0.590813 -0.619429 0.142188
-0.556441 -0.479609 0.141572
-0.277218 -0.846987 0.143253
-0.239197 -0.829945 0.077274
-0.325760 -0.773720 0.142552
-0.100648 -0.915118 0.077406
-0.208371 -0.906589 0.143475
-0.124934 -0.947505 0.143449
-0.323922 -0.879845 0.187893
-0.244669 -0.949426 0.188108
-0.280365 -1.002105 0.204072
-0.148133 -0.997425 0.188093
-0.122679 -0.326525 -0.140851
-0.204984 -0.365221 -0.141233
-0.281112 -0.501716 -0.079015
-0.206374 -0.438160 -0.003859
-0.255743 -0.493947 -0.003627
-0.133899 -0.377705 0.072639
-0.201829 -0.418364 0.072354
-0.569174 -0.921312 0.077261
-0.541031 -0.891753 0.143133
-0.453624 -1.011611 0.143268
-0.189705 -1.171716 0.143318
-0.032771 -1.198704 0.143335
-0.041031 -1.144845 0.188007
-0.333377 -1.107893 0.143301
-0.311594 -1.057202 0.188019
-0.418514 -0.967996 0.187923
-0.372918 -0.922357 0.203906
-0.435294 0.233446 -0.154170
-0.366179 0.138702 -0.180788
-0.295803 0.180044 -0.221770
-0.210484 0.213264 -0.232664
-0.206981 0.090036 -0.247496
-0.234827 0.313249 0.190193
-0.359875 0.342598 0.205957
-0.240557 0.219261 0.222555
-0.489209 0.422750 0.185731
-0.535477 0.397097 0.139680
-0.621198 0.516089 0.073629
-0.564876 0.372235 0.073002
-0.464565 0.264311 0.141038
-0.405034 0.131145 0.145790
-0.342634 0.175153 0.196608
-0.497587 0.227116 0.074001
-0.481930 0.195233 -0.081581
-0.504499 0.192712 -0.001484
-0.545390 0.338534 -0.077129
-0.591588 0.620428 -0.142191
-0.602340 0.486509 -0.077542
-0.558269 0.482905 -0.141307
-0.540955 0.891410 -0.143176
-0.587692 0.758138 -0.142853
-0.494315 0.857799 -0.187549
-0.533145 0.736292 -0.186638
-0.568246 0.348724 -0.002498
-0.466288 -0.260424 -0.140218
-0.562638 -0.366329 -0.073632
-0.635850 -0.797772 0.000447
-0.573445 -0.942167 0.000053
-0.641536 -0.659984 -0.075723
-0.372793 0.005181 -0.158726
-0.511442 -0.942230 -0.143292
-0.446569 -1.071427 -0.077362
-0.332715 -1.167114 -0.000079
-0.469491 -1.068873 -0.000085
-0.309693 -1.163828 -0.077350
-0.552560 -0.949630 -0.077222
0.119986 0.103447 -0.254292
0.109380 0.003037 -0.266092
0.005586 0.095778 -0.264911
0.106036 -0.099416 -0.262506
0.206981 -0.090036 -0.247496
-0.137865 -0.195908 -0.229008
-0.234739 -0.132860 -0.230421
-0.106036 0.099416 -0.262506
-0.109380 -0.003037 -0.266092
0.000000 0.000000 -0.273437
-0.005586 -0.095778 -0.264911
-0.550159 -0.674330 -0.186887
-0.477706 -0.560082 -0.202364
-0.484672 -0.674623 -0.203284
-0.417140 -0.301902 -0.186434
-0.538471 -0.545293 -0.185739
-0.274276 -0.423834 -0.142157
-0.325586 -0.495714 -0.143033
-0.380255 -0.476945 -0.186255
-0.320473 -0.390649 -0.185822
-0.436513 -0.449738 -0.201691
0.064509 -0.354442 -0.073607
-0.267753 -0.795716 -0.077299
-0.292412 -0.706081 -0.000970
-0.263961 -0.774180 -0.000277
-0.309660 -0.693807 0.075711
-0.302778 -0.725661 -0.077704
-0.300337 -0.632916 -0.001903
-0.317172 -0.649331 -0.078272
-0.338589 -0.747917 -0.143380
-0.295337 -0.825795 -0.143210
-0.231973 -0.890243 -0.143140
-0.266919 -0.933932 -0.187850
-0.341530 -0.859384 -0.187851
-0.358948 -0.662628 -0.143564
-0.354538 -0.576643 -0.143534
-0.417939 -0.671000 -0.187680
-0.287707 -0.560333 -0.002904
-0.293486 -0.542046 0.073254
0.471925 1.047267 0.077206
0.172469 1.228324 -0.000037
0.332715 1.167114 -0.000079
-0.032747 1.198694 -0.143322
-0.041018 1.144845 -0.187999
0.103511 1.137211 -0.188000
0.083838 1.077765 -0.203982
-0.043502 1.082659 -0.204016
-0.182650 1.117525 -0.188002
-0.167756 1.056822 -0.204059
-0.311025 0.695117 -0.075243
-0.285268 0.766558 -0.076556
-0.264145 0.774425 0.000410
-0.277072 0.846783 -0.143262
-0.208237 0.906413 -0.143506
-0.175873 0.880807 -0.077485
-0.325972 0.773891 -0.142419
-0.379281 0.794687 -0.187077
-0.244542 0.949243 -0.188125
-0.323733 0.879551 -0.187904
-0.372702 0.922004 -0.203911
-0.437748 0.824342 -0.203267
-0.470160 0.716589 -0.201860
-0.418313 0.967647 -0.187917
-0.298325 0.545281 -0.072407
-0.302690 0.634643 0.002515
-0.291845 0.562783 0.003625
-0.261796 0.496721 0.004168
-0.318626 0.650305 0.078634
-0.303242 0.726094 0.077952
-0.293413 0.706993 0.001344
-0.280244 1.001920 -0.204071
-0.148092 0.997376 -0.188100
-0.079010 0.906334 -0.000158
-0.152856 0.877550 -0.000234
-0.100581 0.915041 -0.077432
-0.124882 0.947443 -0.143467
-0.032813 0.966682 -0.143349
-0.018443 0.929720 -0.077292
0.263961 0.774180 -0.000277
0.284979 0.766252 0.076709
0.216348 0.832586 0.000098
0.231973 0.890243 -0.143140
0.213843 0.854397 -0.077104
0.144644 0.897996 -0.077085
0.176016 0.880975 0.077447
0.079089 0.906424 0.000128
0.153013 0.877711 0.000192
0.018432 1.235695 0.077282
0.000019 1.249121 0.000009
-0.277208 1.138088 0.143408
-0.408270 1.054336 0.143405
0.182695 1.117584 0.188020
0.469728 0.716241 0.202097
0.532684 0.609776 0.185583
0.498641 0.484297 0.185263
0.277218 0.846987 0.143253
0.239197 0.829945 0.077274
0.325760 0.773720 0.142552
0.350040 0.691878 0.141327
0.406120 0.700183 0.185836
0.309660 0.693807 0.075711
0.100648 0.915118 0.077406
0.018480 0.929704 0.077274
0.208371 0.906589 0.143475
0.032839 0.966659 0.143335
0.041079 1.020484 0.188010
-0.061790 0.962892 0.143218
0.167793 1.056871 0.204065
-0.266609 0.933718 0.187844
-0.341147 0.859166 0.187858
-0.295066 0.825670 0.143258
-0.231701 0.890066 0.143128
-0.126421 0.325996 0.141519
-0.210480 0.366628 0.141227
-0.106121 0.361821 0.075143
-0.064509 0.354442 -0.073607
-0.152776 0.397831 0.002845
-0.081713 0.370724 0.001152
-0.005652 0.361129 -0.000694
-0.179104 0.394517 0.076622
-0.240579 0.443177 0.077991
-0.280249 0.426987 0.141378
-0.141750 0.379284 -0.072687
-0.061630 0.316811 -0.142592
-0.286231 0.504097 0.078915
-0.214331 0.440693 0.003890
-0.209109 0.420766 -0.072041
-0.418728 0.671859 0.187371
-0.392898 0.769490 0.187783
-0.338581 0.748006 0.143482
-0.457350 0.921703 0.187869
-0.398001 0.892328 0.203870
-0.065072 0.923610 0.077132
-0.144479 0.897847 0.077045
-0.152212 0.936807 0.143135
-0.213640 0.854270 0.077092
-0.126691 -1.187179 -0.143348
0.018397 -1.235686 -0.077263
0.172403 -1.228247 0.000066
0.186329 -1.210960 -0.077215
0.332606 -1.166968 0.000120
0.341001 -1.146688 -0.077173
-0.182695 -1.117584 0.188020
-0.043511 -1.082659 0.204016
-0.167793 -1.056871 0.204065
-0.041079 -1.020484 0.188010
-0.018432 -1.235695 0.077282
0.126645 -1.187121 0.143366
0.150888 -1.219540 0.077331
-0.341110 -1.146844 0.077212
0.152776 -0.397831 0.002845
0.141750 -0.379284 -0.072687
0.061630 -0.316811 -0.142592
0.214331 -0.440693 0.003890
0.149355 -0.341510 -0.142098
0.073990 -0.260945 -0.199831
0.261796 -0.496721 0.004168
0.291845 -0.562783 0.003625
0.312779 -0.574530 0.079105
0.286231 -0.504097 0.078915
0.329603 -0.526694 -0.138038
0.352331 -0.609491 -0.139033
0.315276 -0.619824 -0.073671
0.294419 -0.056798 -0.215300
0.545390 -0.338534 -0.077129
0.501896 -0.350052 -0.142728
0.501284 -0.488274 -0.184570
0.446307 -0.373648 -0.188311
0.439341 -0.498492 -0.199713
0.385859 -0.397243 -0.203716
0.312433 -0.303680 -0.214069
0.533752 -0.611144 -0.185248
0.469459 -0.605987 -0.200097
0.406468 -0.605074 -0.183601
0.407013 -0.701072 -0.185467
0.379335 -0.510876 -0.183001
-0.031772 -0.311078 -0.141700
-0.032593 -0.255015 -0.197446
0.094344 -0.189512 -0.240708
0.540955 -0.891410 -0.143176
0.418313 -0.967647 -0.187917
0.280244 -1.001920 -0.204071
-0.068902 -1.017071 -0.187945
0.041065 -1.020503 -0.188017
0.043502 -1.082659 -0.204016
0.124882 -0.947443 -0.143467
0.148092 -0.997376 -0.188100
0.032813 -0.966682 -0.143349
0.244541 -0.949243 -0.188125
0.189649 -1.171648 -0.143293
0.182650 -1.117525 -0.188002
0.471848 -1.047062 -0.077195
0.634261 -0.633384 -0.077753
-0.018397 1.235686 -0.077263
0.150945 1.219608 -0.077307
0.398285 0.892479 -0.203904
0.266919 0.933932 -0.187850
0.498964 0.343742 0.143282
0.543198 0.332555 0.077107
0.562638 0.366329 -0.073632
0.280249 -0.426987 0.141378
0.330137 -0.498595 0.142290
0.383976 -0.480148 0.185482
0.240579 -0.443177 0.077991
0.127242 -0.265845 0.195431
-0.055888 -0.353965 0.073121
-0.062129 -0.316414 0.142616
0.011271 -0.253301 0.199180
0.032924 -0.310318 0.142189
0.416151 -0.574033 0.186381
0.418728 -0.671859 0.187371
0.322084 -0.391547 0.186455
-0.148464 -0.341659 0.141580
-0.222018 -0.385929 0.139863
-0.186199 -0.294382 0.193980
-0.096359 -0.360139 -0.076152
-0.498641 -0.484297 0.185263
-0.498964 -0.343742 0.143282
-0.469728 -0.716241 0.202097
-0.403849 -0.602249 0.184377
-0.349172 -0.606472 0.139886
-0.375337 -0.506603 0.183757
-0.435889 -0.493993 0.200536
-0.365797 -0.135423 0.180352
-0.371756 -0.002207 0.158851
-0.296731 -0.070674 0.214137
-0.302905 -0.190144 0.218121
-0.375945 -0.267708 0.199897
-0.317345 -0.307574 0.210865
-0.383436 -0.393093 0.203594
-0.326964 -0.419544 0.185091
-0.532684 -0.609776 0.185583
-0.281617 -0.447530 0.138766
-0.263197 -0.347219 0.188776
-0.240656 -0.242593 0.221645
-0.151803 -0.201096 0.232933
0.000000 0.000000 0.272909
0.012169 0.096570 0.264530
-0.113177 0.100031 0.259501
-0.116389 -0.004078 0.265267
-0.012169 -0.096570 0.264530
-0.126461 -0.105370 0.256345
0.079739 -0.186528 0.238090
0.379250 0.794770 0.187169
0.403849 0.602249 0.184377
-0.026140 0.348155 0.073908
0.170040 0.391881 -0.077608
0.070840 0.369702 -0.002301
0.143097 0.395941 -0.003447
0.096359 0.360139 -0.076152
0.055888 0.353965 0.073121
0.255965 0.474135 0.072498
0.255743 0.493947 -0.003627
0.201829 0.418364 0.072354
0.309740 0.572846 -0.078815
0.281112 0.501716 -0.079015
0.354538 0.576643 -0.143534
0.293486 0.542046 0.073254
0.222018 0.385929 0.139863
0.148464 0.341659 0.141580
0.186199 0.294382 0.193980
0.222038 0.136048 0.239140
0.240656 0.242593 0.221645
0.151803 0.201096 0.232933
0.296731 0.070674 0.214137
0.442901 0.367468 0.188907
0.122679 0.326525 -0.140851
0.031772 0.311078 -0.141700
0.016607 0.347581 -0.074741
0.061860 0.962977 -0.143244
0.065151 0.923704 -0.077162
-0.041065 1.020503 -0.188017
0.417939 0.671000 -0.187680
0.413641 0.571720 -0.187111
0.358948 0.662628 -0.143564
0.484672 0.674623 -0.203284
0.320473 0.390649 -0.185822
0.325586 0.495714 -0.143033
0.380255 0.476945 -0.186255
0.274276 0.423834 -0.142157
0.436513 0.449738 -0.201692
0.417140 0.301902 -0.186434
-0.351352 0.693185 -0.140861
-0.352331 0.609491 -0.139033
-0.406468 0.605074 -0.183601
-0.407013 0.701072 -0.185467
-0.172759 0.287428 -0.197735
-0.259140 0.342005 -0.192001
-0.225181 0.385852 -0.140654
-0.376421 0.271386 -0.200671
-0.312433 0.303681 -0.214069
-0.385859 0.397243 -0.203716
-0.329202 0.421387 -0.185744
0.032593 0.255015 -0.197446
-0.073990 0.260945 -0.199831
-0.094344 0.189512 -0.240708
-0.144644 -0.897996 -0.077085
-0.153013 -0.877711 0.000192
-0.065151 -0.923704 -0.077162
0.100581 -0.915041 -0.077432
-0.000020 -0.916298 -0.000010
0.079010 -0.906334 -0.000158
-0.216348 -0.832586 0.000098
-0.284979 -0.766252 0.076709
-0.079089 -0.906424 0.000128
-0.176016 -0.880975 0.077447
-0.018480 -0.929704 0.077274
0.065072 -0.923610 0.077132
0.144479 -0.897847 0.077045
0.213640 -0.854270 0.077092
0.216203 -0.832480 -0.000107
0.061790 -0.962892 0.143218
0.240898 -1.095257 0.188022
0.341147 -0.859166 0.187858
0.295066 -0.825670 0.143258
0.266609 -0.933718 0.187844
0.231701 -0.890066 0.143128
0.173988 -0.987509 0.187866
0.205214 -1.042597 0.203952
0.312157 -0.979271 0.203941
0.398001 -0.892328 0.203870
0.152212 -0.936807 0.143135
0.068846 -1.017003 0.187927
0.457350 -0.921703 0.187869
0.338581 -0.748006 0.143482
0.303242 -0.726094 0.077952
0.359750 -0.663254 0.143594
0.392898 -0.769490 0.187783
0.457302 -0.788456 0.203549
0.480503 -0.563103 0.201491
0.564876 -0.372235 0.073002
-0.215856 -0.026434 0.244485
-0.127242 0.265845 0.195431
-0.079739 0.186528 0.238090
-0.011271 0.253301 0.199180
-0.620734 0.809923 0.076261
-0.446522 1.071320 0.077371
-0.150888 1.219540 0.077331
-0.186329 1.210960 -0.077215
-0.174151 -0.987646 -0.187887
-0.152380 -0.936950 -0.143168
-0.205361 -1.042724 -0.203954
-0.083838 -1.077765 -0.203982
-0.521932 -0.802783 -0.187662
-0.241031 -1.095383 -0.188005
-0.312444 -0.979485 -0.203935
-0.322084 0.391547 0.186455
-0.330137 0.498595 0.142290
-0.587515 -0.758222 0.142770
-0.443503 0.077806 0.080980
-0.543198 -0.332555 0.077107
-0.471925 -1.047267 0.077206
-0.379250 -0.794770 0.187169
-0.406120 -0.700183 0.185836
-0.350040 -0.691878 0.141327
-0.312231 -0.617279 0.074454
-0.324993 -0.522958 0.138802
-0.255965 -0.474135 0.072498
-0.233201 -0.440359 -0.078640
0.103472 -1.137162 0.188007
-0.533752 0.611144 -0.185248
-0.501284 0.488274 -0.184570
-0.501896 0.350052 -0.142728
-0.294419 0.056798 -0.215300
-0.224449 0.088382 0.239790
-0.308541 0.050987 0.205524
-0.409578 0.299049 0.189735
0.019443 0.182169 -0.239359
0.213409 0.023178 -0.243838
-0.119986 -0.103447 -0.254292
-0.213409 -0.023178 -0.243838
-0.213843 -0.854397 -0.077104
-0.413641 -0.571720 -0.187111
-0.393027 -0.769436 -0.187843
-0.309740 -0.572846 -0.078815
0.186395 1.211038 0.077245
-0.267717 0.795777 0.077393
-0.216203 0.832480 -0.000107
-0.315276 0.619824 -0.073671
-0.329603 0.526694 -0.138038
-0.239075 0.829813 -0.077281
-0.262268 0.477152 -0.071877
0.000020 0.916298 -0.000010
0.467673 0.603861 0.200693
-0.032924 0.310318 0.142189
0.062129 0.316414 0.142616
0.206374 0.438160 -0.003859
0.133899 0.377705 0.072639
-0.149355 0.341510 -0.142098
-0.032839 -0.966659 0.143335
-0.186395 -1.211038 0.077245
0.379281 -0.794687 -0.187077
0.325972 -0.773891 -0.142419
0.323733 -0.879551 -0.187904
0.277072 -0.846783 -0.143262
0.285268 -0.766558 -0.076556
0.264145 -0.774425 0.000410
0.311025 -0.695117 -0.075243
0.293413 -0.706993 0.001344
0.351352 -0.693185 -0.140861
0.356934 -0.578283 0.143253
0.302690 -0.634643 0.002515
0.318626 -0.650305 0.078634
0.239075 -0.829813 -0.077281
0.175873 -0.880807 -0.077485
0.208237 -0.906413 -0.143506
0.298325 -0.545281 -0.072407
-0.019443 -0.182169 -0.239359
0.372702 -0.922004 -0.203911
-0.061860 -0.962977 -0.143244
0.167756 -1.056822 -0.204059
-0.095194 -0.263169 0.198507
-0.442901 -0.367468 0.188907
-0.467673 -0.603861 0.200693
-0.222038 -0.136048 0.239140
-0.045500 -0.183017 0.239805
0.233201 0.440359 -0.078640
0.095194 0.263169 0.198507
0.126461 0.105370 0.256345
0.215856 0.026434 0.244485
0.204984 0.365221 -0.141233
-0.379335 0.510876 -0.183001
-0.439341 0.498492 -0.199713
-0.469459 0.605987 -0.200097
-0.446307 0.373648 -0.188311
-0.286106 0.449535 -0.138868
0.018443 -0.929720 -0.077292
0.267717 -0.795777 0.077393
0.152856 -0.877550 -0.000234
0.083796 -1.077706 0.203975
0.045500 0.183017 0.239805
-0.457137 -0.788129 -0.203761
