0.542192 -0.944823 -0.075465
0.606486 -0.819004 -0.000797
0.546440 -0.966452 -0.000179
0.465913 -0.433589 0.181201
0.342738 -0.351383 0.200934
0.417084 -0.463572 0.196818
0.552547 -0.832303 0.138928
0.579046 -0.689497 0.137561
0.525972 -0.693926 0.181574
0.403466 0.076380 0.106989
0.422384 -0.079801 0.079005
0.440357 -0.005179 -0.000015
0.354053 0.002264 0.154977
0.385747 -0.134508 0.142234
0.480475 -0.197653 -0.001448
-0.604058 0.649625 -0.075857
-0.595537 0.511979 -0.002438
-0.622292 0.665115 -0.001671
-0.595054 0.799865 -0.075685
-0.560062 -0.542531 -0.137084
-0.588978 -0.525062 -0.072664
-0.509367 -0.403074 -0.136175
-0.620670 -0.663162 0.001080
-0.593362 -0.508174 0.001736
-0.472720 -0.225020 -0.072557
-0.538969 -0.351425 0.001856
-0.478963 -0.188807 0.001181
-0.404914 0.085698 -0.106857
-0.422385 -0.070537 -0.079131
-0.440357 0.005179 -0.000015
-0.387495 -0.130982 -0.141638
-0.589956 -0.829529 -0.074853
-0.576629 -0.686739 -0.138399
-0.551421 -0.831152 -0.139373
-0.466267 -0.431495 -0.180575
-0.296756 -0.066226 -0.198720
-0.334758 -0.188931 -0.187904
-0.228322 -0.326305 -0.182356
-0.348740 -0.355413 -0.197728
-0.258336 -0.250979 -0.206003
-0.134507 -0.278795 -0.186787
0.180671 1.201760 0.139822
0.031210 1.229440 0.139839
0.039077 1.174200 0.183421
0.317502 1.136300 0.139806
0.324867 1.176250 0.075329
0.432023 1.037550 0.139774
0.296756 1.084310 0.183433
0.507620 0.755231 0.182168
0.470954 0.880249 0.182976
0.417029 0.845817 0.198353
0.562679 0.635312 0.138720
0.559538 0.777664 0.139288
0.542070 0.944935 0.075377
0.515268 0.914618 0.139642
0.594563 0.799590 0.075453
0.398585 0.992816 0.183340
0.267014 1.027800 0.199095
0.233018 0.973770 0.183520
0.141079 1.023000 0.183505
0.118985 0.971800 0.139950
0.355160 0.946007 0.198933
0.308497 0.902405 0.183310
-0.297885 0.589262 0.077176
-0.342619 0.680261 0.140092
-0.339937 0.593111 0.139759
-0.515476 0.562829 0.180435
-0.579046 0.689497 0.137561
-0.562715 0.546578 0.136319
-0.552547 0.832303 0.138928
-0.497736 0.824140 0.182743
-0.487299 0.966578 0.139675
-0.462885 0.693466 0.197762
-0.435526 0.808673 0.198584
-0.229427 1.123340 0.183436
-0.297292 1.004380 0.198967
-0.195442 1.069330 0.198978
-0.344095 1.047820 0.183435
-0.120614 1.217560 0.139869
-0.098545 1.166320 0.183421
-0.079806 1.105340 0.199000
0.041439 1.110420 0.199040
-0.165703 1.012830 0.183284
-0.065568 1.043080 0.183343
-0.143757 -1.250880 -0.075421
-0.000018 -1.281150 0.000009
-0.164256 -1.259820 -0.000036
0.199151 -0.431555 -0.070284
0.214458 -0.395746 -0.137223
0.249779 -0.489387 -0.070124
0.404914 -0.085698 -0.106857
0.348742 -0.142258 -0.176379
0.355041 -0.005314 -0.154855
0.414566 -0.239432 -0.150410
0.281717 -0.184661 -0.216361
0.358496 -0.278345 -0.195777
0.272482 -0.461062 -0.135481
0.246800 -0.350774 -0.187318
0.164532 -0.294798 -0.192912
0.200461 -0.218732 -0.226989
0.313526 -0.432192 -0.181214
0.431884 -1.037260 -0.139761
0.317393 -1.136140 -0.139774
0.296642 -1.084130 -0.183414
0.507757 -0.755171 -0.182086
0.416903 -0.845479 -0.198309
0.447771 -0.734963 -0.196937
0.470776 -0.879794 -0.182975
0.563417 -0.636336 -0.138723
0.559707 -0.777577 -0.139369
0.591617 -0.529322 0.071833
0.622292 -0.665115 -0.001671
0.595537 -0.511979 -0.002438
0.595054 -0.799865 -0.075685
0.591175 -0.830690 0.074401
0.613209 -0.679498 0.073108
0.562715 -0.546578 0.136319
0.120658 1.217620 -0.139852
0.264119 1.167400 -0.139881
0.229553 1.123470 -0.183420
0.344297 1.048000 -0.183423
0.297566 1.004600 -0.198961
0.195582 1.069460 -0.198980
0.551421 0.831152 -0.139373
0.497078 0.823367 -0.183085
0.487088 0.966390 -0.139797
0.589956 0.829529 -0.074853
0.576629 0.686739 -0.138399
0.526248 0.973980 -0.075339
0.447134 1.096280 -0.000083
0.546138 0.966325 0.000052
0.425304 1.098900 -0.075475
0.610987 0.676907 -0.073876
0.620670 0.663161 0.001080
0.588978 0.525062 -0.072664
0.605571 0.818228 0.000436
0.572025 0.495706 0.075368
0.538969 0.351425 0.001856
0.593362 0.508174 0.001736
0.603054 0.648343 0.075521
0.120401 -0.334355 0.138067
0.200457 -0.376029 0.137782
0.223645 -0.321281 0.185554
-0.161943 -0.401929 -0.075715
-0.067467 -0.379182 -0.002245
-0.136283 -0.406093 -0.003363
-0.015816 -0.356493 -0.072918
0.077822 -0.380230 0.001124
0.005383 -0.370389 -0.000677
0.024895 -0.357082 0.072105
0.101068 -0.371098 0.073310
0.170575 -0.404633 0.074753
0.229102 -0.224883 0.217127
0.309517 0.536367 0.135417
0.332545 0.622023 0.136474
0.297363 0.633107 0.072638
0.357464 0.519593 0.179275
0.311394 0.430302 0.180577
0.268207 0.459005 0.135381
0.250664 0.356122 0.184172
0.302233 0.315461 0.205722
0.348378 0.138895 0.175953
0.411946 0.231351 0.150755
0.288481 0.195020 0.212801
0.358043 0.274572 0.195021
0.365177 0.403172 0.198628
0.415132 0.506659 0.195645
0.456943 0.191290 0.079802
0.478963 0.188807 0.001181
0.529944 0.491907 0.138119
0.472720 0.225020 -0.072557
0.165858 1.012970 -0.183304
0.145124 0.960974 -0.139676
0.065621 1.043150 -0.183361
0.322466 0.767094 -0.139883
0.281273 0.846969 -0.139717
0.325267 0.881419 -0.183269
0.302069 0.665981 -0.076363
0.274007 0.574700 -0.002833
0.286035 0.649145 -0.001857
0.278488 0.724186 -0.000946
0.288360 0.744268 -0.075809
0.255003 0.816119 -0.075414
0.388939 1.081500 -0.139896
0.294946 1.193670 -0.075463
0.435613 0.945323 -0.183366
0.435369 0.808337 -0.198791
0.374311 0.789165 -0.183261
0.523961 0.691620 -0.182329
0.512830 0.559275 -0.181209
0.454958 0.574443 -0.197428
0.560062 0.542531 -0.137084
0.509367 0.403074 -0.136175
0.466267 0.431495 -0.180575
0.444084 0.267102 -0.136798
0.387495 0.130982 -0.141638
0.334758 0.188931 -0.187904
0.131300 0.200931 -0.223422
0.258336 0.250979 -0.206003
0.223561 0.136267 -0.224801
0.228322 0.326305 -0.182356
0.348740 0.355413 -0.197727
0.134507 0.278795 -0.186787
0.296756 0.066226 -0.198720
0.526603 -0.974233 0.075195
0.447101 -1.096150 0.000091
0.487299 -0.966578 0.139675
0.425259 -1.098790 0.075484
0.388829 -1.081370 0.139907
0.264008 -1.167270 0.139910
0.294843 -1.193530 0.075500
0.344095 -1.047820 0.183435
0.497736 -0.824140 0.182743
0.462885 -0.693467 0.197762
0.515476 -0.562829 0.180435
0.509978 -0.407279 0.136273
0.573657 -0.498984 -0.075651
0.541187 -0.357666 -0.002437
0.473892 -0.232939 0.072196
0.442443 -0.271088 0.137598
0.326318 -0.179644 0.191813
0.390074 -0.306717 0.185107
0.213761 -0.090648 0.233941
0.107788 -0.102596 0.253172
0.110847 0.004183 0.258797
0.293849 -0.052294 0.200511
0.531685 -0.495288 -0.137860
0.458981 -0.200239 -0.079591
0.422385 0.070537 -0.079131
-0.542192 0.944823 -0.075465
-0.606486 0.819004 -0.000797
-0.546440 0.966452 -0.000179
-0.613209 0.679498 0.073108
-0.431884 1.037260 -0.139761
-0.317393 1.136140 -0.139774
-0.296642 1.084130 -0.183414
-0.180618 1.201690 -0.139798
-0.324763 1.176090 -0.075291
-0.449379 1.073910 -0.075312
-0.447101 1.096150 0.000091
-0.526603 0.974233 0.075195
-0.316768 1.196890 0.000117
-0.294843 1.193530 0.075500
-0.164193 1.259740 0.000064
0.039065 -1.174200 -0.183414
0.031188 -1.229430 -0.139826
-0.098582 -1.166370 -0.183415
-0.344297 -1.048000 -0.183423
-0.435613 -0.945323 -0.183366
-0.379319 -0.915363 -0.198931
-0.264119 -1.167400 -0.139881
-0.388939 -1.081500 -0.139896
-0.525972 0.693926 0.181574
-0.457622 0.577542 0.196577
-0.417084 0.463572 0.196818
-0.365691 0.492460 0.180958
-0.396334 0.588752 0.181835
-0.507620 -0.755231 0.182168
-0.470954 -0.880249 0.182976
-0.417029 -0.845817 0.198353
-0.603054 -0.648343 0.075521
-0.594563 -0.799590 0.075453
-0.456943 -0.191290 0.079802
-0.403466 -0.076380 0.106989
-0.411946 -0.231351 0.150755
-0.572025 -0.495706 0.075368
-0.562679 -0.635312 0.138720
-0.529944 -0.491907 0.138119
-0.264017 -0.868705 0.139759
-0.227807 -0.851226 0.075389
-0.310248 -0.793559 0.139075
-0.095855 -0.938583 0.075518
-0.198449 -0.929835 0.139976
-0.118985 -0.971800 0.139950
-0.308497 -0.902405 0.183310
-0.233018 -0.973770 0.183520
-0.267014 -1.027800 0.199095
-0.141079 -1.023000 0.183505
-0.116837 -0.334897 -0.137416
-0.195223 -0.374586 -0.137788
-0.267726 -0.514581 -0.077088
-0.196547 -0.449395 -0.003765
-0.243565 -0.506612 -0.003539
-0.127523 -0.387390 0.070867
-0.192218 -0.429091 0.070589
-0.542070 -0.944935 0.075377
-0.515268 -0.914618 0.139642
-0.432023 -1.037550 0.139774
-0.180671 -1.201760 0.139822
-0.031210 -1.229440 0.139839
-0.039077 -1.174200 0.183421
-0.317502 -1.136300 0.139806
-0.296756 -1.084310 0.183433
-0.398585 -0.992816 0.183340
-0.355160 -0.946007 0.198933
-0.414566 0.239432 -0.150410
-0.348742 0.142258 -0.176379
-0.281717 0.184661 -0.216361
-0.200461 0.218732 -0.226989
-0.197125 0.092345 -0.241460
-0.223645 0.321281 0.185554
-0.342738 0.351383 0.200934
-0.229102 0.224883 0.217127
-0.465913 0.433590 0.181201
-0.509978 0.407279 0.136273
-0.591617 0.529322 0.071833
-0.537977 0.381779 0.071221
-0.442443 0.271088 0.137598
-0.385747 0.134508 0.142234
-0.326318 0.179644 0.191813
-0.473892 0.232939 0.072196
-0.458981 0.200239 -0.079591
-0.480475 0.197653 -0.001448
-0.519419 0.347214 -0.075248
-0.563417 0.636336 -0.138723
-0.573657 0.498984 -0.075651
-0.531685 0.495287 -0.137860
-0.515195 0.914267 -0.139684
-0.559707 0.777577 -0.139369
-0.470776 0.879794 -0.182975
-0.507757 0.755171 -0.182086
-0.541187 0.357666 -0.002437
-0.444084 -0.267102 -0.136798
-0.535846 -0.375722 -0.071836
-0.605571 -0.818228 0.000436
-0.546138 -0.966325 0.000052
-0.610987 -0.676907 -0.073876
-0.355041 0.005314 -0.154855
-0.487088 -0.966390 -0.139797
-0.425304 -1.098900 -0.075475
-0.316871 -1.197040 -0.000077
-0.447134 -1.096280 -0.000083
-0.294946 -1.193670 -0.075463
-0.526248 -0.973980 -0.075339
0.114272 0.106100 -0.248090
0.104171 0.003115 -0.259602
0.005320 0.098234 -0.258450
0.100987 -0.101965 -0.256103
0.197125 -0.092345 -0.241460
-0.131300 -0.200931 -0.223422
-0.223561 -0.136267 -0.224801
-0.100987 0.101965 -0.256103
-0.104171 -0.003115 -0.259602
0.000000 0.000000 -0.266768
-0.005320 -0.098234 -0.258450
-0.523961 -0.691620 -0.182329
-0.454958 -0.574443 -0.197428
-0.461592 -0.691921 -0.198326
-0.397276 -0.309643 -0.181887
-0.512830 -0.559275 -0.181209
-0.261215 -0.434702 -0.138690
-0.310082 -0.508425 -0.139544
-0.362148 -0.489174 -0.181712
-0.305212 -0.400666 -0.181290
-0.415727 -0.461270 -0.196772
0.061437 -0.363530 -0.071812
-0.255003 -0.816119 -0.075414
-0.278488 -0.724186 -0.000946
-0.251391 -0.794031 -0.000270
-0.294914 -0.711597 0.073864
-0.288360 -0.744268 -0.075809
-0.286035 -0.649145 -0.001857
-0.302069 -0.665981 -0.076363
-0.322466 -0.767094 -0.139883
-0.281273 -0.846969 -0.139717
-0.220927 -0.913070 -0.139649
-0.254209 -0.957879 -0.183268
-0.325267 -0.881419 -0.183269
-0.341855 -0.679618 -0.140062
-0.337655 -0.591429 -0.140033
-0.398037 -0.688205 -0.183102
-0.274007 -0.574700 -0.002833
-0.279510 -0.555945 0.071467
0.449452 1.074120 0.075323
0.164256 1.259820 -0.000036
0.316871 1.197040 -0.000077
-0.031188 1.229430 -0.139826
-0.039065 1.174200 -0.183414
0.098582 1.166370 -0.183415
0.079846 1.105400 -0.199007
-0.041430 1.110420 -0.199040
-0.173952 1.146180 -0.183417
-0.159768 1.083920 -0.199082
-0.296214 0.712940 -0.073408
-0.271684 0.786213 -0.074689
-0.251567 0.794282 0.000400
-0.263878 0.868495 -0.139768
-0.198321 0.929654 -0.140006
-0.167498 0.903392 -0.075595
-0.310450 0.793734 -0.138945
-0.361220 0.815064 -0.182514
-0.232897 0.973583 -0.183537
-0.308317 0.902104 -0.183321
-0.354954 0.945645 -0.198938
-0.416903 0.845479 -0.198309
-0.447771 0.734963 -0.196937
-0.398393 0.992458 -0.183334
-0.284119 0.559263 -0.070641
-0.288276 0.650916 0.002454
-0.277948 0.577213 0.003537
-0.249330 0.509457 0.004066
-0.303453 0.666979 0.076716
-0.288802 0.744712 0.076051
-0.279441 0.725121 0.001311
-0.266899 1.027610 -0.199094
-0.141040 1.022950 -0.183512
-0.075248 0.929573 -0.000154
-0.145577 0.900051 -0.000228
-0.095791 0.938504 -0.075543
-0.118935 0.971736 -0.139968
-0.031250 0.991469 -0.139853
-0.017565 0.953559 -0.075407
0.251391 0.794031 -0.000270
0.271409 0.785899 0.074838
0.206046 0.853934 0.000096
0.220927 0.913070 -0.139649
0.203660 0.876305 -0.075223
0.137756 0.921022 -0.075205
0.167634 0.903564 0.075558
0.075323 0.929666 0.000125
0.145727 0.900216 0.000187
0.017554 1.267380 0.075397
0.000018 1.281150 0.000009
-0.264008 1.167270 0.139910
-0.388829 1.081370 0.139907
0.173995 1.146240 0.183434
0.447360 0.734606 0.197168
0.507318 0.625411 0.181057
0.474896 0.496715 0.180744
0.264017 0.868705 0.139759
0.227807 0.851226 0.075389
0.310248 0.793559 0.139075
0.333371 0.709618 0.137880
0.386781 0.718136 0.181303
0.294914 0.711597 0.073864
0.095855 0.938583 0.075518
0.017600 0.953543 0.075389
0.198449 0.929835 0.139976
0.031275 0.991445 0.139839
0.039123 1.046650 0.183424
-0.058848 0.987582 0.139725
0.159803 1.083970 0.199088
-0.253913 0.957660 0.183262
-0.324902 0.881196 0.183276
-0.281015 0.846841 0.139764
-0.220668 0.912888 0.139637
-0.120401 0.334355 0.138067
-0.200457 0.376029 0.137782
-0.101068 0.371098 0.073310
-0.061437 0.363530 -0.071812
-0.145501 0.408032 0.002776
-0.077822 0.380230 0.001124
-0.005383 0.370389 -0.000677
-0.170575 0.404633 0.074753
-0.229123 0.454541 0.076089
-0.266904 0.437935 0.137930
-0.135000 0.389009 -0.070914
-0.058695 0.324934 -0.139114
-0.272601 0.517023 0.076990
-0.204125 0.451993 0.003795
-0.199151 0.431555 -0.070284
-0.398789 0.689086 0.182801
-0.374189 0.789220 0.183203
-0.322458 0.767186 0.139982
-0.435571 0.945336 0.183287
-0.379049 0.915208 0.198898
-0.061973 0.947292 0.075251
-0.137599 0.920869 0.075166
-0.144964 0.960828 0.139644
-0.203467 0.876174 0.075212
-0.120658 -1.217620 -0.139852
0.017521 -1.267370 -0.075379
0.164193 -1.259740 0.000064
0.177456 -1.242010 -0.075332
0.316768 -1.196890 0.000117
0.324763 -1.176090 -0.075291
-0.173995 -1.146240 0.183434
-0.041439 -1.110420 0.199040
-0.159803 -1.083970 0.199088
-0.039123 -1.046650 0.183424
-0.017554 -1.267380 0.075397
0.120614 -1.217560 0.139869
0.143703 -1.250810 0.075445
-0.324867 -1.176250 0.075329
0.145501 -0.408032 0.002776
0.135000 -0.389009 -0.070914
0.058695 -0.324934 -0.139114
0.204125 -0.451993 0.003795
0.142243 -0.350267 -0.138632
0.070467 -0.267636 -0.194957
0.249330 -0.509457 0.004066
0.277948 -0.577213 0.003537
0.297885 -0.589262 0.077176
0.272601 -0.517023 0.076990
0.313908 -0.540199 -0.134671
0.335553 -0.625119 -0.135642
0.300263 -0.635717 -0.071874
0.280399 -0.058254 -0.210049
0.519419 -0.347214 -0.075248
0.477996 -0.359028 -0.139247
0.477413 -0.500794 -0.180068
0.425054 -0.383229 -0.183718
0.418420 -0.511274 -0.194842
0.367485 -0.407429 -0.198747
0.297555 -0.311467 -0.208848
0.508335 -0.626814 -0.180730
0.447104 -0.621525 -0.195217
0.387112 -0.620589 -0.179123
0.387631 -0.719048 -0.180943
0.361271 -0.523975 -0.178538
-0.030259 -0.319054 -0.138244
-0.031041 -0.261554 -0.192630
0.089851 -0.194371 -0.234837
0.515195 -0.914267 -0.139684
0.398393 -0.992458 -0.183334
0.266899 -1.027610 -0.199094
-0.065621 -1.043150 -0.183361
0.039110 -1.046670 -0.183431
0.041430 -1.110420 -0.199040
0.118935 -0.971736 -0.139968
0.141040 -1.022950 -0.183512
0.031250 -0.991469 -0.139853
0.232896 -0.973583 -0.183537
0.180618 -1.201690 -0.139798
0.173952 -1.146180 -0.183417
0.449379 -1.073910 -0.075312
0.604058 -0.649625 -0.075857
-0.017521 1.267370 -0.075379
0.143757 1.250880 -0.075421
0.379319 0.915363 -0.198931
0.254209 0.957879 -0.183268
0.475204 0.352556 0.139787
0.517331 0.341082 0.075226
0.535846 0.375722 -0.071836
0.266904 -0.437935 0.137930
0.314416 -0.511379 0.138820
0.365691 -0.492460 0.180958
0.229123 -0.454541 0.076089
0.121183 -0.272662 0.190664
-0.053227 -0.363041 0.071338
-0.059170 -0.324527 0.139138
0.010734 -0.259796 0.194322
0.031356 -0.318275 0.138721
0.396334 -0.588752 0.181835
0.398789 -0.689086 0.182801
0.306747 -0.401587 0.181907
-0.141394 -0.350419 0.138127
-0.211446 -0.395825 0.136452
-0.177332 -0.301930 0.189249
-0.091770 -0.369373 -0.074295
-0.474896 -0.496715 0.180744
-0.475204 -0.352556 0.139787
-0.447360 -0.734606 0.197168
-0.384618 -0.617691 0.179880
-0.332545 -0.622023 0.136474
-0.357464 -0.519593 0.179275
-0.415132 -0.506659 0.195645
-0.348378 -0.138895 0.175953
-0.354053 -0.002264 0.154977
-0.282601 -0.072486 0.208914
-0.288481 -0.195020 0.212801
-0.358043 -0.274572 0.195021
-0.302233 -0.315461 0.205722
-0.365177 -0.403172 0.198628
-0.311394 -0.430302 0.180577
-0.507318 -0.625411 0.181057
-0.268207 -0.459005 0.135381
-0.250664 -0.356122 0.184172
-0.229196 -0.248813 0.216239
-0.144574 -0.206252 0.227252
0.000000 0.000000 0.266253
0.011590 0.099046 0.258078
-0.107788 0.102596 0.253172
-0.110847 -0.004183 0.258797
-0.011590 -0.099046 0.258078
-0.120439 -0.108072 0.250093
0.075942 -0.191311 0.232283
0.361190 0.815149 0.182604
0.384618 0.617691 0.179880
-0.024895 0.357082 0.072105
0.161943 0.401929 -0.075715
0.067467 0.379182 -0.002245
0.136283 0.406093 -0.003363
0.091770 0.369373 -0.074295
0.053227 0.363041 0.071338
0.243776 0.486292 0.070730
0.243565 0.506612 -0.003539
0.192218 0.429091 0.070589
0.294990 0.587534 -0.076893
0.267726 0.514581 -0.077088
0.337655 0.591429 -0.140033
0.279510 0.555945 0.071467
0.211446 0.395825 0.136452
0.141394 0.350419 0.138127
0.177332 0.301930 0.189249
0.211465 0.139536 0.233307
0.229196 0.248813 0.216239
0.144574 0.206252 0.227252
0.282601 0.072486 0.208914
0.421810 0.376890 0.184300
0.116837 0.334897 -0.137416
0.030259 0.319054 -0.138244
0.015816 0.356493 -0.072918
0.058914 0.987669 -0.139750
0.062049 0.947389 -0.075280
-0.039110 1.046670 -0.183431
0.398037 0.688205 -0.183102
0.393944 0.586380 -0.182547
0.341855 0.679618 -0.140062
0.461592 0.691921 -0.198326
0.305212 0.400666 -0.181290
0.310082 0.508425 -0.139544
0.362148 0.489174 -0.181712
0.261215 0.434702 -0.138690
0.415727 0.461270 -0.196773
0.397276 0.309643 -0.181887
-0.334621 0.710959 -0.137425
-0.335553 0.625119 -0.135642
-0.387112 0.620589 -0.179123
-0.387631 0.719048 -0.180943
-0.164532 0.294798 -0.192912
-0.246800 0.350774 -0.187318
-0.214458 0.395746 -0.137223
-0.358496 0.278345 -0.195777
-0.297555 0.311468 -0.208848
-0.367485 0.407429 -0.198747
-0.313526 0.432192 -0.181214
0.031041 0.261554 -0.192630
-0.070467 0.267636 -0.194957
-0.089851 0.194371 -0.234837
-0.137756 -0.921022 -0.075205
-0.145727 -0.900216 0.000187
-0.062049 -0.947389 -0.075280
0.095791 -0.938504 -0.075543
-0.000019 -0.939793 -0.000010
0.075248 -0.929573 -0.000154
-0.206046 -0.853934 0.000096
-0.271409 -0.785899 0.074838
-0.075323 -0.929666 0.000125
-0.167634 -0.903564 0.075558
-0.017600 -0.953543 0.075389
0.061973 -0.947292 0.075251
0.137599 -0.920869 0.075166
0.203467 -0.876174 0.075212
0.205908 -0.853826 -0.000104
0.058848 -0.987582 0.139725
0.229427 -1.123340 0.183436
0.324902 -0.881196 0.183276
0.281015 -0.846841 0.139764
0.253913 -0.957660 0.183262
0.220668 -0.912888 0.139637
0.165703 -1.012830 0.183284
0.195442 -1.069330 0.198978
0.297292 -1.004380 0.198967
0.379049 -0.915208 0.198898
0.144964 -0.960828 0.139644
0.065568 -1.043080 0.183343
0.435571 -0.945336 0.183287
0.322458 -0.767186 0.139982
0.288802 -0.744712 0.076051
0.342619 -0.680261 0.140092
0.374189 -0.789220 0.183203
0.435526 -0.808673 0.198584
0.457622 -0.577542 0.196577
0.537977 -0.381779 0.071221
-0.205577 -0.027112 0.238522
-0.121183 0.272662 0.190664
-0.075942 0.191311 0.232283
-0.010734 0.259796 0.194322
-0.591175 0.830690 0.074401
-0.425259 1.098790 0.075484
-0.143703 1.250810 0.075445
-0.177456 1.242010 -0.075332
-0.165858 -1.012970 -0.183304
-0.145124 -0.960974 -0.139676
-0.195582 -1.069460 -0.198980
-0.079846 -1.105400 -0.199007
-0.497078 -0.823367 -0.183085
-0.229553 -1.123470 -0.183420
-0.297566 -1.004600 -0.198961
-0.306747 0.401587 0.181907
-0.314416 0.511379 0.138820
-0.559538 -0.777664 0.139288
-0.422384 0.079801 0.079005
-0.517331 -0.341082 0.075226
-0.449452 -1.074120 0.075323
-0.361190 -0.815149 0.182604
-0.386781 -0.718136 0.181303
-0.333371 -0.709618 0.137880
-0.297363 -0.633107 0.072638
-0.309517 -0.536367 0.135417
-0.243776 -0.486292 0.070730
-0.222096 -0.451650 -0.076722
0.098545 -1.166320 0.183421
-0.508335 0.626814 -0.180730
-0.477413 0.500794 -0.180068
-0.477996 0.359028 -0.139247
-0.280399 0.058254 -0.210049
-0.213761 0.090648 0.233941
-0.293849 0.052294 0.200511
-0.390074 0.306717 0.185107
0.018517 0.186840 -0.233521
0.203247 0.023772 -0.237891
-0.114272 -0.106100 -0.248090
-0.203247 -0.023772 -0.237891
-0.203660 -0.876305 -0.075223
-0.393944 -0.586380 -0.182547
-0.374311 -0.789165 -0.183261
-0.294990 -0.587534 -0.076893
0.177519 1.242090 0.075361
-0.254969 0.816182 0.075505
-0.205908 0.853826 -0.000104
-0.300263 0.635717 -0.071874
-0.313908 0.540199 -0.134671
-0.227690 0.851090 -0.075396
-0.249779 0.489387 -0.070124
0.000019 0.939793 -0.000010
0.445403 0.619345 0.195798
-0.031356 0.318275 0.138721
0.059170 0.324527 0.139138
0.196547 0.449395 -0.003765
0.127523 0.387390 0.070867
-0.142243 0.350267 -0.138632
-0.031275 -0.991445 0.139839
-0.177519 -1.242090 0.075361
0.361220 -0.815064 -0.182514
0.310450 -0.793734 -0.138945
0.308317 -0.902104 -0.183321
0.263878 -0.868495 -0.139768
0.271684 -0.786213 -0.074689
0.251567 -0.794282 0.000400
0.296214 -0.712940 -0.073408
0.279441 -0.725121 0.001311
0.334621 -0.710959 -0.137425
0.339937 -0.593111 0.139759
0.288276 -0.650916 0.002454
0.303453 -0.666979 0.076716
0.227690 -0.851090 -0.075396
0.167498 -0.903392 -0.075595
0.198321 -0.929654 -0.140006
0.284119 -0.559263 -0.070641
-0.018517 -0.186840 -0.233521
0.354954 -0.945645 -0.198938
-0.058914 -0.987669 -0.139750
0.159768 -1.083920 -0.199082
-0.090661 -0.269917 0.193665
-0.421810 -0.376890 0.184300
-0.445403 -0.619345 0.195798
-0.211465 -0.139536 0.233307
-0.043333 -0.187710 0.233956
0.222096 0.451650 -0.076722
0.090661 0.269917 0.193665
0.120439 0.108072 0.250093
0.205577 0.027112 0.238522
0.195223 0.374586 -0.137788
-0.361271 0.523975 -0.178538
-0.418420 0.511274 -0.194842
-0.447104 0.621525 -0.195217
-0.425054 0.383229 -0.183718
-0.272482 0.461062 -0.135481
0.017565 -0.953559 -0.075407
0.254969 -0.816182 0.075505
0.145577 -0.900051 -0.000228
0.079806 -1.105340 0.199000
0.043333 0.187710 0.233956
-0.435369 -0.808337 -0.198791
