0.521962
0.515760
0.509494
0.515180
0.521367
0.509476
0.515711
0.521694
0.509550
0.521758
0.515560
0.515567
0.509585
0.515599
0.521655
0.509489
0.521764
0.515507
0.509459
0.521792
0.509431
0.521289
0.509274
0.521749
0.509678
0.521934
0.509626
0.521614
0.515499
0.509415
0.521644
0.509593
0.521743
0.515591
0.509581
0.521699
0.509552
0.521783
0.509582
0.515544
0.521676
0.509567
0.521625
0.515540
0.509608
0.521720
0.515264
0.509243
0.515574
0.515725
0.521915
0.515768
0.509565
0.521607
0.509449
0.521634
0.509550
0.521705
0.509552
0.515643
0.521675
0.509523
0.515647
0.521784
0.515560
0.509500
0.521755
0.509547
0.521705
0.509570
0.521644
0.509440
0.521607
0.509582
0.521910
0.509802
0.521865
0.515592
0.509255
0.521376
0.515385
0.515569
0.509480
0.521630
0.509577
0.521699
0.509552
0.521783
0.509592
0.515563
0.521704
0.509582
0.515574
0.515561
0.521777
0.515661
0.515251
0.515231
0.509538
0.515785
0.764633
0.760977
0.757497
0.760473
0.764307
0.757047
0.761045
0.764188
0.757485
0.764423
0.760573
0.760676
0.757490
0.760667
0.764340
0.757218
0.764238
0.760742
0.757312
0.764534
0.757294
0.763982
0.757303
0.764053
0.757462
0.764826
0.757306
0.764448
0.760520
0.757180
0.764462
0.757143
0.764484
0.760787
0.757204
0.764403
0.756968
0.764520
0.757157
0.760825
0.764251
0.757202
0.764467
0.760763
0.757172
0.764224
0.760545
0.757168
0.760950
0.760842
0.764819
0.760995
0.757074
0.764173
0.757371
0.764157
0.757527
0.764131
0.757262
0.761074
0.764080
0.757361
0.760694
0.764524
0.760645
0.757216
0.764240
0.757448
0.764172
0.757280
0.764404
0.757188
0.764153
0.757094
0.764670
0.757417
0.764506
0.760956
0.756953
0.764309
0.760557
0.760790
0.757208
0.764458
0.757214
0.764403
0.756971
0.764336
0.757352
0.760646
0.764404
0.757390
0.760611
0.760805
0.764507
0.760576
0.760533
0.760825
0.757084
0.761018
1.000274
1.000114
0.999820
0.999955
1.000187
0.999934
0.999718
0.999702
0.999930
1.000098
0.999914
0.999689
1.000054
1.000017
0.999632
0.999965
1.000115
0.999857
0.999711
0.999733
1.000011
1.000164
0.999962
0.999783
1.000175
1.000311
1.000150
0.999809
0.999988
1.000219
0.999896
0.999729
0.999767
0.999910
1.000156
0.999971
0.999683
1.000060
1.000018
0.999746
0.999971
1.000108
0.999953
0.999731
0.999712
0.999852
1.000267
1.000003
0.999799
1.000143
1.000322
1.000218
0.999782
0.999889
1.000145
0.999800
0.999735
0.999822
0.999921
1.000098
0.999900
0.999711
1.000045
1.000015
0.999740
0.999986
1.000108
0.999817
0.999797
0.999757
0.999948
1.000286
0.999861
0.999792
1.000176
1.000261
1.000163
0.999824
0.999980
1.000227
0.999933
0.999797
0.999789
0.999879
1.000137
0.999951
0.999709
0.999994
1.000070
0.999735
0.999949
1.000136
0.999828
0.999823
0.999783
0.999894
1.000158
0.999928
0.999766
1.000183
0.999811
0.999763
0.999502
0.999673
0.999851
0.999739
0.999617
0.999499
0.999662
0.999772
0.999807
0.999599
0.999582
0.999759
0.999655
0.999835
0.999930
0.999720
0.999521
0.999727
0.999658
0.999774
0.999607
0.999491
0.999756
0.999844
0.999723
0.999515
0.999631
0.999798
0.999609
0.999609
0.999561
0.999632
0.999851
0.999769
0.999562
0.999669
0.999654
0.999631
0.999781
0.999859
0.999691
0.999553
0.999609
0.999517
0.999904
0.999717
0.999471
0.999748
0.999807
0.999727
0.999434
0.999670
0.999822
0.999570
0.999698
0.999635
0.999682
0.999887
0.999719
0.999591
0.999722
0.999608
0.999587
0.999790
0.999885
0.999687
0.999545
0.999760
0.999637
0.999801
0.999652
0.999426
0.999765
0.999796
0.999771
0.999463
0.999601
0.999851
0.999712
0.999704
0.999641
0.999606
0.999822
0.999816
0.999672
0.999673
0.999646
0.999663
0.999815
0.999854
0.999604
0.999625
0.999736
0.999750
0.999915
0.999688
0.999481
0.999730
0.999852
0.999804
0.999824
1.000045
1.000040
1.000134
1.000184
1.000211
1.000199
0.999948
0.999988
1.000116
0.999848
0.999984
1.000141
0.999855
0.999944
1.000179
1.000212
1.000136
0.999854
0.999930
1.000056
0.999899
0.999816
0.999883
0.999806
0.999889
1.000031
0.999926
0.999931
1.000119
1.000248
1.000171
0.999980
0.999834
1.000053
0.999896
0.999917
1.000103
0.999906
0.999978
1.000170
1.000312
1.000105
0.999781
0.999941
1.000128
0.999856
0.999879
0.999886
0.999831
0.999867
1.000056
0.999941
1.000001
1.000266
1.000284
1.000188
0.999958
0.999823
1.000075
0.999996
0.999912
1.000110
0.999906
1.000013
1.000157
1.000199
1.000181
0.999956
0.999928
1.000073
0.999833
0.999813
0.999844
0.999813
0.999824
0.999944
0.999968
1.000082
1.000188
1.000223
1.000114
0.999947
0.999919
1.000087
0.999924
0.999915
1.000088
0.999921
0.999967
1.000144
1.000194
1.000194
1.000006
0.999999
1.000090
0.999900
0.999834
0.999978
1.000058
1.000371
1.000404
1.000134
1.000089
1.000324
1.000302
1.000031
0.999979
1.000320
1.000256
1.000119
1.000188
1.000329
1.000208
0.999996
1.000034
1.000315
1.000464
1.000072
1.000136
1.000367
1.000378
1.000092
0.999938
1.000072
1.000347
1.000375
1.000045
1.000055
1.000426
1.000322
1.000074
1.000048
1.000296
1.000336
1.000170
1.000141
1.000227
1.000239
1.000083
1.000089
1.000339
1.000335
1.000100
1.000248
1.000366
1.000230
0.999998
0.999985
1.000014
1.000300
1.000524
1.000106
1.000006
1.000285
1.000288
1.000107
0.999997
1.000222
1.000305
1.000145
1.000140
1.000274
1.000269
1.000023
0.999998
1.000315
1.000294
1.000034
1.000168
1.000486
1.000383
1.000111
0.999951
1.000072
1.000343
1.000432
1.000236
1.000128
1.000319
1.000318
1.000045
1.000003
1.000313
1.000263
1.000129
1.000162
1.000276
1.000302
0.999979
1.000036
1.000273
1.000349
0.999991
1.000001
1.000377
1.000319
1.000014
0.999615
0.999658
0.999907
0.999652
0.999461
0.999567
0.999636
0.999592
0.999532
0.999491
0.999793
0.999740
0.999438
0.999436
0.999601
0.999751
0.999634
0.999534
0.999514
0.999745
0.999663
0.999493
0.999634
0.999870
0.999597
0.999586
0.999647
0.999886
0.999755
0.999604
0.999848
0.999712
0.999491
0.999517
0.999558
0.999804
0.999691
0.999488
0.999443
0.999712
0.999845
0.999526
0.999456
0.999515
0.999686
0.999730
0.999635
0.999576
0.999914
0.999664
0.999619
0.999576
0.999809
0.999800
0.999477
0.999658
0.999694
0.999576
0.999424
0.999565
0.999883
0.999761
0.999330
0.999434
0.999619
0.999846
0.999629
0.999489
0.999618
0.999677
0.999622
0.999458
0.999649
0.999876
0.999620
0.999609
0.999666
0.999909
0.999658
0.999546
0.999709
0.999614
0.999509
0.999458
0.999668
0.999879
0.999623
0.999446
0.999457
0.999623
0.999879
0.999668
0.999448
0.999512
0.999645
0.999628
0.999561
0.999713
0.999872
0.999594
0.999789
0.999820
0.999664
0.999539
0.999707
0.999837
0.999635
0.999739
0.999655
0.999524
0.999744
0.999909
0.999621
0.999606
0.999837
0.999736
0.999591
0.999667
0.999685
0.999619
0.999878
0.999735
0.999584
0.999614
0.999718
0.999822
0.999799
0.999592
0.999545
0.999726
0.999825
0.999489
0.999712
0.999685
0.999539
0.999702
0.999835
0.999569
0.999658
0.999918
0.999756
0.999530
0.999625
0.999662
0.999578
0.999795
0.999782
0.999523
0.999628
0.999747
0.999732
0.999766
0.999516
0.999608
0.999803
0.999861
0.999563
0.999767
0.999612
0.999567
0.999696
0.999972
0.999645
0.999659
0.999846
0.999686
0.999618
0.999631
0.999737
0.999627
0.999832
0.999664
0.999503
0.999687
0.999716
0.999750
0.999771
0.999683
0.999538
0.999630
0.999787
0.999635
0.999687
0.999600
0.999624
0.999690
0.999776
0.999599
0.999645
0.999785
0.999694
0.999624
0.999610
0.999678
0.999645
0.999928
0.999802
0.999553
0.999649
0.999705
1.000269
1.000335
1.000182
1.000162
1.000133
1.000377
1.000271
1.000178
1.000122
1.000210
1.000364
1.000261
1.000305
1.000250
1.000225
1.000377
1.000209
1.000089
1.000210
1.000180
1.000317
1.000137
1.000178
1.000264
1.000427
1.000228
1.000285
1.000339
1.000222
1.000067
1.000236
1.000226
1.000245
1.000144
1.000193
1.000331
1.000252
1.000282
1.000389
1.000304
1.000364
1.000197
1.000127
1.000276
1.000349
1.000339
1.000184
1.000258
1.000221
1.000384
1.000309
1.000331
1.000208
1.000298
1.000199
1.000302
1.000182
1.000211
1.000097
1.000180
1.000249
1.000217
1.000382
1.000344
1.000244
1.000311
1.000221
1.000103
1.000257
1.000356
1.000374
1.000080
1.000219
1.000294
1.000252
1.000219
1.000320
1.000280
1.000210
1.000103
1.000361
1.000369
1.000226
1.000092
1.000223
1.000315
1.000180
1.000303
1.000347
1.000242
1.000373
1.000236
1.000134
1.000255
1.000195
1.000270
1.000179
1.000288
1.000257
1.000197
1.000295
1.000254
1.000364
1.000154
1.000119
1.000409
1.000403
1.000344
1.000309
1.000235
1.000166
1.000051
1.000150
1.000174
1.000128
1.000209
1.000363
1.000361
1.000388
1.000408
1.000314
1.000091
1.000196
1.000256
1.000183
1.000335
1.000035
1.000340
1.000173
1.000078
1.000365
1.000426
1.000391
1.000320
1.000231
1.000155
1.000073
1.000139
1.000092
1.000011
1.000164
1.000250
1.000320
1.000413
1.000423
1.000337
1.000067
1.000152
1.000197
1.000098
1.000421
1.000169
1.000295
1.000282
1.000174
1.000239
1.000319
1.000484
1.000379
1.000195
1.000209
1.000076
1.000069
1.000168
1.000095
1.000192
1.000282
1.000365
1.000338
1.000349
1.000364
1.000220
1.000291
1.000367
1.000168
1.000277
1.000103
1.000300
1.000141
1.000106
1.000351
1.000381
1.000354
1.000373
1.000285
1.000197
1.000079
1.000160
1.000171
1.000015
1.000156
1.000255
1.000290
1.000470
1.000310
1.000237
1.000130
1.000200
1.000296
1.000051
1.000174
1.000049
1.000188
1.000242
1.000242
1.000276
1.000075
1.000256
1.000431
1.000126
0.999914
1.000166
1.000219
1.000235
1.000181
0.999932
1.000103
1.000322
1.000266
1.000099
1.000289
1.000220
1.000243
1.000192
0.999982
1.000008
0.999974
1.000256
1.000184
1.000206
1.000306
1.000070
1.000243
1.000322
1.000136
0.999973
1.000184
1.000238
1.000207
1.000147
0.999942
1.000128
1.000353
1.000247
1.000021
1.000296
1.000316
1.000314
1.000266
0.999961
1.000069
0.999885
1.000100
1.000240
1.000257
1.000251
0.999991
1.000295
1.000343
1.000107
1.000039
1.000155
1.000203
1.000194
1.000166
0.999987
1.000113
1.000320
1.000254
1.000001
1.000180
1.000229
1.000177
1.000171
1.000033
1.000142
0.999975
1.000157
1.000238
1.000255
1.000224
1.000018
1.000267
1.000360
1.000125
0.999982
1.000155
1.000220
1.000217
1.000163
0.999936
1.000116
1.000333
1.000340
1.000037
1.000269
1.000292
1.000229
1.000108
0.999939
1.000164
1.000136
0.999928
1.000048
0.999800
0.999921
0.999912
0.999594
1.000019
1.000089
0.999944
0.999984
1.000183
1.000227
0.999978
0.999926
1.000050
0.999979
0.999724
1.000002
0.999939
0.999821
1.000072
0.999859
1.000081
1.000196
1.000205
0.999923
1.000024
0.999763
0.999975
1.000134
0.999849
1.000024
1.000088
1.000014
1.000039
1.000209
1.000173
1.000037
0.999991
1.000117
1.000143
0.999610
0.999862
0.999947
0.999848
1.000100
0.999893
1.000118
1.000239
1.000054
0.999756
1.000076
0.999832
1.000002
1.000164
0.999759
0.999903
1.000084
0.999983
0.999958
1.000220
1.000193
0.999993
0.999948
1.000066
1.000083
0.999865
1.000028
0.999920
0.999858
1.000042
0.999882
1.000150
1.000171
1.000011
0.999844
1.000080
0.999812
0.999950
0.999849
0.999677
1.000077
1.000046
0.999960
1.000010
1.000233
1.000198
0.999984
0.999951
1.000107
1.000068
0.999737
0.999973
0.999969
0.999834
1.000092
0.999807
1.000011
1.000147
0.999959
0.999606
0.999787
0.999893
0.999978
1.000215
0.999724
0.999795
0.999992
0.999897
0.999841
0.999906
0.999825
0.999731
0.999920
1.000102
0.999851
0.999706
1.000241
0.999928
0.999817
0.999694
0.999591
1.000102
1.000193
0.999994
0.999587
0.999717
0.999801
0.999873
1.000161
0.999760
0.999901
1.000035
0.999834
0.999734
0.999878
0.999872
0.999765
0.999918
1.000043
0.999749
0.999674
1.000350
0.999969
0.999703
0.999415
0.999609
1.000115
1.000169
1.000152
0.999659
0.999666
0.999795
0.999879
1.000138
0.999820
0.999905
1.000073
0.999926
0.999797
0.999910
0.999859
0.999740
0.999861
0.999998
0.999780
0.999647
1.000171
0.999973
0.999812
0.999704
0.999620
0.999980
1.000147
1.000142
0.999715
0.999733
0.999812
0.999947
1.000196
0.999797
0.999987
1.000083
0.999875
0.999760
0.999856
0.999849
0.999748
0.999933
1.000052
0.999674
0.999625
1.000302
0.999909
0.999790
0.999691
0.999738
1.000142
1.000054
0.999993
0.999924
1.000018
1.000207
1.000066
1.000008
1.000224
1.000039
1.000085
1.000132
1.000083
0.999867
0.999922
1.000128
1.000107
1.000187
1.000111
1.000290
1.000179
0.999960
1.000188
1.000099
0.999858
0.999883
1.000007
1.000063
0.999985
0.999916
1.000103
0.999987
1.000172
1.000322
1.000151
1.000124
1.000029
1.000070
0.999899
0.999883
1.000074
1.000127
1.000082
1.000008
1.000468
1.000253
0.999909
1.000348
1.000111
0.999927
0.999937
0.999952
1.000025
0.999910
1.000048
1.000239
0.999979
1.000172
1.000482
1.000098
1.000054
1.000053
1.000119
0.999926
0.999940
1.000099
1.000099
1.000102
1.000021
1.000212
1.000012
1.000039
1.000158
0.999975
0.999914
0.999990
1.000054
0.999997
0.999840
1.000071
1.000186
0.999947
1.000137
1.000391
1.000145
1.000088
1.000055
1.000122
0.999936
0.999923
1.000138
1.000052
1.000131
1.000084
1.000334
1.000200
0.999940
1.000094
0.999950
0.999916
0.999991
0.999953
0.999871
1.000139
1.000057
0.999773
0.999727
0.999770
1.000114
1.000052
0.999957
1.000055
1.000074
0.999888
0.999877
1.000051
1.000068
0.999957
1.000073
0.999880
0.999727
0.999639
0.999773
1.000176
1.000230
0.999838
0.999930
0.999881
1.000249
1.000120
0.999705
0.999688
0.999711
0.999785
1.000029
0.999971
1.000020
1.000074
0.999902
0.999884
1.000074
1.000039
0.999945
1.000051
0.999878
0.999639
0.999581
0.999814
1.000193
1.000249
0.999855
0.999899
0.999878
1.000148
1.000122
0.999800
0.999704
0.999678
0.999903
1.000059
0.999938
1.000029
1.000010
0.999829
0.999919
1.000058
1.000067
0.999954
1.000227
1.000114
0.999744
0.999738
0.999707
1.000126
1.000308
0.999882
0.999939
0.999921
1.000149
1.000161
0.999765
0.999640
0.999721
0.999892
1.000045
0.999940
1.000059
1.000068
0.999911
0.999859
1.000084
0.999975
0.999950
1.000088
1.000012
0.999776
0.999663
0.999722
1.000113
1.000150
0.999874
0.999872
0.999873
0.999875
0.999671
0.999675
0.999780
0.999752
0.999726
0.999588
0.999854
0.999712
0.999921
1.000018
1.000026
0.999868
0.999687
0.999942
0.999780
0.999701
0.999742
0.999685
0.999738
0.999817
0.999967
0.999874
0.999869
0.999873
0.999939
0.999883
0.999801
0.999739
0.999608
0.999651
0.999780
0.999894
0.999826
0.999951
0.999991
1.000023
0.999912
0.999691
0.999893
0.999779
0.999688
0.999746
0.999712
0.999782
0.999834
0.999850
0.999731
0.999869
0.999921
0.999908
0.999678
0.999684
0.999773
0.999698
0.999555
0.999737
1.000009
0.999766
0.999882
0.999982
1.000036
0.999934
0.999909
0.999973
0.999667
0.999508
0.999614
0.999793
0.999675
0.999704
0.999962
0.999875
0.999841
0.999920
0.999862
0.999763
0.999857
0.999784
0.999766
0.999606
0.999652
0.999884
0.999723
0.999899
1.000009
1.000016
0.999925
0.999637
0.999899
0.999759
0.999746
0.999784
0.999733
0.999808
0.999784
0.999815
0.999874
0.999928
0.999820
0.999613
0.999792
0.999874
0.999948
0.999917
1.000209
0.999944
1.000057
0.999948
1.000044
1.000011
1.000006
1.000048
1.000042
0.999894
0.999726
1.000185
0.999950
0.999859
0.999937
0.999940
0.999647
0.999714
0.999923
0.999764
0.999640
0.999931
0.999957
0.999928
1.000003
1.000205
0.999813
0.999894
0.999951
1.000059
0.999961
1.000011
1.000016
0.999983
1.000046
0.999917
1.000175
0.999969
0.999944
0.999921
0.999858
0.999679
0.999776
0.999963
0.999754
0.999579
0.999794
0.999929
1.000018
0.999929
1.000076
0.999830
0.999902
0.999950
1.000056
0.999940
0.999939
1.000019
0.999959
0.999884
0.999806
1.000204
0.999955
0.999997
1.000007
0.999932
0.999579
0.999690
0.999901
0.999777
0.999600
0.999762
0.999940
0.999936
0.999998
1.000177
0.999833
0.999901
0.999899
1.000027
0.999957
1.000023
1.000016
0.999981
1.000018
0.999799
1.000169
0.999967
0.999964
1.000017
0.999841
0.999583
0.999820
0.999826
0.999909
1.000251
1.000438
1.000071
1.000004
1.000198
1.000068
1.000135
0.999971
1.000265
0.999906
0.999670
0.999665
0.999928
1.000246
0.999831
1.000260
1.000293
1.000351
1.000040
1.000120
1.000257
1.000057
0.999847
1.000012
1.000041
1.000121
1.000297
1.000033
0.999912
1.000246
1.000057
1.000030
0.999943
1.000242
0.999927
0.999666
0.999716
0.999951
1.000250
0.999932
1.000191
1.000117
1.000214
0.999950
1.000044
1.000366
1.000216
1.000014
0.999980
0.999862
1.000260
1.000430
1.000135
1.000134
1.000152
0.999743
1.000016
0.999948
1.000219
0.999963
0.999721
0.999621
0.999890
1.000249
0.999954
1.000030
1.000095
1.000252
0.999899
0.999961
1.000383
1.000161
0.999936
1.000074
0.999983
1.000121
1.000229
1.000107
1.000072
1.000386
1.000163
1.000096
0.999936
1.000241
0.999998
0.999728
0.999737
0.999942
1.000296
1.000005
1.000049
1.000055
1.000329
1.000145
1.000113
1.000379
1.000244
0.999909
1.000004
1.000389
1.000602
1.000169
1.000130
1.000199
1.000196
0.999836
1.000094
1.000119
0.999901
0.999884
0.999957
0.999923
1.000023
0.999960
1.000088
1.000078
0.999658
1.000153
1.000160
1.000165
1.000237
1.000599
1.000341
0.999996
1.000383
1.000422
1.000162
1.000201
1.000281
1.000451
0.999819
0.999879
1.000058
1.000033
0.999967
0.999910
0.999933
1.000067
0.999945
0.999903
0.999962
0.999845
1.000306
1.000035
1.000009
1.000074
1.000376
1.000379
0.999920
1.000359
1.000413
1.000038
1.000115
1.000167
1.000383
1.000021
1.000185
1.000102
1.000002
0.999958
0.999932
0.999890
1.000098
1.000170
1.000106
0.999928
0.999816
1.000404
1.000239
1.000138
1.000141
1.000348
1.000339
0.999987
1.000453
1.000592
1.000175
1.000129
1.000136
1.000136
0.999757
1.000042
1.000016
0.999991
1.000026
0.999916
0.999951
0.999861
0.999952
1.000157
1.000021
0.999789
1.000118
1.000082
1.000146
1.000120
1.000514
1.000442
1.000191
1.000286
1.000045
0.999858
0.999887
1.000228
0.999976
1.000096
0.999871
0.999939
0.999802
1.000077
1.000064
1.000012
1.000061
0.999797
0.999823
0.999806
1.000108
0.999936
1.000186
0.999929
0.999672
0.999920
1.000249
1.000279
1.000323
0.999963
0.999783
0.999870
1.000227
1.000101
1.000158
0.999854
0.999978
0.999827
1.000018
1.000062
1.000040
1.000019
0.999720
0.999895
0.999939
1.000126
0.999897
1.000091
0.999886
0.999944
1.000095
1.000236
1.000297
1.000293
1.000040
0.999834
0.999888
1.000153
0.999895
0.999982
0.999811
0.999925
0.999811
1.000016
1.000069
1.000013
1.000022
0.999740
0.999865
0.999877
1.000016
0.999939
1.000172
0.999898
0.999794
0.999975
1.000305
1.000243
1.000167
0.999993
0.999807
0.999895
1.000193
0.999944
1.000104
0.999835
0.999842
0.999809
1.000069
1.000021
1.000076
1.000060
0.999746
0.999844
0.999835
1.000078
0.999916
1.000162
0.999957
0.999772
1.000007
1.000222
1.000062
0.999810
0.999733
0.999992
0.999841
0.999608
0.999876
1.000147
0.999992
1.000062
0.999991
0.999965
0.999758
0.999741
1.000003
1.000123
1.000013
1.000029
1.000226
0.999799
0.999724
1.000158
0.999887
0.999622
0.999820
1.000025
0.999791
0.999665
0.999888
0.999928
0.999775
0.999890
1.000139
1.000024
1.000074
1.000062
0.999964
0.999768
0.999717
0.999976
1.000073
1.000043
0.999998
1.000138
1.000063
1.000006
1.000001
0.999904
0.999687
0.999763
1.000096
0.999800
0.999739
0.999990
1.000117
0.999876
0.999925
1.000164
1.000034
1.000084
1.000062
0.999964
0.999770
0.999757
0.999986
1.000110
1.000055
1.000024
1.000128
1.000023
0.999991
1.000159
0.999925
0.999647
0.999803
1.000066
0.999715
0.999726
0.999938
0.999967
0.999744
0.999788
1.000191
1.000043
1.000007
1.000103
1.000041
0.999791
0.999830
1.000031
1.000065
1.000034
1.000022
1.000207
0.999914
0.999840
1.000015
0.999884
0.999695
0.999841
1.000072
1.000053
0.999991
0.999978
1.000284
1.000004
1.000322
1.000193
1.000168
1.000253
1.000090
1.000272
1.000360
1.000223
1.000137
1.000165
1.000201
1.000049
1.000226
1.000405
0.999859
1.000147
0.999939
0.999898
1.000021
1.000145
0.999973
0.999961
0.999960
1.000180
0.999839
1.000225
1.000219
1.000126
1.000289
1.000152
1.000128
1.000262
1.000353
1.000299
1.000167
1.000267
1.000126
1.000189
1.000215
0.999902
1.000249
0.999935
0.999865
1.000026
1.000170
0.999998
0.999934
1.000008
1.000112
0.999832
1.000306
1.000110
1.000116
1.000359
1.000152
1.000096
1.000260
1.000262
1.000120
1.000148
1.000289
1.000126
1.000189
1.000208
0.999754
1.000113
0.999913
0.999904
1.000013
1.000193
0.999959
0.999930
1.000007
1.000202
0.999995
1.000308
1.000216
1.000073
1.000202
1.000154
1.000082
1.000202
1.000235
1.000108
1.000167
1.000215
1.000033
1.000213
1.000256
0.999918
1.000238
0.999926
0.999872
0.999965
1.000384
1.000087
0.999877
1.000018
1.000094
1.000145
1.000048
1.000038
0.999955
1.000158
0.999975
1.000122
1.000441
1.000388
1.000041
0.999935
1.000200
0.999876
1.000011
1.000083
1.000083
1.000003
1.000117
0.999916
1.000005
1.000360
1.000010
0.999942
1.000029
1.000002
1.000129
1.000059
1.000042
0.999865
1.000130
0.999959
1.000045
1.000399
1.000385
0.999990
0.999883
1.000106
0.999865
1.000032
1.000087
1.000048
1.000020
1.000116
0.999884
1.000058
1.000408
1.000055
0.999851
1.000034
1.000082
1.000162
1.000146
0.999991
0.999899
1.000192
0.999919
1.000085
1.000489
1.000399
1.000012
0.999875
1.000126
0.999865
1.000032
1.000066
1.000147
1.000074
1.000115
0.999935
1.000005
1.000332
1.000033
0.999882
1.000100
1.000071
1.000141
1.000079
1.000070
0.999892
1.000199
0.999961
1.000062
1.000440
1.000478
1.000049
0.999938
1.000204
0.999878
1.000110
1.000201
1.000198
1.000097
1.000057
0.999844
1.000108
0.999561
0.999691
0.999876
1.000032
0.999812
0.999969
0.999803
0.999972
1.000079
0.999570
0.999817
1.000148
1.000004
0.999882
1.000157
0.999899
0.999407
0.999834
0.999965
0.999891
1.000013
0.999835
1.000197
0.999972
0.999668
0.999666
0.999666
0.999999
1.000197
0.999846
0.999979
0.999862
1.000009
0.999909
0.999726
1.000130
1.000153
0.999977
0.999976
1.000180
1.000185
0.999707
0.999913
0.999995
0.999902
1.000016
0.999813
1.000060
0.999848
0.999625
0.999674
0.999702
0.999874
1.000064
0.999814
1.000000
0.999945
0.999933
0.999927
0.999478
0.999861
1.000211
1.000002
0.999878
1.000093
1.000115
0.999699
0.999887
0.999995
0.999904
1.000008
0.999805
1.000148
0.999935
0.999651
0.999723
0.999784
0.999917
1.000102
0.999809
0.999964
0.999836
0.999939
0.999768
0.999576
1.000033
1.000168
1.000005
0.999995
1.000194
1.000065
0.999679
0.999908
0.999936
0.999800
0.999954
0.999787
1.000133
0.999976
0.999576
0.999434
0.999881
1.000127
0.999831
0.999883
1.000007
1.000006
0.999887
0.999897
0.999464
0.999969
1.000098
0.999895
0.999872
1.000177
1.000038
0.999655
0.999964
0.999800
0.999989
1.000033
0.999882
0.999835
1.000066
0.999881
0.999517
0.999880
1.000086
0.999817
0.999851
1.000050
0.999969
0.999779
0.999866
0.999556
0.999897
0.999972
0.999853
0.999870
1.000120
0.999819
0.999400
1.000001
0.999859
0.999992
1.000021
0.999884
0.999831
1.000148
0.999870
0.999385
0.999861
1.000078
0.999885
0.999854
0.999963
1.000001
0.999815
0.999942
0.999621
1.000025
1.000130
0.999858
0.999900
1.000146
0.999944
0.999535
1.000003
0.999883
1.000038
0.999963
0.999815
0.999844
1.000046
0.999828
0.999359
0.999848
1.000201
0.999900
0.999861
1.000009
1.000043
0.999921
0.999974
0.999603
0.999965
1.000001
0.999868
0.999788
1.000020
0.999988
0.999447
0.999881
0.999905
1.000056
1.000016
0.999841
0.999885
1.000251
0.999915
1.000223
1.000428
1.000252
0.999985
0.999788
0.999915
0.999917
0.999818
1.000194
1.000197
0.999710
0.999965
0.999901
0.999851
0.999922
0.999739
1.000183
1.000132
0.999896
0.999926
0.999918
0.999800
0.999959
1.000296
1.000404
1.000147
1.000379
1.000269
1.000047
0.999837
0.999900
0.999964
0.999908
1.000097
1.000270
0.999792
0.999827
0.999892
0.999877
0.999929
0.999723
1.000196
1.000183
0.999893
0.999944
0.999910
0.999796
0.999971
1.000223
1.000436
1.000231
1.000354
1.000269
1.000031
0.999836
0.999915
0.999967
0.999899
1.000198
1.000365
0.999863
0.999909
0.999851
0.999897
0.999947
0.999938
1.000388
1.000152
0.999816
0.999911
0.999908
0.999764
0.999988
1.000275
1.000443
1.000303
1.000408
1.000207
0.999918
0.999744
0.999877
0.999936
0.999877
1.000150
1.000317
0.999852
0.999914
0.999928
0.999860
0.999879
0.999785
1.000246
1.000152
0.999819
0.999918
0.999904
0.999752
0.999911
1.000242
1.000324
1.000474
1.000245
1.000156
1.000209
1.000043
0.999928
0.999873
0.999953
1.000033
1.000480
1.000160
0.999831
0.999786
0.999954
0.999833
0.999995
1.000489
1.000114
1.000043
0.999865
0.999892
1.000021
1.000174
1.000124
1.000325
1.000484
1.000281
1.000155
1.000137
0.999935
0.999863
0.999880
1.000032
1.000094
1.000503
1.000067
0.999762
0.999899
0.999866
0.999771
1.000021
1.000447
1.000163
1.000076
0.999850
0.999915
1.000027
1.000201
1.000143
1.000258
1.000419
1.000282
1.000155
1.000134
0.999977
0.999938
0.999885
1.000017
1.000052
1.000253
0.999998
0.999933
0.999935
0.999819
0.999746
0.999836
1.000233
1.000034
0.999946
0.999871
0.999912
1.000111
1.000284
1.000134
1.000252
1.000390
1.000252
1.000126
1.000267
1.000104
0.999886
0.999858
1.000024
1.000041
1.000367
1.000013
0.999760
0.999799
0.999938
0.999923
1.000125
1.000463
1.000074
1.000012
0.999874
0.999872
1.000006
1.000206
1.000142
1.000331
0.999871
0.999678
0.999906
0.999936
1.000184
1.000169
1.000089
1.000019
0.999718
0.999658
0.999881
0.999678
0.999971
1.000011
0.999713
0.999974
0.999743
0.999624
0.999976
1.000122
1.000178
1.000196
0.999941
0.999877
0.999591
0.999909
0.999707
0.999925
0.999943
1.000269
1.000239
1.000079
0.999931
0.999633
0.999715
0.999916
0.999722
1.000064
1.000031
0.999732
0.999978
0.999741
0.999631
0.999913
1.000048
1.000173
1.000223
0.999990
0.999962
0.999679
0.999951
0.999697
0.999919
0.999949
1.000203
1.000163
1.000068
0.999937
0.999646
0.999664
0.999864
0.999649
0.999987
1.000012
0.999740
1.000002
0.999751
0.999733
0.999976
1.000035
1.000155
1.000199
0.999908
0.999859
0.999698
0.999973
0.999696
0.999833
0.999880
1.000194
1.000145
1.000085
1.000002
0.999679
0.999729
0.999959
0.999710
0.999973
1.000000
0.999649
0.999856
0.999678
0.999633
0.999931
1.000086
1.000205
1.000245
0.999944
0.999876
0.999629
0.999731
0.999903
0.999833
0.999773
1.000052
1.000252
1.000335
1.000138
1.000074
0.999946
1.000164
1.000129
1.000065
1.000223
1.000287
1.000118
0.999863
1.000088
1.000210
1.000426
1.000303
1.000055
0.999888
0.999882
0.999739
0.999399
0.999686
0.999731
0.999795
1.000033
1.000253
1.000323
1.000148
1.000083
0.999943
1.000088
1.000140
1.000168
1.000163
1.000139
1.000053
0.999887
1.000106
1.000181
1.000334
1.000233
1.000052
0.999827
0.999859
0.999930
0.999503
0.999602
0.999740
0.999862
1.000065
1.000243
1.000340
1.000201
1.000131
0.999974
1.000146
1.000195
1.000172
1.000142
1.000141
1.000046
0.999916
1.000157
1.000257
1.000382
1.000220
1.000112
0.999896
0.999879
0.999756
0.999533
0.999929
0.999868
0.999894
1.000093
1.000209
1.000378
1.000235
1.000104
0.999844
1.000086
1.000184
1.000137
1.000173
1.000194
1.000134
0.999925
1.000096
1.000174
1.000346
1.000256
1.000044
0.999774
0.999807
1.000010
0.999948
1.000165
1.000005
1.000023
1.000032
0.999965
1.000055
0.999957
1.000074
1.000195
1.000128
1.000193
0.999820
0.999758
1.000051
1.000046
1.000281
1.000138
0.999929
0.999995
0.999934
1.000044
0.999998
1.000070
1.000237
0.999942
1.000148
0.999991
1.000070
1.000033
0.999929
1.000036
0.999964
1.000035
1.000173
1.000129
1.000140
0.999761
0.999787
1.000150
1.000139
1.000193
1.000049
0.999950
1.000078
0.999988
0.999997
1.000003
0.999956
1.000152
1.000092
1.000346
1.000035
1.000012
1.000009
0.999955
1.000054
0.999946
1.000075
1.000292
1.000137
1.000141
0.999821
0.999837
1.000222
1.000182
1.000166
0.999988
0.999945
1.000025
0.999936
0.999990
1.000006
1.000059
1.000104
0.999933
1.000180
0.999998
0.999993
1.000043
0.999976
1.000027
0.999920
1.000045
1.000224
1.000172
1.000139
0.999773
0.999800
1.000133
1.000084
1.000185
1.000057
0.999955
1.000048
0.999948
1.000034
1.000070
0.999986
1.000139
1.000271
1.000020
1.000208
1.000126
1.000082
0.999897
0.999706
0.999906
0.999839
1.000083
1.000068
1.000051
1.000002
1.000082
1.000118
1.000019
1.000037
0.999756
0.999861
0.999744
0.999871
1.000009
1.000126
1.000218
1.000052
1.000272
1.000038
1.000182
1.000137
1.000073
0.999868
0.999641
0.999851
0.999856
1.000124
1.000031
1.000135
1.000076
1.000002
1.000052
1.000068
1.000075
0.999791
0.999794
0.999622
0.999886
1.000059
1.000144
1.000171
1.000052
1.000280
1.000047
1.000228
1.000144
1.000059
0.999905
0.999748
0.999861
0.999749
1.000044
1.000049
1.000034
1.000023
0.999965
0.999996
1.000072
1.000084
0.999836
0.999922
0.999741
0.999936
1.000078
1.000150
1.000206
0.999948
1.000319
1.000092
1.000194
1.000161
1.000067
0.999865
0.999659
0.999855
0.999816
1.000009
1.000017
1.000057
1.000002
1.000068
1.000131
1.000061
1.000079
0.999839
0.999918
0.999746
0.999900
1.000028
1.000131
1.000170
1.000052
0.999734
0.999697
0.999653
1.000017
1.000198
1.000054
0.999910
1.000009
1.000033
0.999753
0.999944
0.999965
1.000161
1.000158
0.999936
0.999855
0.999682
0.999972
0.999979
0.999868
1.000046
1.000187
1.000032
0.999809
1.000039
0.999960
0.999989
0.999798
0.999997
1.000129
1.000079
0.999899
0.999966
0.999987
0.999714
0.999872
0.999951
1.000157
1.000154
0.999961
0.999943
0.999762
1.000025
0.999974
0.999879
1.000086
1.000164
0.999982
0.999737
0.999950
0.999802
0.999906
0.999858
0.999990
1.000152
1.000043
0.999864
0.999957
0.999958
0.999709
0.999930
0.999961
1.000200
1.000174
0.999952
0.999915
0.999750
0.999923
0.999926
0.999872
1.000041
1.000186
1.000088
0.999794
0.999927
1.000025
0.999979
0.999789
1.000068
1.000176
1.000082
0.999865
0.999949
1.000013
0.999756
0.999942
0.999964
1.000161
1.000158
0.999971
0.999935
0.999762
1.000054
1.000022
0.999889
1.000056
1.000178
1.000017
0.999746
0.999940
0.999714
0.999824
0.999689
0.999760
1.000073
1.000166
1.000002
0.999808
1.000159
0.999857
0.999772
0.999814
0.999807
0.999853
0.999875
0.999859
0.999995
1.000270
0.999889
1.000020
1.000139
1.000065
0.999788
0.999540
0.999629
0.999691
0.999760
0.999666
0.999795
1.000123
1.000213
1.000053
0.999929
1.000360
1.000038
0.999820
0.999855
0.999866
0.999788
0.999802
0.999854
0.999912
1.000207
0.999910
1.000038
1.000137
1.000079
0.999743
0.999714
0.999896
0.999702
0.999651
0.999613
0.999766
1.000067
1.000154
1.000021
0.999846
1.000267
0.999989
0.999843
0.999815
0.999836
0.999833
0.999811
0.999845
0.999920
1.000185
0.999909
1.000038
1.000169
1.000062
0.999770
0.999600
0.999766
0.999687
0.999647
0.999639
0.999787
1.000062
1.000132
1.000035
0.999906
1.000204
0.999909
0.999864
0.999815
0.999809
0.999863
0.999836
0.999824
0.999947
1.000207
0.999850
0.999994
1.000135
1.000075
0.999771
0.999663
0.999760
1.000274
1.000045
1.000244
0.999707
0.999749
0.999766
0.999846
1.000184
1.000271
1.000271
1.000124
1.000068
0.999863
0.999936
1.000118
1.000083
1.000256
1.000238
1.000275
1.000113
0.999836
0.999695
0.999805
1.000416
1.000137
1.000286
1.000129
1.000400
0.999809
0.999690
0.999772
0.999964
1.000122
1.000158
1.000220
1.000029
1.000061
0.999902
0.999938
1.000120
1.000047
1.000177
1.000238
1.000253
0.999983
0.999719
0.999710
0.999716
1.000215
0.999959
1.000106
0.999997
1.000221
0.999641
0.999690
0.999743
0.999937
1.000244
1.000265
1.000204
1.000057
1.000059
0.999883
0.999890
1.000042
1.000079
1.000262
1.000238
1.000293
1.000024
0.999722
0.999670
0.999698
1.000173
0.999906
1.000087
1.000019
1.000379
0.999798
0.999657
0.999829
1.000050
1.000242
1.000265
1.000221
1.000057
1.000047
0.999867
0.999941
1.000102
1.000036
1.000202
1.000240
1.000189
0.999936
0.999748
0.999707
0.999814
1.000445
1.000177
1.000062
1.000336
1.000404
1.000157
0.999768
0.999681
1.000037
1.000477
0.999933
0.999896
1.000097
1.000268
0.999922
0.999864
1.000167
1.000027
0.999836
0.999775
1.000230
0.999919
0.999632
0.999845
1.000223
1.000400
1.000471
1.000280
1.000403
1.000366
1.000237
0.999818
0.999648
1.000017
1.000433
0.999938
0.999861
1.000067
1.000275
0.999925
0.999864
1.000161
1.000060
0.999905
0.999906
1.000445
1.000091
0.999667
0.999710
1.000159
1.000394
1.000315
1.000076
1.000301
1.000582
1.000417
0.999834
0.999629
0.999979
1.000326
0.999798
0.999809
1.000001
1.000217
0.999914
0.999942
1.000307
1.000084
0.999877
0.999821
1.000247
0.999940
0.999615
0.999809
1.000414
1.000621
1.000539
1.000249
1.000329
1.000381
1.000186
0.999797
0.999631
1.000027
1.000428
0.999859
0.999825
1.000063
1.000260
0.999917
0.999864
1.000161
1.000058
0.999851
0.999859
1.000349
0.999994
0.999656
0.999843
1.000078
1.000164
1.000225
0.999951
1.000347
1.000172
1.000270
1.000324
1.000187
1.000041
1.000007
0.999536
0.999652
0.999952
1.000033
1.000308
1.000231
1.000018
0.999961
0.999550
0.999674
1.000119
1.000016
1.000134
1.000326
1.000332
1.000058
1.000040
0.999782
1.000143
1.000049
1.000303
1.000338
1.000147
1.000064
1.000037
0.999525
0.999635
1.000075
0.999907
1.000117
1.000218
0.999985
0.999938
0.999536
0.999541
1.000006
1.000087
1.000229
1.000271
1.000187
1.000131
1.000293
0.999984
1.000214
1.000091
1.000148
1.000231
1.000188
0.999996
1.000135
0.999637
0.999650
1.000126
1.000138
1.000300
1.000147
0.999881
0.999913
0.999564
0.999641
1.000102
1.000033
1.000249
1.000294
1.000095
0.999987
1.000197
0.999866
1.000139
1.000111
1.000291
1.000354
1.000227
1.000064
0.999991
0.999555
0.999660
1.000054
1.000083
1.000294
1.000214
0.999985
0.999927
0.999517
0.999517
0.999993
1.000026
1.000193
1.000421
1.000301
1.000110
1.000234
0.999821
0.999937
1.000116
0.999906
1.000067
1.000191
1.000024
0.999889
0.999974
0.999910
0.999941
0.999718
1.000296
1.000386
0.999789
1.000027
0.999966
0.999918
0.999799
0.999949
1.000198
1.000116
0.999923
0.999984
0.999632
0.999698
0.999725
0.999961
0.999906
1.000008
1.000109
1.000013
0.999762
0.999840
0.999981
0.999978
0.999719
1.000398
1.000422
0.999785
1.000013
0.999966
0.999907
0.999883
1.000032
1.000196
1.000174
0.999995
1.000133
0.999809
0.999800
0.999664
0.999938
0.999985
1.000091
1.000216
1.000072
0.999804
0.999896
0.999970
0.999962
0.999616
1.000333
1.000413
0.999855
1.000088
0.999984
0.999954
0.999891
0.999980
1.000231
1.000106
0.999851
0.999990
0.999838
0.999739
0.999673
1.000008
0.999906
1.000020
1.000107
0.999982
0.999816
0.999900
0.999974
0.999968
0.999623
1.000276
1.000400
0.999759
1.000093
1.000046
0.999989
0.999958
1.000101
1.000177
1.000048
0.999930
1.000050
0.999738
0.999765
0.999702
0.999837
1.000009
0.999682
0.999760
0.999998
0.999947
1.000519
1.000525
1.000028
1.000062
0.999953
0.999849
0.999940
0.999980
1.000455
1.000514
1.000064
1.000115
0.999791
0.999641
0.999970
0.999678
0.999698
0.999910
0.999768
0.999807
0.999978
0.999645
0.999792
1.000085
1.000044
1.000532
1.000453
0.999947
0.999931
0.999833
0.999860
0.999946
0.999941
1.000449
1.000518
0.999984
0.999949
0.999699
0.999639
1.000006
0.999813
0.999690
0.999869
0.999763
0.999835
1.000015
0.999633
0.999714
1.000117
0.999971
1.000455
1.000453
0.999947
0.999923
0.999854
0.999709
0.999749
0.999979
1.000527
1.000387
0.999871
1.000048
0.999833
0.999659
0.999960
0.999943
0.999832
0.999733
0.999734
0.999849
1.000000
0.999631
0.999678
1.000041
0.999972
1.000449
1.000447
0.999947
0.999923
0.999819
0.999846
0.999946
1.000049
1.000535
1.000369
0.999859
1.000062
0.999731
0.999613
1.000030
0.999859
0.999710
1.000151
0.999817
0.999623
0.999989
1.000210
1.000048
1.000190
1.000081
1.000136
1.000145
1.000183
1.000272
0.999645
0.999692
1.000320
1.000226
1.000141
1.000152
1.000089
1.000145
1.000003
1.000096
1.000098
0.999815
0.999900
1.000245
0.999910
0.999767
1.000073
1.000139
0.999966
1.000152
1.000093
1.000124
1.000119
1.000206
1.000406
0.999764
0.999854
1.000476
1.000358
1.000287
1.000142
1.000100
1.000205
1.000005
1.000149
1.000049
0.999695
0.999881
1.000246
0.999905
0.999764
1.000094
1.000132
0.999917
1.000164
1.000088
1.000137
1.000110
1.000199
1.000486
0.999838
0.999864
1.000535
1.000232
1.000132
1.000231
1.000186
1.000137
1.000002
1.000167
0.999953
0.999636
0.999966
1.000276
0.999879
0.999770
1.000096
1.000186
0.999996
1.000200
1.000110
1.000153
1.000151
1.000219
1.000515
0.999868
0.999853
1.000528
1.000084
1.000033
1.000157
1.000093
1.000185
0.999987
1.000149
1.000105
0.999720
0.999812
1.000313
0.999994
1.000190
1.000253
1.000269
1.000332
1.000222
1.000063
0.999642
0.999716
1.000020
1.000041
0.999696
0.999775
1.000031
1.000070
0.999810
0.999623
1.000139
1.000264
1.000363
1.000370
1.000291
1.000202
1.000065
1.000258
0.999968
1.000301
1.000368
1.000446
1.000393
1.000238
1.000119
0.999714
0.999897
1.000074
0.999961
0.999711
0.999677
0.999960
0.999965
0.999686
0.999642
1.000132
1.000259
1.000389
1.000550
1.000391
1.000143
0.999923
1.000164
0.999863
1.000205
1.000376
1.000412
1.000339
1.000260
1.000143
0.999715
0.999867
1.000073
0.999933
0.999668
0.999651
0.999944
1.000024
0.999754
0.999594
1.000065
1.000224
1.000353
1.000270
1.000229
1.000209
0.999865
1.000141
1.000002
1.000234
1.000424
1.000483
1.000310
1.000240
1.000134
0.999763
0.999849
1.000066
0.999917
0.999629
0.999599
0.999923
1.000078
0.999821
0.999675
1.000067
1.000225
1.000339
1.000361
1.000378
1.000298
0.999989
0.999796
1.000003
1.000228
1.000128
0.999788
0.999772
0.999936
1.000016
0.999805
0.999983
0.999943
0.999763
1.000046
1.000130
0.999893
1.000058
1.000036
0.999646
0.999909
0.999875
0.999683
0.999699
1.000006
1.000153
0.999983
0.999733
0.999863
1.000124
1.000099
0.999773
0.999747
0.999911
0.999869
0.999570
0.999965
1.000086
0.999871
1.000089
1.000084
0.999810
0.999921
0.999930
0.999660
0.999919
0.999936
0.999743
0.999714
1.000026
1.000238
1.000038
0.999824
1.000030
1.000273
1.000096
0.999762
0.999782
0.999989
0.999930
0.999621
0.999998
1.000026
0.999811
1.000070
1.000067
0.999765
1.000034
1.000086
0.999804
1.000014
0.999927
0.999776
0.999802
1.000139
1.000222
1.000001
0.999770
0.999878
1.000084
1.000022
0.999713
0.999747
0.999951
0.999931
0.999659
0.999899
0.999942
0.999833
1.000128
1.000109
0.999845
0.999957
0.999995
0.999820
1.000034
0.999942
0.999756
0.999796
1.000118
1.000122
0.999881
1.000145
1.000063
0.999695
0.999652
0.999766
0.999833
0.999760
0.999846
1.000164
1.000164
1.000300
1.000185
1.000441
1.000339
0.999999
1.000244
1.000130
1.000014
0.999819
0.999757
0.999845
0.999808
0.999644
0.999645
0.999996
1.000128
1.000087
0.999679
0.999611
0.999790
0.999832
0.999789
0.999911
1.000131
1.000140
1.000276
1.000032
1.000342
1.000440
1.000183
1.000327
1.000237
1.000196
0.999872
0.999640
0.999727
0.999760
0.999596
0.999694
1.000069
1.000159
1.000071
0.999689
0.999612
0.999830
0.999895
0.999787
0.999801
1.000027
1.000166
1.000304
1.000151
1.000413
1.000432
1.000177
1.000310
1.000034
0.999949
0.999767
0.999741
0.999813
0.999715
0.999613
0.999697
1.000068
1.000172
1.000062
0.999622
0.999569
0.999810
0.999929
0.999767
0.999883
1.000130
1.000138
1.000294
1.000069
1.000359
1.000363
1.000116
1.000292
1.000168
1.000183
0.999863
0.999612
0.999713
0.999752
0.999581
0.999690
1.000054
0.999947
1.000106
1.000113
0.999974
1.000044
1.000257
0.999969
0.999741
1.000261
1.000157
0.999736
0.999935
1.000117
1.000104
0.999962
0.999751
1.000146
1.000348
0.999900
1.000039
1.000291
1.000083
0.999918
1.000114
1.000159
1.000026
1.000232
1.000028
0.999942
1.000058
1.000256
0.999967
0.999771
1.000260
1.000237
0.999896
0.999980
1.000113
1.000133
0.999785
0.999564
1.000155
1.000257
0.999783
0.999989
1.000312
1.000116
0.999971
1.000056
1.000164
1.000030
1.000186
1.000070
0.999941
1.000088
1.000222
0.999928
0.999859
1.000316
1.000128
0.999705
0.999897
1.000107
1.000111
0.999934
0.999733
1.000197
1.000391
0.999858
0.999986
1.000288
1.000132
0.999958
1.000060
1.000108
0.999938
1.000235
1.000119
0.999949
1.000073
1.000203
0.999891
0.999804
1.000230
1.000101
0.999797
0.999976
1.000104
1.000120
0.999925
0.999608
0.999987
1.000246
0.999774
1.000055
1.000392
1.000105
0.999970
1.000050
1.000158
0.999747
1.000271
1.000187
0.999848
0.999586
0.999935
1.000055
0.999783
0.999684
0.999739
0.999465
0.999899
1.000451
1.000422
0.999857
0.999523
0.999808
0.999711
0.999822
1.000061
0.999845
0.999631
0.999981
1.000260
1.000208
0.999724
1.000137
1.000179
0.999922
0.999665
0.999973
1.000061
0.999803
0.999669
0.999698
0.999435
0.999675
1.000277
1.000323
0.999739
0.999554
0.999829
0.999676
0.999829
1.000054
0.999859
0.999575
0.999880
1.000184
1.000143
0.999640
1.000153
1.000187
0.999866
0.999526
0.999831
1.000080
0.999859
0.999699
0.999794
0.999528
0.999708
1.000273
1.000404
0.999848
0.999470
0.999767
0.999722
0.999805
1.000090
0.999985
0.999725
0.999911
1.000192
1.000257
0.999747
1.000130
1.000234
0.999916
0.999519
0.999833
1.000051
0.999834
0.999663
0.999776
0.999535
0.999857
1.000401
1.000425
0.999853
0.999634
0.999886
0.999672
0.999830
1.000096
0.999861
0.999570
0.999931
1.000196
1.000140
1.000078
0.999830
0.999825
0.999988
0.999830
0.999934
0.999932
0.999817
0.999958
0.999853
1.000068
0.999727
0.999827
1.000018
0.999849
1.000064
0.999891
1.000022
0.999983
0.999961
0.999778
0.999711
0.999893
0.999898
0.999780
1.000138
1.000074
0.999901
0.999893
0.999667
0.999865
1.000025
1.000061
1.000120
0.999852
1.000013
0.999924
1.000073
0.999945
0.999783
1.000087
0.999888
1.000130
1.000087
0.999926
0.999841
0.999806
0.999974
0.999885
0.999868
1.000189
1.000000
0.999873
0.999984
0.999912
0.999941
0.999912
0.999959
0.999979
0.999797
1.000044
0.999938
1.000060
0.999948
0.999837
1.000026
0.999860
1.000047
0.999896
1.000022
0.999846
0.999645
0.999883
0.999844
0.999887
1.000071
0.999872
0.999885
0.999941
0.999899
0.999960
0.999892
1.000020
1.000193
0.999969
1.000068
0.999873
0.999965
0.999939
0.999805
1.000000
0.999816
1.000094
1.000040
0.999865
0.999917
0.999829
0.999881
0.999850
0.999868
1.000230
1.000051
1.000236
1.000460
1.000475
1.000182
0.999987
1.000162
1.000528
1.000278
1.000318
1.000309
0.999434
0.999394
1.000175
1.000311
1.000254
1.000234
0.999984
1.000041
1.000158
1.000532
1.000473
1.000234
1.000044
1.000184
0.999962
1.000219
1.000525
1.000527
1.000145
1.000000
0.999994
1.000213
1.000247
1.000398
1.000228
0.999356
0.999489
1.000388
1.000535
1.000206
1.000113
1.000075
1.000026
1.000113
1.000560
1.000482
1.000228
1.000030
1.000160
0.999964
1.000188
1.000430
1.000534
1.000142
0.999928
1.000013
1.000254
1.000296
1.000434
1.000225
0.999337
0.999316
1.000175
1.000303
1.000237
1.000248
0.999980
1.000053
1.000198
1.000529
1.000506
1.000240
1.000016
1.000182
1.000031
1.000231
1.000471
1.000610
1.000178
0.999916
1.000116
1.000317
1.000183
1.000307
1.000336
0.999457
0.999298
1.000207
1.000410
1.000224
1.000304
1.000116
0.999891
1.000142
1.000537
1.000478
1.000253
1.000048
1.000003
1.000211
1.000109
1.000008
1.000120
1.000226
1.000113
1.000234
0.999821
0.999815
1.000037
1.000262
1.000112
1.000167
1.000311
1.000052
0.999844
0.999860
1.000304
1.000170
1.000268
1.000124
1.000002
1.000163
1.000173
0.999966
1.000162
1.000130
1.000057
1.000115
1.000212
1.000160
1.000345
0.999862
0.999827
1.000070
1.000346
1.000166
0.999941
1.000168
1.000104
0.999777
0.999816
1.000331
1.000178
1.000103
1.000037
1.000075
1.000107
1.000124
0.999972
1.000162
1.000123
1.000012
1.000226
1.000334
1.000142
1.000377
0.999860
0.999799
1.000078
1.000367
1.000130
1.000148
1.000311
1.000052
0.999844
0.999868
1.000349
1.000121
1.000337
1.000222
0.999992
1.000073
1.000119
0.999969
1.000137
1.000097
1.000034
1.000112
1.000213
1.000123
1.000302
0.999768
0.999739
1.000043
1.000236
1.000053
1.000290
1.000513
1.000045
0.999768
0.999798
1.000284
1.000106
1.000337
1.000234
1.000028
1.000162
1.000217
0.999986
0.999816
0.999933
0.999627
0.999654
0.999855
1.000014
0.999976
0.999898
0.999716
0.999594
0.999688
1.000328
1.000402
0.999795
0.999612
0.999708
0.999729
0.999891
1.000126
0.999912
0.999668
0.999659
0.999984
0.999816
0.999896
0.999765
0.999921
0.999649
0.999666
0.999841
1.000092
0.999973
0.999805
0.999742
0.999576
0.999737
1.000364
1.000387
0.999819
0.999673
0.999792
0.999800
0.999980
1.000118
0.999866
0.999673
0.999651
0.999882
0.999637
0.999938
0.999858
0.999916
0.999629
0.999528
0.999678
1.000033
0.999949
0.999730
0.999687
0.999579
0.999757
1.000350
1.000402
0.999795
0.999622
0.999726
0.999795
0.999955
1.000024
0.999807
0.999640
0.999622
0.999986
0.999939
0.999993
0.999722
0.999882
0.999677
0.999575
0.999750
1.000025
1.000050
0.999864
0.999674
0.999606
0.999692
1.000306
1.000235
0.999665
0.999548
0.999676
0.999888
1.000015
1.000018
0.999822
0.999639
0.999659
0.999828
0.999711
0.999788
0.999721
1.000046
1.000395
1.000191
0.999810
1.000139
0.999941
1.000025
1.000175
0.999994
0.999995
0.999748
0.999748
0.999948
0.999981
1.000187
1.000021
0.999991
0.999972
0.999571
1.000144
1.000282
0.999857
0.999643
0.999886
0.999757
1.000066
1.000286
1.000024
0.999571
0.999906
0.999847
0.999992
1.000186
0.999985
0.999915
0.999704
0.999755
0.999998
0.999990
1.000192
0.999994
0.999892
1.000066
0.999669
1.000098
1.000234
0.999966
0.999799
0.999912
0.999696
1.000112
1.000368
1.000065
0.999733
1.000023
0.999914
1.000034
1.000235
1.000014
0.999910
0.999714
0.999756
0.999953
1.000009
1.000224
1.000017
0.999968
1.000013
0.999547
1.000067
1.000318
1.000051
0.999708
0.999883
0.999771
1.000072
1.000428
1.000128
0.999650
0.999998
0.999998
1.000036
1.000269
1.000035
0.999930
0.999736
0.999680
0.999936
1.000029
1.000226
1.000023
0.999965
0.999979
0.999559
1.000077
1.000395
1.000088
0.999657
0.999990
1.000154
0.999954
1.000056
0.999908
0.999844
0.999823
0.999945
1.000163
1.000165
1.000102
1.000018
0.999766
0.999867
1.000116
1.000147
1.000190
1.000145
0.999994
0.999934
1.000011
0.999990
1.000089
1.000018
1.000219
1.000015
1.000156
1.000003
1.000056
1.000029
0.999996
0.999895
0.999987
1.000136
1.000145
1.000173
1.000147
0.999909
0.999781
1.000009
1.000120
1.000233
1.000219
0.999964
0.999893
1.000104
1.000184
1.000125
1.000030
1.000199
1.000007
1.000181
0.999965
1.000061
1.000038
1.000024
0.999889
0.999957
1.000156
1.000195
1.000105
1.000076
0.999889
0.999911
1.000099
1.000122
1.000090
1.000017
0.999914
0.999923
1.000001
1.000011
1.000048
0.999979
1.000178
0.999943
1.000141
0.999810
1.000005
1.000024
1.000116
0.999984
0.999975
1.000132
1.000147
1.000134
1.000107
0.999873
0.999885
1.000122
1.000124
1.000178
1.000161
0.999952
0.999863
0.999995
1.000036
1.000112
1.000012
1.000164
1.000096
1.000411
0.999960
0.999423
0.999739
1.000306
0.999866
0.999899
1.000251
0.999952
0.999858
0.999948
1.000304
1.000277
0.999918
0.999829
0.999949
1.000329
0.999928
0.999888
1.000353
0.999804
0.999555
0.999899
1.000147
1.000008
1.000296
0.999950
0.999430
0.999798
1.000368
0.999860
0.999925
1.000325
0.999988
0.999898
0.999945
1.000340
1.000318
0.999941
0.999830
0.999841
1.000131
0.999849
0.999889
1.000278
0.999756
0.999546
0.999894
1.000162
0.999964
1.000263
0.999962
0.999454
0.999809
1.000423
0.999904
0.999942
1.000362
0.999997
0.999883
0.999929
1.000312
1.000307
0.999916
0.999868
1.000017
1.000322
0.999904
0.999906
1.000355
0.999761
0.999409
0.999940
1.000246
0.999972
1.000440
1.000023
0.999493
0.999815
1.000383
0.999869
0.999876
1.000201
0.999883
0.999867
0.999923
1.000268
1.000310
0.999951
0.999857
0.999983
1.000285
0.999883
0.999875
1.000377
0.999818
0.999505
0.999878
1.000140
1.000010
1.000136
0.999945
1.000071
1.000024
1.000114
1.000017
0.999931
1.000064
1.000162
1.000130
1.000104
0.999891
0.999887
1.000085
1.000075
1.000158
1.000142
0.999953
0.999905
1.000021
1.000073
1.000138
1.000030
1.000189
0.999995
1.000163
1.000074
1.000220
1.000069
1.000104
1.000014
0.999903
1.000091
1.000182
1.000103
0.999985
0.999794
0.999774
1.000018
1.000107
1.000207
1.000261
1.000019
0.999844
0.999962
1.000053
1.000020
0.999889
1.000218
1.000024
1.000196
1.000111
1.000180
1.000048
1.000031
0.999915
0.999932
1.000025
1.000066
1.000162
1.000132
0.999879
0.999870
1.000098
1.000085
1.000161
1.000163
0.999965
0.999888
1.000007
1.000045
1.000055
0.999965
1.000188
0.999980
1.000174
0.999961
1.000114
0.999938
0.999850
0.999823
0.999952
1.000104
1.000102
1.000119
1.000114
0.999863
0.999896
1.000126
1.000097
1.000163
1.000138
0.999959
1.000009
1.000092
1.000010
1.000089
1.000005
1.000212
0.999970
0.999771
1.000064
1.000362
1.000125
0.999775
1.000103
0.999913
0.999996
1.000270
1.000052
0.999927
0.999704
0.999756
0.999956
1.000010
1.000230
1.000026
0.999951
0.999950
0.999553
1.000091
1.000238
0.999968
0.999783
1.000037
0.999950
1.000046
1.000162
1.000000
0.999596
1.000017
0.999955
1.000011
1.000173
0.999963
0.999965
0.999758
0.999748
0.999995
0.999994
1.000185
0.999997
0.999839
1.000093
0.999830
1.000110
1.000437
1.000155
0.999797
0.999815
0.999633
0.999950
1.000169
1.000081
0.999588
0.999875
0.999830
0.999997
1.000212
1.000024
0.999949
0.999738
0.999714
0.999917
0.999999
1.000231
1.000031
0.999959
1.000095
0.999716
1.000115
1.000362
1.000049
0.999711
0.999894
0.999779
0.999942
1.000306
1.000205
0.999797
1.000108
0.999969
1.000077
1.000198
0.999980
0.999968
0.999729
0.999701
0.999913
1.000001
1.000230
1.000026
0.999937
1.000098
0.999733
1.000089
1.000295
1.000031
0.999784
0.999899
0.999650
0.999796
0.999653
0.999654
0.999829
1.000100
1.000000
0.999763
0.999703
0.999605
0.999771
1.000351
1.000402
0.999789
0.999574
0.999701
0.999861
1.000055
1.000122
0.999986
0.999782
0.999639
0.999867
0.999695
0.999847
0.999634
0.999844
0.999653
0.999669
0.999833
1.000012
1.000010
0.999891
0.999769
0.999682
0.999820
1.000387
1.000297
0.999680
0.999590
0.999750
0.999773
0.999947
1.000033
0.999811
0.999682
0.999579
0.999802
0.999694
0.999922
0.999801
0.999947
0.999654
0.999694
0.999942
1.000208
1.000183
0.999910
0.999688
0.999616
0.999688
1.000291
1.000356
0.999749
0.999563
0.999708
0.999897
1.000002
0.999953
0.999773
0.999669
0.999657
0.999924
0.999848
0.999986
0.999722
0.999874
0.999653
0.999667
0.999851
1.000099
0.999920
0.999714
0.999751
0.999622
0.999829
1.000395
1.000270
0.999667
0.999569
0.999708
0.999906
1.000005
1.000026
0.999754
0.999525
0.999607
0.999817
0.999689
0.999962
1.000201
1.000151
1.000032
1.000136
1.000219
1.000153
1.000310
0.999829
0.999809
1.000066
1.000332
1.000128
1.000158
1.000340
0.999990
0.999783
0.999754
1.000229
1.000101
1.000223
1.000110
0.999983
1.000144
1.000151
0.999918
1.000151
1.000148
1.000026
1.000124
1.000237
1.000135
1.000288
0.999842
0.999815
1.000030
1.000320
1.000175
1.000106
1.000294
1.000090
0.999809
0.999851
1.000364
1.000135
1.000104
1.000053
1.000105
1.000163
1.000150
0.999926
1.000156
1.000142
1.000019
0.999995
1.000125
1.000146
1.000281
0.999725
0.999758
1.000052
1.000262
1.000113
1.000163
1.000272
0.999978
0.999811
0.999843
1.000292
1.000133
1.000224
1.000118
1.000038
1.000138
1.000151
0.999939
1.000103
1.000082
1.000030
1.000125
1.000249
1.000132
1.000376
0.999848
0.999831
1.000124
1.000181
0.999960
1.000128
1.000247
1.000020
0.999860
0.999853
1.000287
1.000154
1.000248
1.000079
1.000041
1.000176
1.000169
1.000062
1.000030
1.000234
1.000469
1.000503
1.000133
1.000100
1.000014
1.000085
1.000180
1.000456
1.000233
0.999362
0.999264
1.000336
1.000449
1.000164
1.000289
1.000141
1.000086
1.000155
1.000508
1.000468
1.000205
1.000074
1.000238
0.999932
1.000191
1.000474
1.000569
1.000151
0.999928
1.000111
1.000354
1.000192
1.000296
1.000168
0.999385
0.999470
1.000364
1.000466
1.000210
1.000314
1.000098
0.999954
1.000141
1.000525
1.000490
1.000200
0.999932
1.000097
0.999959
1.000223
1.000515
1.000568
1.000119
1.000008
1.000181
1.000310
1.000216
1.000346
1.000309
0.999484
0.999360
1.000270
1.000461
1.000246
1.000451
1.000221
0.999959
1.000170
1.000587
1.000517
1.000231
0.999957
1.000036
0.999905
1.000234
1.000446
1.000533
1.000104
0.999831
1.000106
1.000241
1.000130
1.000498
1.000395
0.999515
0.999518
1.000334
1.000386
1.000168
1.000214
1.000095
1.000002
1.000164
1.000549
1.000531
1.000228
0.999860
1.000203
0.999868
0.999885
0.999975
0.999747
0.999854
1.000020
1.000043
1.000197
0.999941
1.000011
0.999927
1.000143
0.999879
0.999826
1.000088
0.999881
1.000109
1.000041
0.999961
0.999837
0.999767
0.999967
0.999823
0.999722
1.000142
1.000004
0.999884
0.999961
0.999714
0.999837
0.999921
1.000021
1.000027
0.999755
1.000045
0.999848
0.999991
0.999913
0.999808
1.000042
0.999822
1.000071
1.000064
1.000055
0.999860
0.999709
0.999973
0.999885
0.999977
1.000319
1.000038
0.999899
0.999899
0.999761
0.999845
0.999911
0.999912
1.000029
0.999909
1.000134
0.999744
0.999833
0.999965
0.999813
0.999993
0.999828
0.999956
0.999861
0.999913
0.999855
0.999747
0.999858
0.999905
1.000077
1.000267
0.999930
0.999894
0.999920
0.999868
0.999919
0.999955
0.999998
1.000012
0.999914
1.000111
0.999639
0.999877
0.999993
0.999854
1.000128
0.999938
1.000012
0.999901
0.999960
0.999858
0.999691
0.999891
0.999897
1.000054
0.999635
1.000130
1.000234
0.999933
0.999503
0.999854
1.000041
0.999768
0.999654
0.999734
0.999337
0.999591
1.000291
1.000318
0.999752
0.999523
0.999777
0.999676
0.999836
1.000033
0.999844
0.999574
0.999939
1.000262
1.000246
0.999746
1.000144
1.000184
0.999863
0.999645
1.000005
1.000069
0.999817
0.999666
0.999893
0.999759
0.999940
1.000408
1.000284
0.999722
0.999635
0.999869
0.999638
0.999796
1.000036
0.999984
0.999640
0.999867
1.000188
1.000132
0.999630
1.000130
1.000246
0.999987
0.999624
0.999857
1.000095
0.999846
0.999695
0.999807
0.999545
0.999879
1.000451
1.000422
0.999842
0.999398
0.999705
0.999684
0.999826
1.000065
0.999859
0.999626
0.999926
1.000165
1.000139
0.999738
1.000228
1.000241
0.999909
0.999539
0.999819
1.000046
0.999861
0.999689
0.999846
0.999571
0.999858
1.000486
1.000331
0.999758
0.999594
0.999833
0.999714
0.999849
1.000021
0.999967
0.999729
0.999905
1.000183
1.000134
1.000018
1.000248
1.000123
0.999949
1.000048
1.000260
0.999963
0.999800
1.000249
1.000157
0.999752
0.999965
1.000111
1.000102
0.999971
0.999766
1.000099
1.000254
0.999819
0.999985
1.000297
1.000093
0.999887
1.000024
1.000133
0.999968
1.000256
1.000116
0.999905
1.000059
1.000257
0.999941
0.999776
1.000254
1.000109
0.999624
0.999841
1.000121
1.000127
0.999895
0.999718
1.000107
1.000240
0.999834
1.000021
1.000343
1.000095
0.999931
1.000113
1.000239
1.000007
1.000153
0.999998
0.999882
1.000095
1.000304
1.000004
0.999817
1.000272
1.000113
0.999770
0.999962
1.000108
1.000116
0.999903
0.999804
1.000257
1.000241
0.999779
0.999976
1.000297
1.000116
0.999965
1.000131
1.000256
0.999975
1.000125
1.000065
0.999927
1.000074
1.000212
0.999946
0.999912
1.000310
1.000141
0.999643
0.999852
1.000126
1.000120
0.999882
0.999553
1.000025
1.000335
0.999831
0.999945
1.000293
1.000136
0.999955
1.000050
1.000156
1.000168
1.000014
0.999619
0.999554
0.999789
0.999903
0.999777
0.999875
1.000167
1.000164
1.000295
1.000199
1.000431
1.000428
1.000114
1.000275
1.000102
1.000048
0.999887
0.999729
0.999850
0.999837
0.999628
0.999677
1.000088
1.000134
1.000013
0.999636
0.999604
0.999839
0.999900
0.999746
0.999863
1.000057
1.000092
1.000302
1.000141
1.000421
1.000338
1.000079
1.000345
1.000108
1.000094
0.999949
0.999706
0.999867
0.999847
0.999547
0.999631
0.999998
1.000133
1.000118
0.999685
0.999609
0.999845
0.999760
0.999636
0.999892
1.000121
1.000134
1.000267
1.000026
1.000356
1.000363
1.000105
1.000330
1.000245
1.000214
0.999892
0.999701
0.999904
0.999839
0.999549
0.999642
1.000035
1.000127
1.000040
0.999712
0.999655
0.999798
0.999981
0.999881
0.999800
1.000024
1.000150
1.000276
1.000043
1.000350
1.000417
1.000174
1.000271
1.000182
1.000104
0.999796
0.999749
0.999892
0.999832
0.999542
0.999678
1.000092
0.999815
0.999870
1.000112
1.000125
0.999780
0.999749
0.999937
0.999987
0.999809
0.999995
0.999940
0.999810
1.000079
1.000031
0.999802
1.000061
1.000058
0.999687
0.999907
0.999865
0.999702
0.999799
1.000110
1.000229
1.000028
0.999788
0.999999
1.000233
1.000076
0.999768
0.999737
0.999914
1.000009
0.999794
0.999966
0.999922
0.999803
1.000068
1.000141
0.999868
0.999935
0.999986
0.999699
0.999880
0.999908
0.999705
0.999698
1.000006
1.000178
1.000041
0.999769
0.999882
1.000137
1.000127
0.999782
0.999790
0.999980
0.999999
0.999689
0.999949
1.000062
0.999859
1.000103
1.000127
0.999845
0.999934
0.999861
0.999700
0.999984
0.999910
0.999721
0.999779
1.000104
1.000118
0.999928
0.999818
0.999881
1.000108
1.000110
0.999762
0.999753
0.999944
0.999917
0.999592
0.999976
1.000086
0.999871
1.000089
1.000074
0.999790
0.999930
0.999956
0.999700
0.999885
0.999902
0.999719
0.999756
1.000098
1.000108
0.999904
1.000152
1.000004
1.000318
1.000243
1.000324
1.000406
1.000222
1.000080
0.999647
0.999807
1.000037
0.999966
0.999677
0.999708
1.000031
1.000040
0.999800
0.999736
1.000190
1.000306
1.000311
1.000236
1.000217
1.000173
0.999876
1.000014
0.999773
1.000169
1.000311
1.000465
1.000389
1.000236
1.000064
0.999628
0.999726
0.999967
0.999967
0.999651
0.999667
0.999965
1.000037
0.999816
0.999725
1.000124
1.000232
1.000321
1.000491
1.000414
1.000190
0.999956
1.000143
0.999996
1.000312
1.000231
1.000281
1.000366
1.000229
1.000063
0.999650
0.999804
1.000031
1.000001
0.999690
0.999621
0.999908
0.999989
0.999736
0.999675
1.000034
1.000204
1.000370
1.000310
1.000208
1.000278
1.000023
1.000051
0.999875
1.000332
1.000401
1.000360
1.000250
1.000213
1.000115
0.999715
0.999897
1.000074
0.999955
0.999709
0.999664
0.999999
1.000010
0.999731
0.999741
1.000165
1.000266
1.000324
1.000392
1.000371
1.000318
0.999960
1.000245
0.999839
0.999639
0.999948
1.000142
1.000026
1.000143
1.000080
1.000118
1.000139
1.000228
1.000535
0.999877
0.999686
1.000266
1.000162
1.000126
1.000030
0.999991
1.000239
1.000082
1.000193
0.999993
0.999713
1.000010
1.000420
1.000014
0.999794
1.000082
1.000146
0.999951
1.000130
1.000163
1.000235
1.000141
1.000216
1.000488
0.999854
0.999780
1.000419
1.000218
1.000150
1.000153
1.000095
1.000156
0.999953
1.000140
1.000089
0.999780
0.999986
1.000291
0.999895
0.999816
1.000051
1.000139
0.999970
1.000150
1.000066
1.000117
1.000122
1.000119
1.000240
0.999668
0.999802
1.000434
1.000358
1.000266
1.000117
1.000068
1.000224
1.000049
1.000164
0.999970
0.999673
0.999961
1.000325
0.999954
0.999668
0.999902
1.000110
1.000037
1.000185
1.000092
1.000119
1.000119
1.000219
1.000333
0.999709
0.999883
1.000547
1.000262
1.000159
1.000147
1.000093
1.000148
0.999943
1.000160
0.999974
0.999647
0.999958
0.999885
0.999799
0.999810
1.000014
0.999667
0.999730
0.999984
0.999975
1.000477
1.000459
0.999883
0.999723
0.999735
0.999830
0.999984
1.000076
1.000432
1.000512
1.000026
0.999996
0.999737
0.999645
0.999940
0.999854
0.999730
0.999719
0.999692
0.999830
0.999967
0.999611
0.999755
1.000073
0.999890
1.000418
1.000509
1.000026
0.999936
0.999845
0.999826
0.999922
0.999974
1.000447
1.000449
0.999962
1.000080
0.999758
0.999608
0.999971
0.999840
0.999734
0.999781
0.999629
0.999837
1.000003
0.999605
0.999808
1.000142
1.000068
1.000522
1.000550
1.000119
1.000115
0.999942
0.999822
0.999916
0.999961
1.000441
1.000485
0.999947
0.999981
0.999726
0.999618
1.000054
0.999921
0.999775
0.999843
0.999881
0.999930
0.999939
0.999651
0.999743
1.000023
0.999959
1.000465
1.000438
0.999973
0.999920
0.999851
0.999735
0.999742
0.999966
1.000539
1.000433
0.999981
1.000085
0.999768
0.999694
0.999983
0.999787
0.999793
0.999808
0.999791
0.999957
0.999947
1.000137
1.000271
1.000062
0.999871
0.999954
1.000004
1.000073
0.999835
1.000430
1.000326
0.999614
0.999977
0.999975
0.999914
0.999849
1.000015
1.000173
0.999987
0.999816
1.000008
0.999774
0.999793
0.999735
0.999978
0.999894
1.000066
1.000244
1.000043
0.999913
1.000045
0.999952
0.999975
0.999649
1.000290
1.000372
0.999738
1.000066
1.000046
0.999899
0.999808
1.000044
1.000243
1.000072
0.999923
1.000032
0.999720
0.999692
0.999722
1.000066
0.999854
0.999948
1.000157
0.999956
0.999743
0.999828
0.999989
0.999961
0.999584
1.000270
1.000372
0.999731
0.999981
0.999968
0.999963
0.999892
1.000024
1.000178
0.999964
0.999861
1.000047
0.999728
0.999801
0.999747
0.999951
0.999819
0.999983
1.000224
1.000061
0.999919
1.000033
0.999959
0.999989
0.999739
1.000440
1.000436
0.999851
1.000081
0.999978
0.999906
0.999818
1.000062
1.000284
1.000190
0.999958
0.999966
0.999782
0.999885
1.000197
1.000088
1.000332
1.000404
1.000183
1.000010
0.999971
0.999536
0.999639
0.999956
0.999875
1.000171
1.000328
1.000094
1.000046
0.999650
0.999565
1.000012
1.000044
1.000168
1.000383
1.000343
1.000084
1.000156
0.999839
1.000130
1.000032
1.000279
1.000296
1.000113
1.000013
0.999983
0.999540
0.999556
0.999995
1.000092
1.000285
1.000223
1.000036
0.999954
0.999550
0.999653
1.000106
1.000050
1.000194
1.000443
1.000442
1.000233
1.000282
0.999920
1.000177
1.000044
1.000336
1.000349
1.000206
1.000056
1.000061
0.999639
0.999638
1.000111
1.000242
1.000391
1.000211
1.000103
1.000100
0.999609
0.999638
1.000106
1.000042
1.000174
1.000463
1.000481
1.000195
1.000269
0.999984
1.000271
1.000105
1.000354
1.000472
1.000206
1.000037
1.000110
0.999628
0.999590
1.000115
1.000004
1.000159
1.000135
0.999931
0.999978
0.999548
0.999541
1.000008
0.999949
1.000094
1.000283
1.000238
1.000024
1.000147
1.000283
1.000322
1.000142
1.000072
0.999834
0.999611
1.000023
1.000436
0.999929
0.999898
1.000111
1.000295
0.999934
0.999895
1.000236
1.000046
0.999852
0.999910
1.000432
1.000041
0.999649
0.999810
1.000216
1.000432
1.000472
1.000236
1.000460
1.000591
1.000359
0.999803
0.999622
1.000026
1.000428
0.999863
0.999831
1.000059
1.000250
0.999901
0.999870
1.000206
1.000051
0.999813
0.999739
1.000207
0.999983
0.999663
0.999703
1.000119
1.000335
1.000321
1.000129
1.000449
1.000466
1.000196
0.999826
0.999634
1.000054
1.000350
0.999777
0.999829
1.000011
1.000149
0.999850
0.999839
1.000158
1.000009
0.999836
0.999794
1.000248
0.999950
0.999650
0.999719
1.000126
1.000345
1.000291
1.000076
1.000330
1.000417
1.000230
0.999772
0.999593
1.000021
1.000346
0.999803
0.999839
1.000041
1.000256
0.999932
0.999912
1.000260
1.000043
0.999869
0.999910
1.000371
0.999949
0.999628
0.999769
1.000170
1.000431
1.000446
1.000330
1.000175
1.000452
0.999772
0.999683
0.999818
1.000041
1.000114
1.000129
1.000210
1.000015
1.000031
0.999869
0.999961
1.000153
1.000064
1.000199
1.000239
1.000237
0.999973
0.999749
0.999617
0.999766
1.000371
1.000066
1.000289
1.000033
1.000186
0.999689
0.999697
0.999827
1.000031
1.000224
1.000246
1.000270
1.000071
1.000112
0.999931
0.999884
1.000094
1.000036
1.000207
1.000381
1.000332
0.999954
0.999757
0.999668
0.999682
1.000208
0.999992
1.000183
1.000003
1.000323
0.999750
0.999669
0.999842
1.000055
1.000208
1.000232
1.000272
1.000084
1.000071
0.999899
0.999924
1.000115
1.000035
1.000206
1.000252
1.000309
1.000070
0.999760
0.999716
0.999748
1.000255
0.999969
1.000112
0.999997
1.000235
0.999725
0.999703
0.999863
1.000010
1.000070
1.000168
1.000278
1.000071
1.000038
0.999869
0.999960
1.000136
1.000010
1.000194
1.000271
1.000285
1.000132
0.999859
0.999689
0.999657
1.000327
1.000168
0.999509
0.999682
0.999600
0.999679
1.000119
1.000158
1.000030
0.999903
1.000338
1.000114
0.999948
0.999830
0.999816
0.999799
0.999784
0.999833
1.000010
1.000262
0.999806
1.000011
1.000154
1.000124
0.999807
0.999657
0.999752
0.999605
0.999609
0.999625
0.999809
1.000086
1.000142
1.000005
0.999825
1.000210
0.999973
0.999826
0.999859
0.999838
0.999847
0.999867
0.999835
0.999932
1.000163
0.999826
0.999997
1.000120
1.000079
0.999909
0.999810
0.999816
0.999691
0.999712
0.999619
0.999815
1.000113
1.000163
1.000025
0.999829
1.000244
0.999971
0.999846
0.999825
0.999794
0.999853
0.999866
0.999838
0.999982
1.000297
0.999912
1.000068
1.000122
1.000038
0.999769
0.999636
0.999800
0.999675
0.999652
0.999535
0.999698
1.000109
1.000159
0.999999
0.999936
1.000360
1.000024
0.999857
0.999811
0.999830
0.999804
0.999802
0.999842
1.000026
1.000300
0.999886
1.000039
1.000153
1.000124
0.999718
0.999488
0.999587
0.999839
0.999961
0.999908
1.000046
1.000154
1.000024
0.999880
0.999913
0.999833
0.999631
0.999891
0.999921
1.000171
1.000153
0.999958
0.999945
0.999602
0.999930
0.999995
0.999869
1.000032
1.000120
1.000073
0.999871
0.999962
0.999812
0.999799
0.999807
1.000055
1.000115
1.000043
0.999872
0.999969
0.999973
0.999666
0.999875
0.999937
1.000132
1.000131
0.999968
0.999929
0.999743
1.000125
1.000034
0.999761
1.000037
1.000130
0.999992
0.999759
0.999946
0.999944
0.999904
0.999807
1.000053
1.000086
1.000024
0.999751
0.999982
1.000079
0.999659
0.999904
0.999963
1.000138
1.000165
0.999955
0.999906
0.999694
0.999968
0.999939
0.999884
1.000073
1.000152
1.000019
0.999794
0.999927
0.999932
0.999956
0.999799
1.000073
1.000126
1.000072
0.999908
1.000019
0.999963
0.999655
0.999924
0.999959
1.000197
1.000165
0.999958
0.999909
0.999706
0.999966
0.999932
0.999879
1.000109
1.000164
1.000091
0.999873
0.999953
1.000329
1.000060
1.000269
1.000178
1.000089
0.999918
0.999737
0.999947
0.999786
0.999994
1.000048
1.000127
1.000101
1.000007
1.000067
1.000119
1.000080
0.999830
0.999903
0.999742
0.999889
1.000034
1.000142
1.000141
1.000032
1.000338
1.000076
1.000246
1.000153
1.000070
0.999880
0.999740
0.999938
0.999790
1.000078
1.000103
1.000077
1.000010
1.000001
1.000093
1.000011
1.000009
0.999778
0.999899
0.999756
0.999889
1.000028
1.000137
1.000185
1.000007
1.000319
1.000064
1.000209
1.000182
1.000059
0.999899
0.999752
0.999893
0.999759
1.000018
1.000064
1.000065
0.999981
1.000037
1.000081
1.000044
1.000027
0.999763
0.999840
0.999665
0.999894
1.000080
1.000146
1.000187
1.000020
1.000280
1.000035
1.000176
1.000163
1.000025
0.999870
0.999617
0.999777
0.999780
1.000068
1.000061
1.000012
0.999969
0.999960
1.000014
1.000057
1.000046
0.999793
0.999803
0.999603
0.999881
1.000077
1.000169
1.000225
1.000090
1.000006
1.000155
0.999994
1.000052
1.000028
0.999936
1.000015
0.999923
1.000088
1.000240
1.000055
1.000051
0.999745
0.999749
1.000115
1.000155
1.000167
0.999985
0.999932
1.000032
0.999938
1.000010
1.000035
0.999943
1.000134
1.000131
1.000377
1.000077
1.000034
1.000030
0.999904
0.999994
0.999925
1.000067
1.000196
1.000046
1.000177
0.999855
0.999850
1.000231
1.000157
1.000238
1.000070
0.999960
1.000042
0.999980
1.000069
1.000059
0.999984
1.000068
0.999920
1.000163
1.000002
1.000001
1.000032
0.999955
1.000033
0.999932
1.000067
1.000249
1.000064
1.000053
0.999756
0.999881
1.000178
1.000099
1.000284
1.000060
0.999925
0.999996
0.999913
0.999988
0.999994
0.999964
1.000129
0.999925
1.000138
1.000005
1.000071
1.000013
0.999926
1.000016
0.999914
1.000038
1.000177
1.000117
1.000287
0.999881
0.999904
1.000234
1.000072
1.000198
1.000077
0.999931
1.000018
0.999943
1.000031
1.000060
1.000014
1.000203
0.999567
0.999752
0.999756
0.999915
1.000126
1.000230
1.000345
1.000257
1.000153
0.999941
1.000154
1.000270
1.000205
1.000194
1.000251
1.000120
0.999962
1.000152
1.000260
1.000406
1.000233
1.000147
0.999895
0.999811
1.000001
0.999583
0.999586
0.999730
0.999833
1.000026
1.000271
1.000373
1.000254
1.000190
0.999983
1.000115
1.000189
1.000174
1.000162
1.000177
1.000052
0.999942
1.000138
1.000192
1.000326
1.000245
1.000044
0.999797
0.999717
0.999729
0.999699
1.000012
0.999820
0.999789
1.000072
1.000245
1.000328
1.000234
1.000177
0.999878
1.000094
1.000289
1.000223
1.000079
1.000079
1.000062
0.999909
1.000174
1.000283
1.000400
1.000252
1.000111
0.999896
0.999847
0.999914
0.999650
1.000010
0.999948
0.999869
1.000081
1.000245
1.000442
1.000251
1.000105
0.999918
1.000056
1.000076
1.000075
1.000120
1.000119
1.000063
0.999868
1.000163
1.000227
1.000326
1.000252
1.000101
0.999915
0.999742
0.999753
0.999821
0.999623
0.999878
0.999881
1.000175
1.000215
1.000063
0.999918
0.999631
0.999687
0.999874
0.999667
0.999981
0.999969
0.999662
0.999875
0.999680
0.999686
1.000005
1.000102
1.000230
1.000215
0.999875
0.999814
0.999556
0.999891
0.999684
0.999938
0.999976
1.000235
1.000239
1.000057
0.999914
0.999568
0.999641
0.999888
0.999714
0.999993
0.999988
0.999703
0.999887
0.999638
0.999548
0.999915
1.000071
1.000249
1.000271
0.999933
0.999874
0.999604
0.999793
0.999579
0.999855
0.999927
1.000237
1.000210
1.000072
0.999921
0.999650
0.999740
0.999931
0.999675
0.999979
1.000004
0.999657
0.999944
0.999746
0.999666
0.999935
1.000032
1.000154
1.000188
0.999895
0.999838
0.999668
0.999902
0.999600
0.999833
0.999902
1.000183
1.000170
1.000107
1.000007
0.999667
0.999708
0.999870
0.999662
1.000028
1.000047
0.999739
1.000024
0.999822
0.999680
0.999910
1.000111
1.000164
1.000129
0.999942
0.999876
0.999603
1.000548
1.000310
1.000129
1.000110
0.999954
0.999906
0.999858
1.000035
1.000113
1.000352
0.999928
0.999836
0.999889
0.999886
0.999836
0.999913
1.000253
1.000027
1.000028
0.999832
0.999880
1.000026
1.000190
1.000131
1.000317
1.000463
1.000219
1.000139
1.000198
1.000018
0.999889
0.999818
1.000081
1.000189
1.000270
0.999865
0.999866
0.999930
0.999936
0.999741
0.999945
1.000470
1.000111
1.000082
0.999821
0.999825
0.999917
1.000151
1.000158
1.000323
1.000580
1.000323
1.000151
1.000219
1.000023
0.999906
0.999848
1.000035
1.000083
1.000404
1.000054
0.999933
0.999912
0.999920
0.999861
0.999935
1.000261
1.000065
1.000025
0.999862
0.999915
1.000033
1.000229
1.000143
1.000261
1.000405
1.000300
1.000170
1.000178
1.000014
0.999853
0.999851
1.000031
1.000101
1.000308
1.000058
0.999879
0.999873
0.999841
0.999639
0.999792
1.000239
1.000106
1.000091
0.999837
0.999903
1.000019
1.000198
1.000121
1.000272
1.000277
1.000406
1.000229
0.999980
0.999847
0.999916
1.000035
0.999980
1.000115
1.000308
0.999874
0.999918
0.999893
0.999911
0.999950
0.999883
1.000358
1.000176
0.999935
0.999993
0.999930
0.999772
0.999964
1.000265
1.000405
1.000291
1.000434
1.000256
0.999974
0.999796
0.999908
0.999953
0.999919
1.000216
1.000309
0.999907
0.999938
0.999856
0.999855
0.999922
0.999839
1.000300
1.000156
0.999908
0.999978
0.999900
0.999826
1.000077
1.000331
1.000356
1.000155
1.000353
1.000274
0.999998
0.999779
0.999931
1.000024
0.999966
1.000131
1.000266
0.999816
0.999890
0.999851
0.999908
0.999950
0.999880
1.000353
1.000193
0.999879
0.999934
0.999901
0.999801
0.999998
1.000251
1.000356
1.000159
1.000338
1.000233
0.999998
0.999800
0.999878
1.000028
0.999948
1.000201
1.000293
0.999883
0.999937
0.999883
0.999940
0.999932
0.999980
1.000454
1.000177
0.999886
0.999925
0.999924
0.999808
0.999998
1.000258
1.000390
0.999331
0.999857
1.000247
0.999908
0.999812
0.999987
0.999942
0.999801
0.999995
0.999650
1.000014
1.000131
0.999905
0.999816
1.000008
0.999994
0.999627
0.999951
0.999815
0.999972
0.999971
0.999809
0.999827
1.000126
0.999862
0.999360
0.999882
1.000133
0.999819
0.999878
1.000002
1.000012
0.999799
0.999817
0.999387
0.999875
1.000008
0.999769
0.999901
1.000115
0.999948
0.999354
0.999779
0.999870
1.000015
0.999962
0.999873
0.999863
1.000065
0.999877
0.999506
0.999934
1.000218
0.999865
0.999763
0.999976
0.999971
0.999726
0.999955
0.999740
1.000144
1.000125
0.999891
0.999834
1.000018
0.999898
0.999380
0.999856
0.999850
0.999961
1.000024
0.999903
0.999927
1.000224
0.999905
0.999447
0.999861
1.000166
0.999894
0.999839
1.000022
0.999947
0.999730
0.999939
0.999620
0.999975
1.000007
0.999776
0.999919
1.000056
1.000090
0.999703
0.999935
0.999789
0.999955
0.999992
0.999813
0.999919
1.000166
0.999815
0.999742
0.999708
0.999901
1.000139
0.999787
1.000005
0.999941
0.999975
0.999780
0.999437
1.000042
1.000192
0.999956
1.000017
1.000218
0.999932
0.999618
0.999896
0.999932
0.999879
0.999997
0.999893
1.000218
0.999968
0.999667
0.999622
0.999663
0.999926
1.000140
0.999840
1.000025
0.999941
0.999970
0.999896
0.999685
1.000043
1.000190
0.999993
0.999958
1.000166
1.000001
0.999755
1.000095
1.000000
0.999907
0.999992
0.999823
1.000050
0.999938
0.999651
0.999463
0.999578
0.999963
1.000180
0.999867
0.999989
0.999857
1.000034
0.999886
0.999308
0.999862
1.000131
0.999905
1.000046
1.000236
1.000051
0.999688
0.999932
1.000061
0.999889
0.999962
0.999836
1.000019
0.999793
0.999751
0.999760
0.999664
0.999808
0.999999
0.999804
0.999955
0.999843
1.000022
0.999925
0.999561
0.999914
1.000205
1.000022
0.999996
1.000130
0.999932
0.999409
0.999859
1.000032
0.999838
0.999993
0.999879
1.000068
0.999857
0.999659
1.000403
0.999974
0.999928
1.000160
1.000060
1.000117
1.000150
1.000071
0.999862
1.000148
0.999999
1.000008
1.000388
1.000395
1.000022
0.999858
1.000173
0.999872
0.999977
1.000091
1.000068
0.999944
0.999935
0.999834
1.000101
1.000344
1.000064
0.999883
1.000069
1.000064
1.000058
1.000032
1.000040
0.999831
1.000133
0.999984
1.000116
1.000373
1.000376
1.000097
0.999981
1.000186
0.999926
1.000059
1.000075
1.000093
1.000067
1.000067
0.999904
1.000121
1.000391
1.000114
0.999811
1.000048
1.000097
1.000091
1.000053
1.000080
0.999923
1.000148
0.999913
1.000030
1.000409
1.000418
1.000033
0.999858
1.000113
0.999836
1.000093
1.000085
1.000071
1.000075
1.000094
0.999861
1.000030
1.000344
1.000022
0.999966
1.000214
1.000075
1.000200
1.000140
1.000031
0.999865
1.000133
0.999835
1.000017
1.000387
1.000390
1.000026
0.999991
1.000080
0.999890
1.000102
1.000077
1.000108
1.000115
1.000109
0.999880
1.000068
1.000181
0.999975
0.999940
0.999960
1.000157
0.999893
1.000266
1.000164
1.000004
1.000233
1.000164
1.000124
1.000286
1.000329
1.000213
1.000118
1.000311
1.000126
1.000134
1.000245
0.999884
1.000239
0.999961
0.999919
1.000058
1.000051
0.999957
0.999966
0.999984
1.000200
0.999941
1.000291
1.000219
1.000183
1.000371
1.000179
1.000237
1.000306
1.000333
1.000272
1.000133
1.000119
1.000017
1.000249
1.000213
0.999921
1.000263
0.999931
0.999920
1.000092
1.000065
1.000043
0.999872
0.999916
1.000189
0.999802
1.000237
1.000234
1.000094
1.000155
1.000187
1.000200
1.000231
1.000356
1.000218
1.000164
1.000390
1.000190
1.000205
1.000271
0.999869
1.000220
0.999957
0.999873
1.000032
1.000173
0.999992
0.999986
1.000068
1.000172
0.999959
1.000298
1.000202
1.000126
1.000267
1.000184
1.000242
1.000271
1.000253
1.000232
1.000276
1.000163
1.000125
1.000222
1.000264
0.999888
1.000174
0.999934
0.999802
1.000037
1.000096
0.999830
0.999671
0.999891
0.999956
0.999818
0.999966
1.000160
0.999969
1.000041
1.000123
0.999994
0.999767
0.999719
0.999967
1.000095
1.000061
1.000081
1.000200
0.999954
0.999804
0.999951
0.999933
0.999679
0.999828
1.000051
0.999768
0.999739
0.999938
0.999985
0.999776
0.999884
1.000150
0.999973
0.999935
1.000068
0.999963
0.999710
0.999743
0.999966
1.000038
1.000025
1.000001
1.000231
1.000066
0.999920
0.999974
0.999884
0.999635
0.999834
1.000046
0.999817
0.999639
0.999940
1.000055
0.999810
1.000010
1.000208
1.000004
1.000018
1.000163
1.000029
0.999714
0.999732
0.999975
1.000100
1.000058
0.999976
1.000069
0.999759
0.999784
1.000226
0.999905
0.999651
0.999784
1.000025
0.999740
0.999671
0.999929
0.999960
0.999825
0.999892
1.000119
1.000027
1.000068
1.000103
1.000008
0.999793
0.999782
0.999988
1.000083
1.000066
1.000063
1.000160
0.999977
0.999799
0.999997
1.000051
0.999652
0.999759
1.000138
1.000123
0.999948
0.999766
0.999868
1.000141
0.999972
1.000081
0.999914
0.999995
0.999858
1.000072
1.000025
1.000026
1.000045
0.999809
0.999897
0.999853
1.000025
0.999968
1.000213
0.999863
0.999799
0.999978
1.000335
1.000301
1.000256
0.999985
0.999769
0.999874
1.000131
0.999994
1.000169
0.999881
0.999901
0.999896
1.000086
1.000032
1.000048
1.000051
0.999788
0.999960
0.999900
1.000000
0.999875
1.000149
0.999895
0.999784
0.999950
1.000460
1.000287
1.000171
0.999952
0.999812
0.999901
1.000120
0.999973
1.000063
0.999785
0.999837
0.999827
1.000041
1.000024
1.000008
1.000050
0.999881
0.999975
0.999913
1.000123
0.999970
1.000196
1.000025
0.999653
0.999910
1.000224
1.000195
1.000203
0.999878
0.999707
0.999846
1.000170
1.000087
1.000127
0.999844
0.999882
0.999724
1.000009
1.000053
1.000070
0.999994
0.999801
0.999926
0.999831
0.999984
0.999986
1.000114
0.999749
0.999875
1.000003
1.000219
1.000010
1.000423
1.000692
1.000307
1.000075
1.000091
1.000310
0.999814
0.999949
0.999925
1.000038
1.000168
0.999904
0.999894
1.000141
1.000154
1.000122
1.000139
0.999868
1.000297
1.000236
1.000156
1.000109
1.000486
1.000434
0.999907
1.000340
1.000523
1.000184
1.000089
1.000157
1.000189
0.999849
1.000103
0.999936
0.999938
1.000027
0.999920
0.999941
1.000048
0.999967
0.999984
1.000011
0.999861
1.000247
1.000190
1.000084
1.000067
1.000403
1.000384
0.999960
1.000447
1.000554
1.000185
1.000097
1.000092
1.000213
0.999776
1.000079
1.000111
0.999983
0.999944
0.999929
0.999920
0.999979
0.999919
0.999941
1.000082
1.000004
1.000356
1.000150
1.000176
1.000235
1.000556
1.000428
1.000065
1.000403
1.000556
1.000255
0.999979
1.000101
1.000432
0.999914
0.999963
1.000085
1.000057
1.000000
0.999935
0.999925
0.999958
0.999999
1.000098
1.000071
0.999780
1.000300
1.000074
1.000019
1.000205
1.000616
1.000511
1.000008
0.999800
1.000044
1.000258
1.000064
1.000039
1.000271
1.000073
1.000173
0.999932
1.000181
0.999937
0.999723
0.999615
0.999944
1.000260
0.999931
1.000029
0.999940
1.000275
1.000119
1.000082
1.000226
1.000045
0.999875
0.999919
0.999825
1.000166
1.000364
1.000058
1.000145
1.000419
1.000216
1.000120
0.999894
1.000226
0.999943
0.999682
0.999667
1.000013
1.000233
0.999884
1.000139
1.000075
1.000247
1.000127
1.000130
1.000427
1.000233
0.999996
0.999925
0.999760
1.000234
1.000398
1.000129
1.000151
1.000257
1.000024
1.000111
0.999981
1.000269
0.999945
0.999690
0.999697
1.000041
1.000278
0.999914
1.000076
0.999884
1.000128
0.999941
1.000074
1.000484
1.000174
0.999912
0.999981
0.999939
1.000143
1.000321
1.000082
0.999959
1.000207
1.000011
1.000046
0.999910
1.000223
0.999925
0.999689
0.999687
0.999931
1.000205
0.999960
1.000077
0.999956
1.000243
1.000126
1.000129
1.000265
1.000119
1.000005
0.999931
0.999733
0.999639
0.999957
0.999904
0.999975
0.999938
1.000141
0.999873
0.999865
0.999875
1.000016
0.999981
0.999947
1.000107
0.999876
0.999740
0.999827
1.000146
0.999941
0.999981
1.000024
0.999971
0.999607
0.999749
0.999963
0.999690
0.999617
0.999860
0.999893
0.999963
0.999913
1.000189
0.999728
0.999684
0.999797
1.000030
0.999986
0.999950
1.000143
0.999941
0.999716
0.999848
1.000167
0.999894
0.999913
0.999840
0.999760
0.999596
0.999750
0.999962
0.999827
0.999574
0.999822
0.999889
0.999889
0.999926
1.000118
0.999813
0.999903
0.999911
1.000068
0.999998
0.999908
1.000083
0.999853
0.999773
0.999886
1.000148
0.999980
0.999990
0.999891
0.999819
0.999556
0.999780
1.000020
0.999804
0.999649
0.999779
0.999905
0.999924
0.999939
1.000162
0.999824
0.999861
0.999905
1.000056
0.999956
0.999975
1.000059
0.999967
0.999981
0.999827
1.000094
0.999929
0.999958
1.000072
0.999939
0.999567
0.999715
0.999857
0.999907
0.999998
0.999797
0.999622
0.999813
0.999695
0.999637
0.999812
0.999953
0.999779
0.999907
0.999982
1.000056
0.999867
0.999704
0.999939
0.999812
0.999646
0.999651
0.999739
0.999784
0.999862
0.999954
0.999920
0.999879
0.999881
0.999961
0.999807
0.999788
0.999709
0.999605
0.999620
0.999804
1.000087
0.999907
0.999968
1.000024
1.000010
0.999916
0.999712
0.999928
0.999973
0.999745
0.999662
0.999934
0.999760
0.999669
1.000010
1.000006
0.999785
0.999892
0.999886
0.999673
0.999715
0.999724
0.999756
0.999773
0.999756
1.000039
0.999889
0.999953
1.000028
0.999972
0.999915
0.999856
0.999924
0.999736
0.999666
0.999676
0.999773
0.999717
0.999730
0.999908
0.999893
0.999863
1.000028
1.000047
0.999691
0.999623
0.999704
0.999706
0.999766
0.999895
1.000001
0.999789
0.999945
0.999997
1.000000
0.999918
0.999778
0.999874
0.999875
0.999872
0.999763
0.999733
0.999818
0.999822
0.999905
0.999919
0.999974
0.999857
1.000274
1.000107
0.999708
0.999750
0.999703
0.999870
1.000071
0.999944
1.000040
1.000011
0.999821
0.999931
1.000035
1.000027
0.999956
1.000096
0.999837
0.999647
0.999746
0.999697
1.000113
1.000289
0.999931
0.999934
0.999844
1.000230
1.000183
0.999813
0.999611
0.999591
0.999941
1.000121
0.999945
1.000067
1.000031
0.999898
0.999893
1.000038
1.000040
0.999919
1.000060
0.999948
0.999651
0.999634
0.999672
1.000140
1.000155
0.999839
0.999886
0.999950
1.000202
1.000116
0.999785
0.999702
0.999730
0.999859
0.999948
0.999968
1.000056
0.999977
0.999848
0.999877
1.000056
1.000079
0.999952
1.000078
0.999917
0.999697
0.999747
0.999762
1.000079
1.000184
0.999874
0.999959
0.999810
1.000084
1.000075
0.999833
0.999766
0.999665
0.999863
1.000060
0.999940
0.999991
1.000048
0.999897
0.999862
1.000001
1.000011
0.999921
1.000076
0.999913
0.999685
0.999688
0.999722
1.000145
1.000123
0.999833
1.000142
0.999956
0.999903
0.999961
1.000136
0.999956
1.000155
1.000329
1.000105
1.000108
1.000085
1.000128
0.999923
0.999917
1.000112
1.000087
1.000114
1.000154
1.000352
1.000126
1.000000
1.000112
0.999942
0.999955
1.000014
1.000048
0.999888
0.999888
1.000118
1.000336
1.000032
1.000123
1.000406
1.000054
1.000060
1.000066
1.000079
0.999931
0.999905
1.000056
1.000040
1.000064
0.999950
1.000356
1.000139
0.999920
1.000257
1.000086
0.999852
0.999972
1.000014
1.000027
0.999956
1.000149
1.000305
0.999992
1.000156
1.000293
1.000044
1.000123
1.000128
1.000136
0.999936
0.999915
1.000077
1.000064
1.000139
1.000127
1.000366
1.000169
1.000043
1.000185
0.999989
0.999916
0.999993
1.000106
0.999973
0.999898
1.000094
1.000229
0.999989
1.000089
1.000332
1.000211
1.000114
1.000027
1.000112
0.999946
0.999876
1.000098
1.000057
1.000110
1.000081
1.000319
1.000156
0.999990
1.000094
0.999982
0.999902
0.999982
1.000088
1.000051
0.999725
0.999709
0.999787
0.999902
1.000231
0.999767
0.999895
1.000071
0.999893
0.999782
0.999867
0.999868
0.999799
0.999893
1.000047
0.999893
0.999644
1.000117
0.999894
0.999650
0.999551
0.999646
1.000083
1.000154
1.000028
0.999608
0.999470
0.999737
1.000094
1.000182
0.999722
0.999807
1.000026
0.999873
0.999770
0.999892
0.999915
0.999807
0.999928
1.000181
0.999773
0.999676
1.000289
0.999977
0.999849
0.999692
0.999713
1.000166
1.000144
1.000039
0.999694
0.999547
0.999684
0.999952
1.000169
0.999618
0.999797
0.999998
0.999870
0.999800
0.999863
0.999863
0.999713
0.999845
1.000066
0.999877
0.999768
1.000218
0.999902
0.999670
0.999612
0.999724
1.000072
1.000085
0.999978
0.999623
0.999686
0.999864
0.999985
1.000106
0.999686
0.999933
1.000033
0.999871
0.999809
0.999914
0.999856
0.999805
0.999907
1.000144
0.999816
0.999698
1.000283
0.999959
0.999822
0.999624
0.999605
0.999985
1.000247
1.000097
0.999891
1.000068
0.999834
0.999897
0.999979
0.999796
0.999999
1.000057
0.999971
1.000034
1.000181
1.000178
1.000002
0.999984
1.000061
1.000000
0.999930
1.000117
0.999952
0.999878
1.000084
0.999883
1.000110
1.000251
1.000069
0.999852
1.000133
0.999851
0.999894
0.999943
0.999717
0.999995
1.000119
0.999956
0.999997
1.000187
1.000206
0.999936
0.999939
1.000079
1.000055
0.999809
0.999842
0.999836
0.999821
1.000097
0.999830
0.999981
1.000182
1.000132
0.999916
1.000056
0.999834
0.999925
1.000137
0.999978
1.000096
1.000059
0.999981
1.000053
1.000172
1.000203
1.000034
1.000003
1.000071
1.000028
0.999705
0.999950
0.999989
0.999852
1.000057
0.999899
1.000111
1.000230
1.000091
0.999839
1.000091
0.999829
0.999855
1.000047
0.999719
0.999967
1.000070
0.999963
0.999994
1.000193
1.000197
0.999994
0.999923
1.000115
0.999962
0.999729
0.999913
0.999805
0.999895
1.000092
0.999840
1.000089
1.000089
0.999946
1.000268
1.000298
1.000292
1.000230
1.000017
1.000303
1.000347
1.000095
0.999923
1.000167
1.000226
1.000184
1.000139
0.999996
1.000099
1.000324
1.000292
0.999967
1.000232
1.000235
1.000241
1.000212
0.999964
1.000128
0.999902
1.000034
1.000225
1.000330
1.000188
1.000018
1.000313
1.000347
1.000139
0.999960
1.000155
1.000213
1.000212
1.000150
0.999988
1.000129
1.000339
1.000295
1.000017
1.000252
1.000192
1.000320
1.000216
0.999917
1.000118
1.000009
1.000234
1.000141
1.000240
1.000170
1.000011
1.000286
1.000328
1.000116
0.999970
1.000205
1.000190
1.000241
1.000181
0.999982
1.000122
1.000349
1.000319
1.000074
1.000281
1.000261
1.000179
1.000168
1.000026
1.000170
0.999964
1.000071
1.000226
1.000344
1.000179
1.000004
1.000306
1.000430
1.000134
0.999991
1.000151
1.000203
1.000260
1.000165
0.999977
1.000157
1.000345
1.000316
1.000016
1.000214
1.000235
1.000142
1.000034
0.999880
1.000352
1.000146
1.000242
1.000155
1.000141
1.000304
1.000336
1.000440
1.000319
1.000208
1.000227
1.000070
1.000103
1.000070
1.000072
1.000269
1.000320
1.000386
1.000340
1.000421
1.000435
1.000134
1.000259
1.000370
1.000103
1.000287
1.000309
1.000463
1.000148
1.000070
1.000412
1.000450
1.000372
1.000320
1.000257
1.000164
1.000074
1.000172
1.000129
1.000070
1.000148
1.000190
1.000306
1.000444
1.000444
1.000412
1.000172
1.000236
1.000339
1.000057
1.000376
1.000138
1.000232
1.000204
1.000224
1.000332
1.000396
1.000418
1.000329
1.000249
1.000152
1.000063
1.000086
1.000120
1.000099
1.000190
1.000250
1.000389
1.000345
1.000274
1.000295
1.000198
1.000267
1.000342
1.000193
1.000334
1.000179
1.000323
1.000199
1.000178
1.000392
1.000394
1.000392
1.000309
1.000192
1.000148
0.999950
1.000109
1.000145
1.000057
1.000137
1.000268
1.000378
1.000399
1.000445
1.000465
1.000213
1.000339
1.000515
1.000177
1.000243
1.000335
1.000200
1.000291
1.000178
1.000199
1.000249
1.000234
1.000089
1.000243
1.000376
1.000333
1.000393
1.000373
1.000220
1.000271
1.000218
1.000078
1.000119
1.000268
1.000314
1.000152
1.000311
1.000284
1.000261
1.000221
1.000333
1.000185
1.000210
1.000087
1.000342
1.000352
1.000285
1.000127
1.000197
1.000386
1.000319
1.000349
1.000305
1.000312
1.000324
1.000143
1.000130
1.000215
1.000304
1.000343
1.000073
1.000209
1.000329
1.000285
1.000195
1.000389
1.000287
1.000162
1.000092
1.000276
1.000259
1.000216
1.000119
1.000209
1.000288
1.000285
1.000336
1.000385
1.000211
1.000265
1.000185
1.000103
1.000232
1.000255
1.000268
1.000096
1.000246
1.000215
1.000336
1.000345
1.000352
1.000269
1.000142
1.000084
1.000388
1.000275
1.000150
1.000145
1.000183
1.000513
1.000337
1.000290
1.000370
1.000251
1.000261
1.000202
1.000098
1.000175
1.000298
1.000306
1.000054
1.000224
1.000327
1.000248
0.999773
0.999850
0.999685
0.999517
0.999779
0.999805
0.999616
0.999649
0.999640
0.999628
0.999711
0.999868
0.999659
0.999639
0.999875
0.999668
0.999552
0.999702
0.999723
0.999497
0.999714
0.999701
0.999662
0.999654
0.999763
0.999755
0.999822
0.999698
0.999567
0.999745
0.999865
0.999551
0.999645
0.999620
0.999585
0.999724
0.999867
0.999619
0.999599
0.999929
0.999764
0.999553
0.999683
0.999715
0.999603
0.999830
0.999651
0.999470
0.999623
0.999818
0.999713
0.999750
0.999730
0.999491
0.999689
0.999767
0.999575
0.999698
0.999661
0.999593
0.999681
0.999881
0.999623
0.999727
0.999814
0.999703
0.999637
0.999566
0.999755
0.999627
0.999764
0.999659
0.999585
0.999652
0.999689
0.999623
0.999654
0.999678
0.999521
0.999760
0.999928
0.999604
0.999700
0.999698
0.999529
0.999697
0.999849
0.999610
0.999703
0.999829
0.999658
0.999584
0.999649
0.999649
0.999641
0.999797
0.999647
0.999525
0.999643
0.999731
0.999519
0.999656
0.999932
0.999512
0.999524
0.999750
0.999689
0.999491
0.999521
0.999559
0.999712
0.999628
0.999438
0.999412
0.999656
0.999766
0.999575
0.999555
0.999561
0.999664
0.999798
0.999533
0.999533
0.999812
0.999583
0.999578
0.999738
0.999886
0.999563
0.999526
0.999685
0.999618
0.999524
0.999525
0.999561
0.999728
0.999631
0.999391
0.999482
0.999729
0.999813
0.999553
0.999483
0.999570
0.999701
0.999744
0.999537
0.999651
0.999901
0.999650
0.999574
0.999712
0.999881
0.999656
0.999694
0.999771
0.999697
0.999536
0.999475
0.999612
0.999814
0.999632
0.999391
0.999527
0.999667
0.999870
0.999693
0.999411
0.999581
0.999710
0.999638
0.999468
0.999692
0.999843
0.999620
0.999674
0.999662
0.999818
0.999696
0.999562
0.999642
0.999610
0.999548
0.999534
0.999635
0.999765
0.999629
0.999443
0.999479
0.999635
0.999835
0.999604
0.999542
0.999543
0.999631
0.999580
0.999483
0.999660
0.999922
0.999642
0.999919
0.999988
1.000277
1.000476
1.000286
1.000163
1.000364
1.000320
1.000102
1.000005
1.000235
1.000297
1.000123
1.000107
1.000297
1.000260
1.000003
1.000072
1.000312
1.000325
1.000251
1.000284
1.000342
1.000283
0.999984
0.999922
1.000063
1.000294
1.000344
1.000116
1.000062
1.000362
1.000349
1.000120
1.000053
1.000223
1.000263
1.000173
1.000108
1.000250
1.000276
1.000075
1.000055
1.000281
1.000392
1.000129
1.000167
1.000465
1.000310
1.000053
0.999951
1.000099
1.000247
1.000379
1.000176
1.000049
1.000317
1.000298
1.000023
1.000077
1.000301
1.000352
1.000177
1.000149
1.000239
1.000216
0.999953
1.000058
1.000241
1.000384
1.000049
1.000136
1.000482
1.000299
1.000016
0.999989
1.000059
1.000261
1.000504
1.000074
0.999975
1.000334
1.000353
1.000010
1.000033
1.000273
1.000235
1.000155
1.000158
1.000323
1.000316
0.999924
1.000126
1.000308
1.000428
1.000188
1.000181
1.000370
1.000364
1.000081
0.999872
0.999860
0.999914
1.000040
0.999986
0.999976
1.000052
1.000187
1.000214
0.999949
0.999900
1.000164
0.999920
0.999930
1.000172
0.999916
0.999845
1.000275
1.000280
1.000129
0.999997
0.999954
0.999991
0.999987
0.999912
0.999909
0.999843
0.999847
1.000162
0.999985
0.999937
1.000110
1.000193
1.000265
0.999848
0.999871
1.000117
0.999996
0.999929
1.000089
0.999880
0.999992
1.000226
1.000194
1.000173
0.999949
0.999894
1.000040
0.999892
0.999848
0.999825
0.999835
0.999815
1.000130
0.999941
0.999887
1.000095
1.000196
1.000162
1.000001
0.999834
1.000053
0.999939
0.999909
1.000103
0.999891
0.999845
1.000186
1.000187
1.000317
0.999998
0.999909
1.000043
0.999925
0.999851
0.999860
0.999858
0.999829
1.000159
0.999976
0.999998
1.000176
1.000242
1.000168
0.999971
0.999889
1.000054
0.999959
1.000025
1.000093
0.999847
0.999794
1.000242
1.000133
1.000174
1.000038
0.999969
1.000061
0.999855
0.999830
0.999790
0.999727
0.999483
0.999632
0.999742
0.999560
0.999673
0.999616
0.999620
0.999840
0.999789
0.999649
0.999682
0.999744
0.999718
0.999793
0.999721
0.999708
0.999507
0.999543
0.999535
0.999785
0.999591
0.999563
0.999755
0.999816
0.999757
0.999463
0.999774
0.999842
0.999557
0.999650
0.999570
0.999711
0.999715
0.999701
0.999618
0.999715
0.999681
0.999594
0.999689
0.999740
0.999687
0.999541
0.999579
0.999593
0.999824
0.999643
0.999521
0.999788
0.999795
0.999751
0.999408
0.999668
0.999886
0.999742
0.999730
0.999602
0.999662
0.999830
0.999769
0.999558
0.999691
0.999666
0.999619
0.999751
0.999755
0.999656
0.999633
0.999747
0.999636
0.999727
0.999657
0.999543
0.999778
0.999818
0.999722
0.999399
0.999679
0.999908
0.999638
0.999688
0.999640
0.999595
0.999816
0.999740
0.999551
0.999697
0.999717
0.999575
0.999743
0.999754
0.999739
0.999514
0.999514
0.999540
0.999808
0.999753
0.999495
0.999735
1.000278
1.000185
0.999766
0.999960
1.000181
0.999845
0.999788
0.999877
0.999872
1.000094
0.999896
0.999681
1.000016
0.999990
0.999657
0.999900
1.000103
0.999934
0.999802
0.999708
0.999873
1.000213
1.000033
0.999755
1.000105
1.000249
1.000183
0.999748
0.999979
1.000199
0.999824
0.999783
0.999886
0.999953
1.000128
0.999927
0.999751
1.000027
1.000046
0.999714
0.999901
1.000121
0.999910
0.999758
0.999731
0.999896
1.000197
0.999948
0.999773
1.000093
1.000267
1.000174
0.999810
1.000061
1.000188
0.999899
0.999759
0.999792
0.999914
1.000144
0.999962
0.999681
1.000047
1.000069
0.999739
0.999942
1.000136
0.999904
0.999794
0.999783
0.999973
1.000127
0.999974
0.999758
1.000095
1.000285
1.000141
0.999818
0.999944
1.000253
0.999794
0.999697
0.999855
0.999878
1.000197
1.000040
0.999747
1.000017
1.000032
0.999764
1.000054
1.000159
0.999958
0.999807
0.999728
0.999881
1.000165
0.999995
0.999809
1.000165
0.764621
0.761008
0.757274
0.764361
0.760515
0.757385
0.760630
0.764277
0.757483
0.760930
0.760554
0.764189
0.757311
0.764524
0.757169
0.760572
0.764437
0.757283
0.760837
0.764559
0.760640
0.760553
0.757293
0.764058
0.757610
0.764640
0.757354
0.764257
0.757277
0.760436
0.764437
0.757326
0.760625
0.764458
0.757391
0.764219
0.757165
0.760696
0.764389
0.757162
0.760921
0.764466
0.757310
0.764305
0.757145
0.764463
0.757008
0.764375
0.757084
0.764667
0.757644
0.760838
0.764449
0.757175
0.764076
0.757054
0.760802
0.764415
0.760770
0.757204
0.764401
0.760653
0.760665
0.757336
0.760847
0.764081
0.757390
0.764469
0.757095
0.764510
0.757273
0.760490
0.764366
0.757064
0.764657
0.757646
0.764509
0.757278
0.764037
0.757166
0.764427
0.757320
0.764156
0.757279
0.761060
0.764046
0.760656
0.757298
0.760860
0.764342
0.757214
0.760874
0.764285
0.757122
0.764563
0.757114
0.764337
0.756960
0.764453
0.757325
0.521971
0.515760
0.509547
0.521590
0.515418
0.509507
0.515796
0.521735
0.509566
0.515638
0.515528
0.521679
0.509593
0.521783
0.509537
0.515555
0.521758
0.509542
0.515557
0.521777
0.515661
0.515249
0.509297
0.521749
0.509707
0.521981
0.509669
0.521707
0.509262
0.515229
0.521669
0.509563
0.515502
0.521625
0.509582
0.521707
0.509541
0.515638
0.521756
0.509537
0.515577
0.521752
0.509563
0.521746
0.509595
0.521644
0.509425
0.521583
0.509573
0.521910
0.509767
0.515622
0.521640
0.509234
0.521340
0.509482
0.515736
0.521732
0.515591
0.509581
0.521704
0.515563
0.515612
0.509571
0.515547
0.521684
0.509572
0.521630
0.509461
0.521792
0.509449
0.515418
0.521590
0.509573
0.521910
0.509788
0.521864
0.509522
0.521539
0.509414
0.521644
0.509570
0.521705
0.509552
0.515643
0.521680
0.515568
0.509585
0.515599
0.521655
0.509488
0.515594
0.521630
0.509462
0.521792
0.509472
0.521364
0.509249
0.521639
0.509643
