0.769584
0.764380
0.759089
0.764012
0.769256
0.759132
0.764373
0.769393
0.759134
0.769487
0.764261
0.764251
0.759172
0.764301
0.769381
0.759097
0.769501
0.764230
0.759064
0.769498
0.759113
0.769217
0.758951
0.769412
0.759215
0.769587
0.759187
0.769323
0.764206
0.759079
0.769430
0.759171
0.769430
0.764281
0.759183
0.769415
0.759119
0.769490
0.759172
0.764239
0.769408
0.759178
0.769376
0.764232
0.759186
0.769490
0.764107
0.758935
0.764244
0.764367
0.769561
0.764391
0.759105
0.769337
0.759094
0.769425
0.759160
0.769409
0.759136
0.764340
0.769400
0.759108
0.764333
0.769490
0.764242
0.759102
0.769489
0.759132
0.769409
0.759163
0.769430
0.759097
0.769337
0.759117
0.769548
0.759303
0.769524
0.764256
0.758941
0.769269
0.764204
0.764288
0.759078
0.769383
0.759185
0.769415
0.759119
0.769490
0.759179
0.764245
0.769421
0.759184
0.764272
0.764244
0.769477
0.764382
0.764094
0.764041
0.759099
0.764403
0.883367
0.881121
0.878951
0.880845
0.883180
0.878741
0.881155
0.883118
0.878955
0.883258
0.880911
0.880950
0.878966
0.880971
0.883183
0.878819
0.883168
0.880991
0.878862
0.883299
0.878868
0.883016
0.878846
0.883034
0.878952
0.883468
0.878875
0.883231
0.880870
0.878804
0.883265
0.878789
0.883264
0.881018
0.878831
0.883226
0.878681
0.883300
0.878802
0.881022
0.883154
0.878830
0.883261
0.880999
0.878809
0.883146
0.880890
0.878782
0.881083
0.881058
0.883462
0.881133
0.878730
0.883099
0.878901
0.883114
0.878982
0.883091
0.878842
0.881179
0.883067
0.878880
0.880986
0.883300
0.880933
0.878819
0.883168
0.878934
0.883115
0.878859
0.883235
0.878812
0.883086
0.878743
0.883373
0.878943
0.883292
0.881089
0.878671
0.883182
0.880912
0.881028
0.878806
0.883255
0.878837
0.883227
0.878683
0.883206
0.878903
0.880933
0.883227
0.878924
0.880928
0.881022
0.883286
0.880923
0.880883
0.881021
0.878736
0.881148
1.000137
1.000057
0.999910
0.999977
1.000093
0.999967
0.999859
0.999851
0.999965
1.000049
0.999957
0.999845
1.000027
1.000009
0.999816
0.999983
1.000058
0.999928
0.999855
0.999866
1.000006
1.000082
0.999981
0.999891
1.000088
1.000155
1.000075
0.999905
0.999994
1.000109
0.999948
0.999865
0.999884
0.999955
1.000078
0.999985
0.999842
1.000030
1.000009
0.999873
0.999986
1.000054
0.999976
0.999865
0.999856
0.999926
1.000134
1.000002
0.999900
1.000071
1.000161
1.000109
0.999891
0.999944
1.000072
0.999900
0.999867
0.999911
0.999960
1.000049
0.999950
0.999856
1.000023
1.000007
0.999870
0.999993
1.000054
0.999909
0.999898
0.999879
0.999974
1.000143
0.999931
0.999896
1.000088
1.000131
1.000081
0.999912
0.999990
1.000113
0.999967
0.999898
0.999894
0.999940
1.000068
0.999976
0.999855
0.999997
1.000035
0.999867
0.999975
1.000068
0.999914
0.999912
0.999892
0.999947
1.000079
0.999964
0.999883
1.000091
0.999906
0.999882
0.999751
0.999836
0.999925
0.999869
0.999809
0.999750
0.999831
0.999886
0.999903
0.999800
0.999791
0.999880
0.999827
0.999918
0.999965
0.999860
0.999761
0.999864
0.999829
0.999887
0.999804
0.999746
0.999878
0.999922
0.999862
0.999758
0.999816
0.999899
0.999805
0.999804
0.999781
0.999816
0.999925
0.999884
0.999781
0.999835
0.999827
0.999816
0.999890
0.999930
0.999846
0.999777
0.999804
0.999758
0.999952
0.999859
0.999735
0.999874
0.999903
0.999864
0.999717
0.999835
0.999911
0.999785
0.999849
0.999817
0.999841
0.999944
0.999859
0.999796
0.999861
0.999804
0.999794
0.999895
0.999943
0.999843
0.999773
0.999880
0.999819
0.999901
0.999826
0.999713
0.999882
0.999898
0.999886
0.999731
0.999801
0.999925
0.999856
0.999852
0.999821
0.999803
0.999911
0.999908
0.999836
0.999836
0.999823
0.999832
0.999908
0.999927
0.999802
0.999812
0.999868
0.999875
0.999957
0.999844
0.999740
0.999865
0.999926
0.999902
0.999912
1.000023
1.000020
1.000067
1.000092
1.000106
1.000099
0.999974
0.999994
1.000058
0.999924
0.999992
1.000071
0.999928
0.999972
1.000089
1.000106
1.000068
0.999927
0.999965
1.000028
0.999950
0.999908
0.999942
0.999903
0.999944
1.000016
0.999963
0.999966
1.000059
1.000124
1.000085
0.999990
0.999917
1.000027
0.999948
0.999959
1.000052
0.999953
0.999989
1.000085
1.000156
1.000052
0.999890
0.999970
1.000064
0.999928
0.999940
0.999943
0.999915
0.999933
1.000028
0.999970
1.000000
1.000133
1.000142
1.000094
0.999979
0.999911
1.000038
0.999998
0.999956
1.000055
0.999953
1.000007
1.000079
1.000100
1.000091
0.999978
0.999964
1.000036
0.999916
0.999907
0.999922
0.999907
0.999912
0.999972
0.999984
1.000041
1.000094
1.000112
1.000057
0.999973
0.999959
1.000044
0.999962
0.999957
1.000044
0.999961
0.999983
1.000072
1.000097
1.000097
1.000003
1.000000
1.000045
0.999950
0.999917
0.999989
1.000029
1.000185
1.000202
1.000067
1.000045
1.000162
1.000151
1.000016
0.999990
1.000160
1.000128
1.000059
1.000094
1.000165
1.000104
0.999998
1.000017
1.000157
1.000232
1.000036
1.000068
1.000183
1.000189
1.000046
0.999969
1.000036
1.000173
1.000188
1.000022
1.000027
1.000213
1.000161
1.000037
1.000024
1.000148
1.000168
1.000085
1.000070
1.000113
1.000120
1.000041
1.000045
1.000169
1.000167
1.000050
1.000124
1.000183
1.000115
0.999999
0.999992
1.000007
1.000150
1.000262
1.000053
1.000003
1.000142
1.000144
1.000054
0.999999
1.000111
1.000153
1.000073
1.000070
1.000137
1.000134
1.000011
0.999999
1.000157
1.000147
1.000017
1.000084
1.000243
1.000192
1.000055
0.999975
1.000036
1.000172
1.000216
1.000118
1.000064
1.000159
1.000159
1.000022
1.000001
1.000157
1.000131
1.000064
1.000081
1.000138
1.000151
0.999989
1.000018
1.000137
1.000175
0.999996
1.000001
1.000188
1.000159
1.000007
0.999808
0.999829
0.999953
0.999826
0.999731
0.999784
0.999818
0.999796
0.999766
0.999745
0.999896
0.999870
0.999719
0.999718
0.999801
0.999876
0.999817
0.999767
0.999757
0.999873
0.999832
0.999747
0.999817
0.999935
0.999799
0.999793
0.999823
0.999943
0.999878
0.999802
0.999924
0.999856
0.999745
0.999758
0.999779
0.999902
0.999845
0.999744
0.999722
0.999856
0.999922
0.999763
0.999728
0.999757
0.999843
0.999865
0.999818
0.999788
0.999957
0.999832
0.999809
0.999788
0.999905
0.999900
0.999739
0.999829
0.999847
0.999788
0.999712
0.999782
0.999941
0.999881
0.999665
0.999717
0.999809
0.999923
0.999814
0.999744
0.999809
0.999838
0.999811
0.999729
0.999825
0.999938
0.999810
0.999805
0.999833
0.999954
0.999829
0.999773
0.999855
0.999807
0.999755
0.999729
0.999834
0.999939
0.999811
0.999723
0.999728
0.999811
0.999939
0.999834
0.999724
0.999756
0.999822
0.999814
0.999780
0.999856
0.999936
0.999797
0.999895
0.999910
0.999832
0.999770
0.999853
0.999919
0.999818
0.999870
0.999827
0.999762
0.999872
0.999954
0.999811
0.999803
0.999919
0.999868
0.999795
0.999834
0.999843
0.999809
0.999939
0.999868
0.999792
0.999807
0.999859
0.999911
0.999900
0.999796
0.999772
0.999863
0.999912
0.999744
0.999856
0.999843
0.999770
0.999851
0.999918
0.999784
0.999829
0.999959
0.999878
0.999765
0.999812
0.999831
0.999789
0.999897
0.999891
0.999762
0.999814
0.999873
0.999866
0.999883
0.999758
0.999804
0.999901
0.999931
0.999781
0.999883
0.999806
0.999783
0.999848
0.999986
0.999822
0.999830
0.999923
0.999843
0.999809
0.999816
0.999868
0.999814
0.999916
0.999832
0.999752
0.999844
0.999858
0.999875
0.999885
0.999841
0.999769
0.999815
0.999894
0.999817
0.999843
0.999800
0.999812
0.999845
0.999888
0.999799
0.999822
0.999892
0.999847
0.999812
0.999805
0.999839
0.999822
0.999964
0.999901
0.999777
0.999824
0.999852
1.000135
1.000168
1.000091
1.000081
1.000067
1.000188
1.000136
1.000089
1.000061
1.000105
1.000182
1.000131
1.000152
1.000125
1.000113
1.000189
1.000105
1.000045
1.000105
1.000090
1.000159
1.000069
1.000089
1.000132
1.000214
1.000114
1.000142
1.000170
1.000111
1.000033
1.000118
1.000113
1.000123
1.000072
1.000097
1.000166
1.000126
1.000141
1.000194
1.000152
1.000182
1.000099
1.000064
1.000138
1.000174
1.000170
1.000092
1.000129
1.000110
1.000192
1.000155
1.000166
1.000104
1.000149
1.000099
1.000151
1.000091
1.000105
1.000048
1.000090
1.000124
1.000108
1.000191
1.000172
1.000122
1.000156
1.000111
1.000052
1.000128
1.000178
1.000187
1.000040
1.000109
1.000147
1.000126
1.000110
1.000160
1.000140
1.000105
1.000052
1.000181
1.000185
1.000113
1.000046
1.000111
1.000157
1.000090
1.000152
1.000173
1.000121
1.000187
1.000118
1.000067
1.000128
1.000098
1.000135
1.000090
1.000144
1.000129
1.000098
1.000147
1.000127
1.000182
1.000077
1.000060
1.000204
1.000201
1.000172
1.000155
1.000118
1.000083
1.000025
1.000075
1.000087
1.000064
1.000104
1.000181
1.000180
1.000194
1.000204
1.000157
1.000046
1.000098
1.000128
1.000091
1.000168
1.000017
1.000170
1.000087
1.000039
1.000183
1.000213
1.000195
1.000160
1.000116
1.000077
1.000037
1.000070
1.000046
1.000005
1.000082
1.000125
1.000160
1.000206
1.000211
1.000168
1.000033
1.000076
1.000098
1.000049
1.000210
1.000084
1.000147
1.000141
1.000087
1.000119
1.000159
1.000242
1.000190
1.000097
1.000104
1.000038
1.000034
1.000084
1.000048
1.000096
1.000141
1.000183
1.000169
1.000175
1.000182
1.000110
1.000146
1.000184
1.000084
1.000139
1.000052
1.000150
1.000070
1.000053
1.000175
1.000190
1.000177
1.000187
1.000142
1.000099
1.000040
1.000080
1.000085
1.000007
1.000078
1.000128
1.000145
1.000235
1.000155
1.000118
1.000065
1.000100
1.000148
1.000026
1.000087
1.000025
1.000094
1.000121
1.000121
1.000138
1.000037
1.000128
1.000215
1.000063
0.999957
1.000083
1.000109
1.000117
1.000091
0.999966
1.000051
1.000161
1.000133
1.000050
1.000145
1.000110
1.000121
1.000096
0.999991
1.000004
0.999987
1.000128
1.000092
1.000103
1.000153
1.000035
1.000122
1.000161
1.000068
0.999986
1.000092
1.000119
1.000103
1.000074
0.999971
1.000064
1.000177
1.000123
1.000010
1.000148
1.000158
1.000157
1.000133
0.999981
1.000035
0.999943
1.000050
1.000120
1.000128
1.000125
0.999995
1.000148
1.000171
1.000054
1.000020
1.000078
1.000101
1.000097
1.000083
0.999993
1.000056
1.000160
1.000127
1.000001
1.000090
1.000115
1.000089
1.000086
1.000016
1.000071
0.999988
1.000079
1.000119
1.000127
1.000112
1.000009
1.000133
1.000180
1.000062
0.999991
1.000077
1.000110
1.000108
1.000081
0.999968
1.000058
1.000166
1.000170
1.000019
1.000135
1.000146
1.000114
1.000054
0.999970
1.000082
1.000068
0.999964
1.000024
0.999900
0.999961
0.999956
0.999797
1.000010
1.000044
0.999972
0.999992
1.000092
1.000113
0.999989
0.999963
1.000025
0.999990
0.999862
1.000001
0.999970
0.999910
1.000036
0.999929
1.000040
1.000098
1.000102
0.999962
1.000012
0.999882
0.999987
1.000067
0.999925
1.000012
1.000044
1.000007
1.000019
1.000104
1.000086
1.000019
0.999995
1.000059
1.000071
0.999805
0.999931
0.999974
0.999924
1.000050
0.999947
1.000059
1.000119
1.000027
0.999878
1.000038
0.999916
1.000001
1.000082
0.999879
0.999951
1.000042
0.999991
0.999979
1.000110
1.000096
0.999997
0.999974
1.000033
1.000042
0.999932
1.000014
0.999960
0.999929
1.000021
0.999941
1.000075
1.000085
1.000005
0.999922
1.000040
0.999906
0.999975
0.999925
0.999838
1.000038
1.000023
0.999980
1.000005
1.000116
1.000099
0.999992
0.999976
1.000053
1.000034
0.999869
0.999986
0.999985
0.999917
1.000046
0.999904
1.000005
1.000074
0.999979
0.999803
0.999893
0.999946
0.999989
1.000108
0.999862
0.999898
0.999996
0.999948
0.999920
0.999953
0.999913
0.999865
0.999960
1.000051
0.999925
0.999853
1.000121
0.999964
0.999909
0.999847
0.999796
1.000051
1.000096
0.999997
0.999793
0.999858
0.999900
0.999936
1.000081
0.999880
0.999951
1.000017
0.999917
0.999867
0.999939
0.999936
0.999882
0.999959
1.000021
0.999875
0.999837
1.000175
0.999985
0.999852
0.999707
0.999805
1.000058
1.000085
1.000076
0.999829
0.999833
0.999897
0.999940
1.000069
0.999910
0.999953
1.000037
0.999963
0.999899
0.999955
0.999929
0.999870
0.999930
0.999999
0.999890
0.999824
1.000085
0.999987
0.999906
0.999852
0.999810
0.999990
1.000074
1.000071
0.999858
0.999867
0.999906
0.999974
1.000098
0.999898
0.999993
1.000042
0.999937
0.999880
0.999928
0.999925
0.999874
0.999967
1.000026
0.999837
0.999812
1.000151
0.999955
0.999895
0.999846
0.999869
1.000071
1.000027
0.999997
0.999962
1.000009
1.000103
1.000033
1.000004
1.000112
1.000020
1.000042
1.000066
1.000041
0.999934
0.999961
1.000064
1.000053
1.000094
1.000055
1.000145
1.000090
0.999980
1.000094
1.000049
0.999929
0.999941
1.000003
1.000031
0.999992
0.999958
1.000052
0.999993
1.000086
1.000161
1.000076
1.000062
1.000015
1.000035
0.999950
0.999941
1.000037
1.000063
1.000041
1.000004
1.000234
1.000126
0.999955
1.000174
1.000055
0.999963
0.999969
0.999976
1.000013
0.999955
1.000024
1.000119
0.999989
1.000086
1.000241
1.000049
1.000027
1.000027
1.000059
0.999963
0.999970
1.000049
1.000049
1.000051
1.000010
1.000106
1.000006
1.000019
1.000079
0.999987
0.999957
0.999995
1.000027
0.999999
0.999920
1.000036
1.000093
0.999974
1.000069
1.000196
1.000072
1.000044
1.000028
1.000061
0.999968
0.999962
1.000069
1.000026
1.000066
1.000042
1.000167
1.000100
0.999970
1.000047
0.999975
0.999958
0.999996
0.999977
0.999936
1.000069
1.000028
0.999886
0.999864
0.999885
1.000057
1.000026
0.999978
1.000027
1.000037
0.999944
0.999939
1.000026
1.000034
0.999979
1.000036
0.999940
0.999864
0.999820
0.999887
1.000088
1.000115
0.999919
0.999965
0.999940
1.000124
1.000060
0.999853
0.999844
0.999856
0.999892
1.000015
0.999986
1.000010
1.000037
0.999951
0.999942
1.000037
1.000019
0.999973
1.000025
0.999939
0.999819
0.999790
0.999907
1.000096
1.000124
0.999928
0.999950
0.999939
1.000074
1.000061
0.999900
0.999852
0.999839
0.999952
1.000029
0.999969
1.000015
1.000005
0.999914
0.999960
1.000029
1.000034
0.999977
1.000114
1.000057
0.999872
0.999869
0.999853
1.000063
1.000154
0.999941
0.999970
0.999961
1.000074
1.000080
0.999883
0.999820
0.999861
0.999946
1.000023
0.999970
1.000029
1.000034
0.999955
0.999930
1.000042
0.999988
0.999975
1.000044
1.000006
0.999888
0.999831
0.999861
1.000056
1.000075
0.999937
0.999936
0.999936
0.999937
0.999836
0.999837
0.999890
0.999876
0.999863
0.999794
0.999927
0.999856
0.999961
1.000009
1.000013
0.999934
0.999844
0.999971
0.999890
0.999850
0.999871
0.999842
0.999869
0.999908
0.999983
0.999937
0.999935
0.999936
0.999970
0.999942
0.999901
0.999869
0.999804
0.999825
0.999890
0.999947
0.999913
0.999976
0.999995
1.000012
0.999956
0.999846
0.999947
0.999890
0.999844
0.999873
0.999856
0.999891
0.999917
0.999925
0.999865
0.999935
0.999961
0.999954
0.999839
0.999842
0.999886
0.999849
0.999778
0.999869
1.000005
0.999883
0.999941
0.999991
1.000018
0.999967
0.999954
0.999987
0.999834
0.999754
0.999807
0.999896
0.999837
0.999852
0.999981
0.999937
0.999921
0.999960
0.999931
0.999881
0.999929
0.999892
0.999883
0.999803
0.999826
0.999942
0.999861
0.999950
1.000005
1.000008
0.999962
0.999818
0.999950
0.999880
0.999873
0.999892
0.999866
0.999904
0.999892
0.999907
0.999937
0.999964
0.999910
0.999807
0.999896
0.999937
0.999974
0.999958
1.000104
0.999972
1.000028
0.999974
1.000022
1.000005
1.000003
1.000024
1.000021
0.999947
0.999863
1.000092
0.999975
0.999930
0.999969
0.999970
0.999823
0.999857
0.999962
0.999882
0.999820
0.999965
0.999979
0.999964
1.000001
1.000102
0.999907
0.999947
0.999976
1.000029
0.999980
1.000006
1.000008
0.999992
1.000023
0.999959
1.000087
0.999984
0.999972
0.999960
0.999929
0.999840
0.999888
0.999981
0.999877
0.999790
0.999897
0.999965
1.000009
0.999965
1.000038
0.999915
0.999951
0.999975
1.000028
0.999970
0.999969
1.000010
0.999980
0.999942
0.999903
1.000102
0.999977
0.999998
1.000003
0.999966
0.999790
0.999845
0.999950
0.999889
0.999800
0.999881
0.999970
0.999968
0.999999
1.000089
0.999916
0.999951
0.999949
1.000014
0.999979
1.000012
1.000008
0.999991
1.000009
0.999900
1.000085
0.999983
0.999982
1.000008
0.999921
0.999791
0.999910
0.999913
0.999955
1.000125
1.000219
1.000036
1.000002
1.000099
1.000034
1.000067
0.999985
1.000133
0.999953
0.999835
0.999833
0.999964
1.000123
0.999915
1.000130
1.000147
1.000175
1.000020
1.000060
1.000128
1.000028
0.999923
1.000006
1.000020
1.000061
1.000149
1.000016
0.999956
1.000123
1.000028
1.000015
0.999971
1.000121
0.999964
0.999833
0.999858
0.999975
1.000125
0.999966
1.000096
1.000058
1.000107
0.999975
1.000022
1.000183
1.000108
1.000007
0.999990
0.999931
1.000130
1.000215
1.000068
1.000067
1.000076
0.999871
1.000008
0.999974
1.000110
0.999981
0.999861
0.999810
0.999945
1.000125
0.999977
1.000015
1.000048
1.000126
0.999950
0.999980
1.000192
1.000080
0.999968
1.000037
0.999992
1.000061
1.000114
1.000053
1.000036
1.000193
1.000081
1.000048
0.999968
1.000121
0.999999
0.999864
0.999869
0.999971
1.000148
1.000003
1.000025
1.000028
1.000164
1.000073
1.000057
1.000190
1.000122
0.999955
1.000002
1.000195
1.000301
1.000085
1.000065
1.000100
1.000098
0.999918
1.000047
1.000060
0.999950
0.999942
0.999978
0.999962
1.000011
0.999980
1.000044
1.000039
0.999829
1.000077
1.000080
1.000082
1.000119
1.000299
1.000171
0.999998
1.000192
1.000211
1.000081
1.000100
1.000140
1.000225
0.999909
0.999940
1.000029
1.000017
0.999984
0.999955
0.999966
1.000033
0.999972
0.999952
0.999981
0.999923
1.000153
1.000017
1.000005
1.000037
1.000188
1.000189
0.999960
1.000180
1.000206
1.000019
1.000058
1.000083
1.000191
1.000010
1.000093
1.000051
1.000001
0.999979
0.999966
0.999945
1.000049
1.000085
1.000053
0.999964
0.999908
1.000202
1.000119
1.000069
1.000070
1.000174
1.000169
0.999994
1.000227
1.000296
1.000087
1.000065
1.000068
1.000068
0.999879
1.000021
1.000008
0.999996
1.000013
0.999958
0.999975
0.999931
0.999976
1.000078
1.000011
0.999895
1.000059
1.000041
1.000073
1.000060
1.000257
1.000221
1.000095
1.000143
1.000022
0.999929
0.999944
1.000114
0.999988
1.000048
0.999936
0.999970
0.999901
1.000038
1.000032
1.000006
1.000031
0.999899
0.999911
0.999903
1.000054
0.999968
1.000093
0.999965
0.999836
0.999960
1.000125
1.000139
1.000161
0.999982
0.999891
0.999935
1.000114
1.000051
1.000079
0.999927
0.999989
0.999914
1.000009
1.000031
1.000020
1.000009
0.999860
0.999948
0.999969
1.000063
0.999948
1.000045
0.999943
0.999972
1.000048
1.000118
1.000148
1.000146
1.000020
0.999917
0.999944
1.000077
0.999948
0.999991
0.999905
0.999963
0.999906
1.000008
1.000034
1.000006
1.000011
0.999870
0.999933
0.999938
1.000008
0.999969
1.000086
0.999949
0.999897
0.999987
1.000153
1.000121
1.000083
0.999996
0.999904
0.999948
1.000097
0.999972
1.000052
0.999917
0.999921
0.999904
1.000034
1.000010
1.000038
1.000030
0.999873
0.999922
0.999917
1.000039
0.999958
1.000081
0.999979
0.999886
1.000003
1.000111
1.000031
0.999905
0.999866
0.999996
0.999921
0.999804
0.999938
1.000073
0.999996
1.000031
0.999996
0.999982
0.999879
0.999871
1.000001
1.000061
1.000007
1.000014
1.000113
0.999899
0.999862
1.000079
0.999943
0.999811
0.999910
1.000013
0.999896
0.999832
0.999944
0.999964
0.999888
0.999945
1.000069
1.000012
1.000037
1.000031
0.999982
0.999884
0.999859
0.999988
1.000037
1.000022
0.999999
1.000069
1.000032
1.000003
1.000000
0.999952
0.999843
0.999882
1.000048
0.999900
0.999870
0.999995
1.000059
0.999938
0.999962
1.000082
1.000017
1.000042
1.000031
0.999982
0.999885
0.999879
0.999993
1.000055
1.000027
1.000012
1.000064
1.000011
0.999995
1.000079
0.999963
0.999824
0.999902
1.000033
0.999858
0.999863
0.999969
0.999984
0.999872
0.999894
1.000096
1.000021
1.000004
1.000051
1.000021
0.999896
0.999915
1.000015
1.000033
1.000017
1.000011
1.000104
0.999957
0.999920
1.000008
0.999942
0.999847
0.999921
1.000036
1.000026
0.999996
0.999989
1.000142
1.000002
1.000161
1.000096
1.000084
1.000127
1.000045
1.000136
1.000180
1.000111
1.000068
1.000082
1.000101
1.000025
1.000113
1.000203
0.999930
1.000073
0.999969
0.999949
1.000011
1.000072
0.999986
0.999980
0.999980
1.000090
0.999919
1.000112
1.000109
1.000063
1.000145
1.000076
1.000064
1.000131
1.000177
1.000150
1.000084
1.000133
1.000063
1.000094
1.000108
0.999951
1.000125
0.999967
0.999932
1.000013
1.000085
0.999999
0.999967
1.000004
1.000056
0.999916
1.000153
1.000055
1.000058
1.000180
1.000076
1.000048
1.000130
1.000131
1.000060
1.000074
1.000145
1.000063
1.000094
1.000104
0.999877
1.000057
0.999957
0.999952
1.000007
1.000096
0.999979
0.999965
1.000003
1.000101
0.999997
1.000154
1.000108
1.000037
1.000101
1.000077
1.000041
1.000101
1.000118
1.000054
1.000084
1.000108
1.000016
1.000106
1.000128
0.999959
1.000119
0.999963
0.999936
0.999982
1.000192
1.000043
0.999938
1.000009
1.000047
1.000073
1.000024
1.000019
0.999978
1.000079
0.999988
1.000061
1.000221
1.000194
1.000021
0.999968
1.000100
0.999938
1.000006
1.000042
1.000042
1.000002
1.000059
0.999958
1.000002
1.000180
1.000005
0.999971
1.000015
1.000001
1.000064
1.000030
1.000021
0.999933
1.000065
0.999980
1.000022
1.000200
1.000192
0.999995
0.999941
1.000053
0.999933
1.000016
1.000043
1.000024
1.000010
1.000058
0.999942
1.000029
1.000204
1.000027
0.999926
1.000017
1.000041
1.000081
1.000073
0.999996
0.999950
1.000096
0.999960
1.000042
1.000244
1.000200
1.000006
0.999938
1.000063
0.999933
1.000016
1.000033
1.000074
1.000037
1.000058
0.999968
1.000002
1.000166
1.000017
0.999941
1.000050
1.000035
1.000070
1.000040
1.000035
0.999946
1.000100
0.999981
1.000031
1.000220
1.000239
1.000025
0.999969
1.000102
0.999939
1.000055
1.000100
1.000099
1.000049
1.000029
0.999922
1.000054
0.999780
0.999846
0.999938
1.000016
0.999906
0.999984
0.999901
0.999986
1.000039
0.999785
0.999908
1.000074
1.000002
0.999941
1.000078
0.999949
0.999704
0.999917
0.999982
0.999946
1.000006
0.999917
1.000098
0.999986
0.999834
0.999833
0.999833
0.999999
1.000098
0.999923
0.999990
0.999931
1.000005
0.999955
0.999863
1.000065
1.000077
0.999988
0.999988
1.000090
1.000093
0.999853
0.999956
0.999997
0.999951
1.000008
0.999906
1.000030
0.999924
0.999813
0.999837
0.999851
0.999937
1.000032
0.999907
1.000000
0.999972
0.999966
0.999964
0.999739
0.999930
1.000105
1.000001
0.999939
1.000047
1.000057
0.999850
0.999943
0.999997
0.999952
1.000004
0.999902
1.000074
0.999967
0.999826
0.999861
0.999892
0.999959
1.000051
0.999905
0.999982
0.999918
0.999969
0.999884
0.999788
1.000017
1.000084
1.000002
0.999998
1.000097
1.000033
0.999840
0.999954
0.999968
0.999900
0.999977
0.999894
1.000066
0.999988
0.999788
0.999717
0.999940
1.000063
0.999915
0.999941
1.000004
1.000003
0.999944
0.999949
0.999732
0.999984
1.000049
0.999948
0.999936
1.000089
1.000019
0.999827
0.999982
0.999900
0.999995
1.000017
0.999941
0.999918
1.000033
0.999941
0.999759
0.999940
1.000043
0.999908
0.999926
1.000025
0.999984
0.999889
0.999933
0.999778
0.999948
0.999986
0.999927
0.999935
1.000060
0.999910
0.999700
1.000000
0.999930
0.999996
1.000010
0.999942
0.999915
1.000074
0.999935
0.999693
0.999931
1.000039
0.999943
0.999927
0.999982
1.000001
0.999908
0.999971
0.999811
1.000013
1.000065
0.999929
0.999950
1.000073
0.999972
0.999767
1.000002
0.999942
1.000019
0.999981
0.999907
0.999922
1.000023
0.999914
0.999680
0.999924
1.000101
0.999950
0.999931
1.000005
1.000021
0.999960
0.999987
0.999801
0.999982
1.000001
0.999934
0.999894
1.000010
0.999994
0.999723
0.999941
0.999952
1.000028
1.000008
0.999921
0.999942
1.000125
0.999957
1.000112
1.000214
1.000126
0.999993
0.999894
0.999958
0.999959
0.999909
1.000097
1.000099
0.999855
0.999983
0.999950
0.999926
0.999961
0.999869
1.000091
1.000066
0.999948
0.999963
0.999959
0.999900
0.999979
1.000148
1.000202
1.000073
1.000189
1.000134
1.000024
0.999918
0.999950
0.999982
0.999954
1.000049
1.000135
0.999896
0.999913
0.999946
0.999938
0.999964
0.999861
1.000098
1.000092
0.999946
0.999972
0.999955
0.999898
0.999985
1.000112
1.000218
1.000115
1.000177
1.000134
1.000015
0.999918
0.999958
0.999983
0.999949
1.000099
1.000182
0.999932
0.999955
0.999926
0.999948
0.999974
0.999969
1.000194
1.000076
0.999908
0.999956
0.999954
0.999882
0.999994
1.000138
1.000221
1.000151
1.000204
1.000104
0.999959
0.999872
0.999938
0.999968
0.999939
1.000075
1.000159
0.999926
0.999957
0.999964
0.999930
0.999939
0.999892
1.000123
1.000076
0.999909
0.999959
0.999952
0.999876
0.999955
1.000121
1.000162
1.000237
1.000123
1.000078
1.000104
1.000022
0.999964
0.999936
0.999977
1.000016
1.000240
1.000080
0.999915
0.999893
0.999977
0.999917
0.999998
1.000245
1.000057
1.000022
0.999932
0.999946
1.000011
1.000087
1.000062
1.000163
1.000242
1.000140
1.000077
1.000069
0.999968
0.999931
0.999940
1.000016
1.000047
1.000251
1.000033
0.999881
0.999949
0.999933
0.999886
1.000011
1.000223
1.000082
1.000038
0.999925
0.999957
1.000013
1.000101
1.000071
1.000129
1.000209
1.000141
1.000077
1.000067
0.999988
0.999969
0.999943
1.000008
1.000026
1.000126
0.999999
0.999966
0.999967
0.999910
0.999873
0.999918
1.000117
1.000017
0.999973
0.999936
0.999956
1.000055
1.000142
1.000067
1.000126
1.000195
1.000126
1.000063
1.000133
1.000052
0.999943
0.999929
1.000012
1.000020
1.000183
1.000006
0.999880
0.999900
0.999969
0.999961
1.000062
1.000231
1.000037
1.000006
0.999937
0.999936
1.000003
1.000103
1.000071
1.000165
0.999936
0.999839
0.999953
0.999968
1.000092
1.000085
1.000045
1.000010
0.999859
0.999829
0.999941
0.999839
0.999986
1.000005
0.999856
0.999987
0.999872
0.999812
0.999988
1.000061
1.000089
1.000098
0.999971
0.999939
0.999796
0.999955
0.999854
0.999962
0.999972
1.000135
1.000120
1.000039
0.999965
0.999816
0.999858
0.999958
0.999861
1.000032
1.000015
0.999866
0.999989
0.999871
0.999815
0.999956
1.000024
1.000087
1.000111
0.999995
0.999981
0.999839
0.999975
0.999848
0.999960
0.999974
1.000101
1.000082
1.000034
0.999969
0.999823
0.999832
0.999932
0.999825
0.999993
1.000006
0.999870
1.000001
0.999875
0.999867
0.999988
1.000018
1.000077
1.000100
0.999954
0.999929
0.999849
0.999986
0.999848
0.999916
0.999940
1.000097
1.000073
1.000043
1.000001
0.999839
0.999865
0.999979
0.999855
0.999986
1.000000
0.999825
0.999928
0.999839
0.999816
0.999965
1.000043
1.000103
1.000122
0.999972
0.999938
0.999815
0.999866
0.999951
0.999916
0.999887
1.000026
1.000126
1.000167
1.000069
1.000037
0.999973
1.000082
1.000065
1.000032
1.000112
1.000143
1.000059
0.999932
1.000044
1.000105
1.000213
1.000152
1.000027
0.999944
0.999941
0.999869
0.999699
0.999843
0.999866
0.999897
1.000016
1.000126
1.000161
1.000074
1.000042
0.999972
1.000044
1.000070
1.000084
1.000081
1.000070
1.000026
0.999943
1.000053
1.000090
1.000167
1.000117
1.000026
0.999914
0.999930
0.999965
0.999752
0.999801
0.999870
0.999931
1.000032
1.000121
1.000170
1.000100
1.000066
0.999987
1.000073
1.000097
1.000086
1.000071
1.000070
1.000023
0.999958
1.000078
1.000129
1.000191
1.000110
1.000056
0.999948
0.999939
0.999878
0.999767
0.999964
0.999934
0.999947
1.000047
1.000104
1.000189
1.000118
1.000052
0.999922
1.000043
1.000092
1.000069
1.000086
1.000097
1.000067
0.999963
1.000048
1.000087
1.000173
1.000128
1.000022
0.999887
0.999903
1.000005
0.999974
1.000082
1.000002
1.000011
1.000016
0.999983
1.000028
0.999979
1.000037
1.000097
1.000064
1.000096
0.999910
0.999879
1.000025
1.000023
1.000141
1.000069
0.999965
0.999997
0.999967
1.000022
0.999999
1.000035
1.000118
0.999971
1.000074
0.999996
1.000035
1.000016
0.999965
1.000018
0.999982
1.000017
1.000086
1.000065
1.000070
0.999881
0.999893
1.000075
1.000069
1.000096
1.000024
0.999975
1.000039
0.999994
0.999998
1.000001
0.999978
1.000076
1.000046
1.000173
1.000017
1.000006
1.000005
0.999977
1.000027
0.999973
1.000038
1.000146
1.000068
1.000071
0.999911
0.999918
1.000111
1.000091
1.000083
0.999994
0.999972
1.000012
0.999968
0.999995
1.000003
1.000029
1.000052
0.999966
1.000090
0.999999
0.999997
1.000022
0.999988
1.000013
0.999960
1.000022
1.000112
1.000086
1.000070
0.999886
0.999900
1.000067
1.000042
1.000092
1.000029
0.999978
1.000024
0.999974
1.000017
1.000035
0.999993
1.000069
1.000135
1.000010
1.000104
1.000063
1.000041
0.999948
0.999853
0.999953
0.999919
1.000042
1.000034
1.000025
1.000001
1.000041
1.000059
1.000010
1.000019
0.999878
0.999930
0.999872
0.999935
1.000004
1.000063
1.000109
1.000026
1.000136
1.000019
1.000091
1.000068
1.000036
0.999934
0.999820
0.999926
0.999928
1.000062
1.000015
1.000068
1.000038
1.000001
1.000026
1.000034
1.000038
0.999896
0.999897
0.999811
0.999943
1.000030
1.000072
1.000085
1.000026
1.000140
1.000024
1.000114
1.000072
1.000029
0.999953
0.999874
0.999930
0.999874
1.000022
1.000025
1.000017
1.000012
0.999983
0.999998
1.000036
1.000042
0.999918
0.999961
0.999871
0.999968
1.000039
1.000075
1.000103
0.999974
1.000160
1.000046
1.000097
1.000080
1.000034
0.999933
0.999829
0.999927
0.999908
1.000005
1.000008
1.000028
1.000001
1.000034
1.000066
1.000031
1.000039
0.999919
0.999959
0.999873
0.999950
1.000014
1.000066
1.000085
1.000026
0.999867
0.999848
0.999827
1.000009
1.000099
1.000027
0.999955
1.000004
1.000016
0.999877
0.999972
0.999983
1.000081
1.000079
0.999968
0.999927
0.999841
0.999986
0.999989
0.999934
1.000023
1.000093
1.000016
0.999905
1.000020
0.999980
0.999994
0.999899
0.999999
1.000065
1.000040
0.999949
0.999983
0.999993
0.999857
0.999936
0.999975
1.000078
1.000077
0.999981
0.999972
0.999881
1.000013
0.999987
0.999940
1.000043
1.000082
0.999991
0.999868
0.999975
0.999901
0.999953
0.999929
0.999995
1.000076
1.000022
0.999932
0.999978
0.999979
0.999855
0.999965
0.999980
1.000100
1.000087
0.999976
0.999958
0.999875
0.999961
0.999963
0.999936
1.000021
1.000093
1.000044
0.999897
0.999964
1.000012
0.999989
0.999894
1.000034
1.000088
1.000041
0.999933
0.999975
1.000006
0.999878
0.999971
0.999982
1.000081
1.000079
0.999985
0.999968
0.999881
1.000027
1.000011
0.999944
1.000028
1.000089
1.000008
0.999873
0.999970
0.999857
0.999912
0.999844
0.999880
1.000037
1.000083
1.000001
0.999904
1.000079
0.999929
0.999886
0.999907
0.999903
0.999927
0.999938
0.999929
0.999998
1.000135
0.999944
1.000010
1.000070
1.000033
0.999894
0.999770
0.999815
0.999845
0.999880
0.999833
0.999897
1.000061
1.000107
1.000027
0.999964
1.000180
1.000019
0.999910
0.999928
0.999933
0.999894
0.999901
0.999927
0.999956
1.000103
0.999955
1.000019
1.000068
1.000040
0.999871
0.999857
0.999948
0.999851
0.999826
0.999806
0.999883
1.000034
1.000077
1.000010
0.999923
1.000133
0.999995
0.999922
0.999908
0.999918
0.999917
0.999906
0.999923
0.999960
1.000093
0.999954
1.000019
1.000084
1.000031
0.999885
0.999800
0.999883
0.999844
0.999823
0.999820
0.999894
1.000031
1.000066
1.000018
0.999953
1.000102
0.999954
0.999932
0.999907
0.999905
0.999932
0.999918
0.999912
0.999973
1.000103
0.999925
0.999997
1.000068
1.000037
0.999886
0.999831
0.999880
1.000137
1.000022
1.000122
0.999854
0.999875
0.999883
0.999923
1.000092
1.000136
1.000136
1.000062
1.000034
0.999931
0.999968
1.000059
1.000041
1.000128
1.000119
1.000137
1.000056
0.999918
0.999848
0.999902
1.000208
1.000069
1.000143
1.000065
1.000200
0.999904
0.999845
0.999886
0.999982
1.000061
1.000079
1.000110
1.000014
1.000031
0.999951
0.999969
1.000060
1.000023
1.000088
1.000119
1.000126
0.999991
0.999859
0.999855
0.999858
1.000107
0.999979
1.000053
0.999999
1.000110
0.999821
0.999845
0.999871
0.999968
1.000122
1.000133
1.000102
1.000029
1.000029
0.999941
0.999945
1.000021
1.000040
1.000131
1.000119
1.000147
1.000012
0.999861
0.999835
0.999849
1.000087
0.999953
1.000043
1.000009
1.000190
0.999899
0.999829
0.999915
1.000025
1.000121
1.000133
1.000111
1.000029
1.000024
0.999934
0.999971
1.000051
1.000018
1.000101
1.000120
1.000095
0.999968
0.999874
0.999853
0.999907
1.000222
1.000088
1.000031
1.000168
1.000202
1.000079
0.999884
0.999840
1.000019
1.000239
0.999967
0.999948
1.000049
1.000134
0.999961
0.999932
1.000083
1.000014
0.999918
0.999888
1.000115
0.999960
0.999816
0.999922
1.000112
1.000200
1.000235
1.000140
1.000201
1.000183
1.000118
0.999909
0.999824
1.000009
1.000216
0.999969
0.999931
1.000033
1.000138
0.999962
0.999932
1.000080
1.000030
0.999952
0.999953
1.000222
1.000045
0.999834
0.999855
1.000079
1.000197
1.000158
1.000038
1.000150
1.000291
1.000209
0.999917
0.999815
0.999990
1.000163
0.999899
0.999905
1.000000
1.000109
0.999957
0.999971
1.000153
1.000042
0.999939
0.999910
1.000123
0.999970
0.999808
0.999904
1.000207
1.000310
1.000270
1.000124
1.000164
1.000190
1.000093
0.999898
0.999815
1.000014
1.000214
0.999929
0.999913
1.000032
1.000130
0.999958
0.999932
1.000080
1.000029
0.999926
0.999930
1.000175
0.999997
0.999828
0.999922
1.000039
1.000082
1.000112
0.999976
1.000173
1.000086
1.000135
1.000162
1.000094
1.000020
1.000004
0.999768
0.999826
0.999976
1.000016
1.000154
1.000115
1.000009
0.999980
0.999775
0.999837
1.000059
1.000008
1.000067
1.000163
1.000166
1.000029
1.000020
0.999891
1.000071
1.000024
1.000152
1.000169
1.000073
1.000032
1.000019
0.999763
0.999818
1.000037
0.999954
1.000058
1.000109
0.999992
0.999969
0.999768
0.999771
1.000003
1.000044
1.000115
1.000135
1.000093
1.000066
1.000147
0.999992
1.000107
1.000045
1.000074
1.000116
1.000094
0.999998
1.000068
0.999819
0.999825
1.000063
1.000069
1.000150
1.000073
0.999941
0.999956
0.999782
0.999820
1.000051
1.000016
1.000124
1.000147
1.000048
0.999994
1.000098
0.999933
1.000070
1.000055
1.000146
1.000177
1.000114
1.000032
0.999995
0.999777
0.999830
1.000027
1.000042
1.000147
1.000107
0.999992
0.999963
0.999758
0.999759
0.999997
1.000013
1.000096
1.000211
1.000150
1.000055
1.000117
0.999911
0.999969
1.000058
0.999953
1.000033
1.000096
1.000012
0.999944
0.999987
0.999955
0.999971
0.999859
1.000148
1.000193
0.999894
1.000013
0.999983
0.999959
0.999900
0.999975
1.000099
1.000058
0.999962
0.999992
0.999816
0.999849
0.999862
0.999980
0.999953
1.000004
1.000055
1.000006
0.999881
0.999920
0.999991
0.999989
0.999859
1.000199
1.000211
0.999893
1.000007
0.999983
0.999954
0.999941
1.000016
1.000098
1.000087
0.999998
1.000066
0.999904
0.999900
0.999832
0.999969
0.999992
1.000045
1.000108
1.000036
0.999902
0.999948
0.999985
0.999981
0.999808
1.000167
1.000206
0.999927
1.000044
0.999992
0.999977
0.999945
0.999990
1.000116
1.000053
0.999925
0.999995
0.999919
0.999869
0.999837
1.000004
0.999953
1.000010
1.000053
0.999991
0.999908
0.999950
0.999987
0.999984
0.999811
1.000138
1.000200
0.999880
1.000047
1.000023
0.999995
0.999979
1.000051
1.000088
1.000024
0.999965
1.000025
0.999869
0.999883
0.999851
0.999919
1.000004
0.999841
0.999880
0.999999
0.999974
1.000259
1.000262
1.000014
1.000031
0.999976
0.999925
0.999970
0.999990
1.000227
1.000257
1.000032
1.000057
0.999895
0.999820
0.999985
0.999839
0.999849
0.999955
0.999884
0.999903
0.999989
0.999823
0.999896
1.000042
1.000022
1.000266
1.000227
0.999974
0.999966
0.999916
0.999930
0.999973
0.999971
1.000224
1.000259
0.999992
0.999975
0.999850
0.999819
1.000003
0.999907
0.999845
0.999934
0.999882
0.999917
1.000008
0.999816
0.999857
1.000058
0.999986
1.000228
1.000226
0.999974
0.999961
0.999927
0.999855
0.999874
0.999990
1.000263
1.000193
0.999936
1.000024
0.999917
0.999830
0.999980
0.999972
0.999916
0.999867
0.999867
0.999925
1.000000
0.999815
0.999839
1.000020
0.999986
1.000225
1.000224
0.999974
0.999961
0.999910
0.999923
0.999973
1.000024
1.000268
1.000184
0.999929
1.000031
0.999866
0.999807
1.000015
0.999930
0.999855
1.000075
0.999909
0.999812
0.999994
1.000105
1.000024
1.000095
1.000041
1.000068
1.000073
1.000091
1.000136
0.999823
0.999846
1.000160
1.000113
1.000070
1.000076
1.000044
1.000072
1.000001
1.000048
1.000049
0.999908
0.999950
1.000122
0.999955
0.999883
1.000037
1.000069
0.999983
1.000076
1.000047
1.000062
1.000059
1.000103
1.000203
0.999882
0.999927
1.000238
1.000179
1.000144
1.000071
1.000050
1.000103
1.000002
1.000074
1.000025
0.999847
0.999940
1.000123
0.999952
0.999882
1.000047
1.000066
0.999958
1.000082
1.000044
1.000068
1.000055
1.000099
1.000243
0.999919
0.999932
1.000268
1.000116
1.000066
1.000115
1.000093
1.000069
1.000001
1.000084
0.999977
0.999818
0.999983
1.000138
0.999939
0.999885
1.000048
1.000093
0.999998
1.000100
1.000055
1.000077
1.000076
1.000110
1.000258
0.999934
0.999926
1.000264
1.000042
1.000017
1.000078
1.000047
1.000092
0.999993
1.000074
1.000052
0.999860
0.999906
1.000156
0.999997
1.000095
1.000127
1.000135
1.000166
1.000111
1.000032
0.999821
0.999858
1.000010
1.000020
0.999848
0.999888
1.000016
1.000035
0.999905
0.999812
1.000070
1.000132
1.000181
1.000185
1.000145
1.000101
1.000033
1.000129
0.999984
1.000151
1.000184
1.000223
1.000196
1.000119
1.000059
0.999857
0.999948
1.000037
0.999981
0.999856
0.999839
0.999980
0.999983
0.999843
0.999821
1.000066
1.000130
1.000195
1.000275
1.000195
1.000072
0.999962
1.000082
0.999931
1.000103
1.000188
1.000206
1.000169
1.000130
1.000072
0.999858
0.999934
1.000037
0.999967
0.999834
0.999826
0.999972
1.000012
0.999877
0.999797
1.000032
1.000112
1.000177
1.000135
1.000115
1.000105
0.999933
1.000071
1.000001
1.000117
1.000212
1.000241
1.000155
1.000120
1.000067
0.999881
0.999924
1.000033
0.999958
0.999814
0.999799
0.999962
1.000039
0.999910
0.999838
1.000034
1.000112
1.000170
1.000180
1.000189
1.000149
0.999994
0.999898
1.000001
1.000114
1.000064
0.999894
0.999886
0.999968
1.000008
0.999903
0.999992
0.999971
0.999881
1.000023
1.000065
0.999946
1.000029
1.000018
0.999823
0.999955
0.999937
0.999842
0.999850
1.000003
1.000076
0.999992
0.999866
0.999932
1.000062
1.000050
0.999887
0.999873
0.999955
0.999935
0.999785
0.999983
1.000043
0.999936
1.000045
1.000042
0.999905
0.999960
0.999965
0.999830
0.999960
0.999968
0.999872
0.999857
1.000013
1.000119
1.000019
0.999912
1.000015
1.000136
1.000048
0.999881
0.999891
0.999994
0.999965
0.999810
0.999999
1.000013
0.999905
1.000035
1.000033
0.999882
1.000017
1.000043
0.999902
1.000007
0.999963
0.999888
0.999901
1.000069
1.000111
1.000001
0.999885
0.999939
1.000042
1.000011
0.999856
0.999874
0.999976
0.999965
0.999829
0.999949
0.999971
0.999916
1.000064
1.000055
0.999922
0.999979
0.999997
0.999910
1.000017
0.999971
0.999878
0.999898
1.000059
1.000061
0.999941
1.000073
1.000032
0.999847
0.999826
0.999883
0.999916
0.999880
0.999923
1.000082
1.000082
1.000150
1.000093
1.000221
1.000170
1.000000
1.000122
1.000065
1.000007
0.999910
0.999878
0.999923
0.999904
0.999822
0.999823
0.999998
1.000064
1.000044
0.999840
0.999805
0.999895
0.999916
0.999894
0.999956
1.000065
1.000070
1.000138
1.000016
1.000171
1.000220
1.000091
1.000164
1.000119
1.000098
0.999936
0.999820
0.999864
0.999880
0.999798
0.999847
1.000034
1.000079
1.000035
0.999844
0.999806
0.999915
0.999948
0.999894
0.999901
1.000013
1.000083
1.000152
1.000075
1.000207
1.000216
1.000089
1.000155
1.000017
0.999974
0.999884
0.999871
0.999907
0.999858
0.999807
0.999849
1.000034
1.000086
1.000031
0.999811
0.999784
0.999905
0.999964
0.999883
0.999941
1.000065
1.000069
1.000147
1.000035
1.000179
1.000181
1.000058
1.000146
1.000084
1.000092
0.999931
0.999806
0.999856
0.999876
0.999791
0.999845
1.000027
0.999973
1.000053
1.000056
0.999987
1.000022
1.000128
0.999985
0.999870
1.000131
1.000078
0.999868
0.999967
1.000059
1.000052
0.999981
0.999876
1.000073
1.000174
0.999950
1.000020
1.000146
1.000041
0.999959
1.000057
1.000079
1.000013
1.000116
1.000014
0.999971
1.000029
1.000128
0.999983
0.999885
1.000130
1.000119
0.999948
0.999990
1.000056
1.000066
0.999893
0.999782
1.000077
1.000128
0.999892
0.999994
1.000156
1.000058
0.999986
1.000028
1.000082
1.000015
1.000093
1.000035
0.999970
1.000044
1.000111
0.999964
0.999930
1.000158
1.000064
0.999853
0.999949
1.000053
1.000056
0.999967
0.999866
1.000099
1.000195
0.999929
0.999993
1.000144
1.000066
0.999979
1.000030
1.000054
0.999969
1.000117
1.000060
0.999975
1.000036
1.000101
0.999945
0.999902
1.000115
1.000050
0.999898
0.999988
1.000052
1.000060
0.999962
0.999804
0.999994
1.000123
0.999887
1.000027
1.000196
1.000053
0.999985
1.000025
1.000079
0.999874
1.000135
1.000093
0.999924
0.999793
0.999968
1.000028
0.999892
0.999842
0.999869
0.999732
0.999949
1.000225
1.000211
0.999928
0.999762
0.999904
0.999856
0.999911
1.000030
0.999923
0.999816
0.999990
1.000130
1.000104
0.999862
1.000068
1.000089
0.999961
0.999832
0.999986
1.000031
0.999902
0.999835
0.999849
0.999717
0.999838
1.000138
1.000162
0.999869
0.999777
0.999915
0.999838
0.999914
1.000027
0.999930
0.999788
0.999940
1.000092
1.000071
0.999820
1.000076
1.000093
0.999933
0.999763
0.999915
1.000040
0.999930
0.999850
0.999897
0.999764
0.999854
1.000137
1.000202
0.999924
0.999735
0.999884
0.999861
0.999903
1.000045
0.999992
0.999863
0.999955
1.000096
1.000129
0.999874
1.000065
1.000117
0.999958
0.999759
0.999916
1.000025
0.999917
0.999831
0.999888
0.999767
0.999928
1.000201
1.000213
0.999927
0.999817
0.999943
0.999836
0.999915
1.000048
0.999931
0.999785
0.999966
1.000098
1.000070
1.000039
0.999915
0.999913
0.999994
0.999915
0.999967
0.999966
0.999909
0.999979
0.999926
1.000034
0.999864
0.999913
1.000009
0.999925
1.000032
0.999945
1.000011
0.999992
0.999980
0.999889
0.999856
0.999947
0.999949
0.999890
1.000069
1.000037
0.999951
0.999946
0.999834
0.999932
1.000013
1.000031
1.000060
0.999926
1.000007
0.999962
1.000037
0.999972
0.999892
1.000044
0.999944
1.000065
1.000044
0.999963
0.999920
0.999903
0.999987
0.999943
0.999934
1.000094
1.000000
0.999936
0.999992
0.999956
0.999970
0.999956
0.999979
0.999989
0.999899
1.000022
0.999969
1.000030
0.999974
0.999919
1.000013
0.999930
1.000024
0.999948
1.000011
0.999923
0.999822
0.999942
0.999922
0.999944
1.000036
0.999936
0.999943
0.999970
0.999950
0.999980
0.999946
1.000010
1.000097
0.999985
1.000034
0.999937
0.999982
0.999970
0.999903
1.000000
0.999908
1.000047
1.000020
0.999933
0.999958
0.999914
0.999940
0.999925
0.999934
1.000115
1.000026
1.000118
1.000230
1.000237
1.000091
0.999994
1.000081
1.000264
1.000139
1.000159
1.000154
0.999717
0.999697
1.000088
1.000156
1.000127
1.000117
0.999992
1.000021
1.000079
1.000266
1.000236
1.000117
1.000022
1.000092
0.999981
1.000110
1.000263
1.000264
1.000072
1.000000
0.999997
1.000106
1.000123
1.000199
1.000114
0.999678
0.999744
1.000194
1.000268
1.000103
1.000056
1.000037
1.000013
1.000056
1.000280
1.000241
1.000114
1.000015
1.000080
0.999982
1.000094
1.000215
1.000267
1.000071
0.999964
1.000007
1.000127
1.000148
1.000217
1.000112
0.999669
0.999658
1.000088
1.000151
1.000118
1.000124
0.999990
1.000026
1.000099
1.000264
1.000253
1.000120
1.000008
1.000091
1.000016
1.000116
1.000235
1.000305
1.000089
0.999958
1.000058
1.000158
1.000092
1.000154
1.000168
0.999728
0.999649
1.000104
1.000205
1.000112
1.000152
1.000058
0.999945
1.000071
1.000268
1.000239
1.000126
1.000024
1.000002
1.000106
1.000054
1.000004
1.000060
1.000113
1.000057
1.000117
0.999910
0.999907
1.000019
1.000131
1.000056
1.000084
1.000156
1.000026
0.999922
0.999930
1.000152
1.000085
1.000134
1.000062
1.000001
1.000081
1.000086
0.999983
1.000081
1.000065
1.000029
1.000057
1.000106
1.000080
1.000172
0.999931
0.999914
1.000035
1.000173
1.000083
0.999971
1.000084
1.000052
0.999888
0.999908
1.000166
1.000089
1.000052
1.000018
1.000038
1.000053
1.000062
0.999986
1.000081
1.000062
1.000006
1.000113
1.000167
1.000071
1.000188
0.999930
0.999899
1.000039
1.000183
1.000065
1.000074
1.000156
1.000026
0.999922
0.999934
1.000174
1.000060
1.000169
1.000111
0.999996
1.000036
1.000059
0.999984
1.000068
1.000049
1.000017
1.000056
1.000106
1.000062
1.000151
0.999884
0.999870
1.000021
1.000118
1.000027
1.000145
1.000257
1.000023
0.999884
0.999899
1.000142
1.000053
1.000169
1.000117
1.000014
1.000081
1.000108
0.999993
0.999908
0.999966
0.999813
0.999827
0.999927
1.000007
0.999988
0.999949
0.999858
0.999797
0.999844
1.000164
1.000201
0.999897
0.999806
0.999854
0.999864
0.999946
1.000063
0.999956
0.999834
0.999829
0.999992
0.999908
0.999948
0.999883
0.999960
0.999825
0.999833
0.999920
1.000046
0.999986
0.999903
0.999871
0.999788
0.999869
1.000182
1.000194
0.999910
0.999836
0.999896
0.999900
0.999990
1.000059
0.999933
0.999837
0.999826
0.999941
0.999818
0.999969
0.999929
0.999958
0.999814
0.999764
0.999839
1.000016
0.999974
0.999865
0.999843
0.999790
0.999879
1.000175
1.000201
0.999897
0.999811
0.999863
0.999897
0.999978
1.000012
0.999903
0.999820
0.999811
0.999993
0.999970
0.999996
0.999861
0.999941
0.999839
0.999787
0.999875
1.000012
1.000025
0.999932
0.999837
0.999803
0.999846
1.000153
1.000117
0.999833
0.999774
0.999838
0.999944
1.000008
1.000009
0.999911
0.999819
0.999830
0.999914
0.999855
0.999894
0.999861
1.000023
1.000197
1.000095
0.999905
1.000069
0.999970
1.000012
1.000087
0.999997
0.999997
0.999874
0.999874
0.999974
0.999991
1.000094
1.000011
0.999996
0.999986
0.999785
1.000072
1.000141
0.999929
0.999821
0.999943
0.999878
1.000033
1.000143
1.000012
0.999785
0.999953
0.999923
0.999996
1.000093
0.999993
0.999958
0.999852
0.999878
0.999999
0.999995
1.000096
0.999997
0.999946
1.000033
0.999834
1.000049
1.000117
0.999983
0.999899
0.999956
0.999848
1.000056
1.000184
1.000033
0.999866
1.000011
0.999957
1.000017
1.000118
1.000007
0.999955
0.999857
0.999878
0.999976
1.000005
1.000112
1.000008
0.999984
1.000006
0.999773
1.000033
1.000159
1.000025
0.999854
0.999941
0.999886
1.000036
1.000214
1.000064
0.999825
0.999999
0.999999
1.000018
1.000135
1.000018
0.999965
0.999868
0.999840
0.999968
1.000014
1.000113
1.000012
0.999983
0.999990
0.999780
1.000039
1.000197
1.000044
0.999828
0.999995
1.000077
0.999977
1.000028
0.999954
0.999922
0.999912
0.999972
1.000081
1.000083
1.000051
1.000009
0.999883
0.999934
1.000058
1.000074
1.000095
1.000072
0.999997
0.999967
1.000005
0.999995
1.000044
1.000009
1.000110
1.000008
1.000078
1.000001
1.000028
1.000014
0.999998
0.999948
0.999993
1.000068
1.000073
1.000087
1.000074
0.999954
0.999890
1.000005
1.000060
1.000116
1.000109
0.999982
0.999946
1.000052
1.000092
1.000062
1.000015
1.000099
1.000003
1.000091
0.999982
1.000031
1.000019
1.000012
0.999944
0.999978
1.000078
1.000097
1.000052
1.000038
0.999945
0.999956
1.000050
1.000061
1.000045
1.000009
0.999957
0.999962
1.000000
1.000005
1.000024
0.999990
1.000089
0.999971
1.000070
0.999905
1.000003
1.000012
1.000058
0.999992
0.999988
1.000066
1.000073
1.000067
1.000054
0.999937
0.999943
1.000061
1.000062
1.000089
1.000081
0.999976
0.999932
0.999997
1.000018
1.000056
1.000006
1.000082
1.000048
1.000206
0.999980
0.999712
0.999869
1.000153
0.999933
0.999950
1.000126
0.999976
0.999929
0.999974
1.000152
1.000139
0.999959
0.999915
0.999975
1.000165
0.999964
0.999944
1.000177
0.999902
0.999777
0.999949
1.000074
1.000004
1.000148
0.999975
0.999715
0.999899
1.000184
0.999930
0.999963
1.000162
0.999994
0.999949
0.999972
1.000170
1.000159
0.999971
0.999915
0.999921
1.000066
0.999925
0.999945
1.000139
0.999878
0.999773
0.999947
1.000081
0.999982
1.000131
0.999981
0.999727
0.999904
1.000212
0.999952
0.999971
1.000181
0.999999
0.999942
0.999965
1.000156
1.000153
0.999958
0.999934
1.000009
1.000161
0.999952
0.999953
1.000178
0.999880
0.999705
0.999970
1.000123
0.999986
1.000220
1.000011
0.999746
0.999908
1.000192
0.999934
0.999938
1.000100
0.999941
0.999933
0.999962
1.000134
1.000155
0.999975
0.999928
0.999992
1.000143
0.999942
0.999938
1.000189
0.999909
0.999752
0.999939
1.000070
1.000005
1.000068
0.999973
1.000035
1.000012
1.000057
1.000008
0.999965
1.000032
1.000081
1.000065
1.000052
0.999945
0.999943
1.000043
1.000037
1.000079
1.000071
0.999977
0.999953
1.000010
1.000037
1.000069
1.000015
1.000094
0.999998
1.000081
1.000037
1.000110
1.000034
1.000052
1.000007
0.999951
1.000046
1.000091
1.000052
0.999992
0.999897
0.999887
1.000009
1.000053
1.000103
1.000131
1.000009
0.999922
0.999981
1.000027
1.000010
0.999945
1.000109
1.000012
1.000098
1.000056
1.000090
1.000024
1.000015
0.999957
0.999966
1.000012
1.000033
1.000081
1.000066
0.999940
0.999935
1.000049
1.000043
1.000081
1.000082
0.999982
0.999944
1.000004
1.000023
1.000028
0.999982
1.000094
0.999990
1.000087
0.999981
1.000057
0.999969
0.999925
0.999912
0.999976
1.000052
1.000051
1.000059
1.000057
0.999932
0.999948
1.000063
1.000049
1.000082
1.000069
0.999980
1.000004
1.000046
1.000005
1.000044
1.000003
1.000106
0.999985
0.999886
1.000032
1.000181
1.000062
0.999888
1.000051
0.999957
0.999998
1.000135
1.000026
0.999963
0.999852
0.999878
0.999978
1.000005
1.000115
1.000013
0.999976
0.999975
0.999777
1.000046
1.000119
0.999984
0.999892
1.000018
0.999975
1.000023
1.000081
1.000000
0.999798
1.000009
0.999978
1.000006
1.000086
0.999981
0.999982
0.999879
0.999874
0.999997
0.999997
1.000093
0.999999
0.999919
1.000047
0.999915
1.000055
1.000218
1.000077
0.999899
0.999907
0.999816
0.999975
1.000085
1.000040
0.999794
0.999938
0.999915
0.999999
1.000106
1.000012
0.999975
0.999869
0.999857
0.999959
0.999999
1.000115
1.000015
0.999979
1.000047
0.999858
1.000058
1.000181
1.000024
0.999855
0.999947
0.999890
0.999971
1.000153
1.000103
0.999898
1.000054
0.999984
1.000038
1.000099
0.999990
0.999984
0.999865
0.999851
0.999956
1.000000
1.000115
1.000013
0.999969
1.000049
0.999866
1.000044
1.000148
1.000015
0.999892
0.999949
0.999825
0.999898
0.999827
0.999827
0.999915
1.000050
1.000000
0.999881
0.999851
0.999802
0.999885
1.000175
1.000201
0.999894
0.999787
0.999850
0.999930
1.000028
1.000061
0.999993
0.999891
0.999820
0.999933
0.999847
0.999923
0.999817
0.999922
0.999827
0.999835
0.999917
1.000006
1.000005
0.999945
0.999884
0.999841
0.999910
1.000193
1.000148
0.999840
0.999795
0.999875
0.999886
0.999973
1.000017
0.999905
0.999841
0.999789
0.999901
0.999847
0.999961
0.999901
0.999973
0.999827
0.999847
0.999971
1.000104
1.000092
0.999955
0.999844
0.999808
0.999844
1.000146
1.000178
0.999874
0.999782
0.999854
0.999949
1.000001
0.999977
0.999887
0.999834
0.999829
0.999962
0.999924
0.999993
0.999861
0.999937
0.999826
0.999833
0.999926
1.000050
0.999960
0.999857
0.999876
0.999811
0.999915
1.000197
1.000135
0.999833
0.999784
0.999854
0.999953
1.000002
1.000013
0.999877
0.999762
0.999804
0.999909
0.999845
0.999981
1.000100
1.000075
1.000016
1.000068
1.000109
1.000077
1.000155
0.999914
0.999905
1.000033
1.000166
1.000064
1.000079
1.000170
0.999995
0.999891
0.999877
1.000115
1.000050
1.000112
1.000055
0.999992
1.000072
1.000076
0.999959
1.000076
1.000074
1.000013
1.000062
1.000118
1.000068
1.000144
0.999921
0.999907
1.000015
1.000160
1.000088
1.000053
1.000147
1.000045
0.999905
0.999925
1.000182
1.000068
1.000052
1.000027
1.000052
1.000081
1.000075
0.999963
1.000078
1.000071
1.000009
0.999998
1.000062
1.000073
1.000140
0.999863
0.999879
1.000026
1.000131
1.000057
1.000082
1.000136
0.999989
0.999906
0.999921
1.000146
1.000067
1.000112
1.000059
1.000019
1.000069
1.000075
0.999970
1.000051
1.000041
1.000015
1.000062
1.000124
1.000066
1.000188
0.999924
0.999916
1.000062
1.000090
0.999980
1.000064
1.000124
1.000010
0.999930
0.999926
1.000144
1.000077
1.000124
1.000040
1.000020
1.000088
1.000085
1.000031
1.000015
1.000117
1.000234
1.000251
1.000067
1.000050
1.000007
1.000043
1.000090
1.000228
1.000117
0.999681
0.999632
1.000168
1.000224
1.000082
1.000144
1.000071
1.000043
1.000078
1.000254
1.000234
1.000103
1.000037
1.000119
0.999966
1.000096
1.000237
1.000285
1.000075
0.999964
1.000055
1.000177
1.000096
1.000148
1.000084
0.999693
0.999735
1.000182
1.000233
1.000105
1.000157
1.000049
0.999977
1.000070
1.000262
1.000245
1.000100
0.999966
1.000049
0.999979
1.000111
1.000258
1.000284
1.000060
1.000004
1.000091
1.000155
1.000108
1.000173
1.000154
0.999742
0.999680
1.000135
1.000231
1.000123
1.000226
1.000111
0.999979
1.000085
1.000293
1.000259
1.000115
0.999979
1.000018
0.999953
1.000117
1.000223
1.000266
1.000052
0.999915
1.000053
1.000120
1.000065
1.000249
1.000197
0.999757
0.999759
1.000167
1.000193
1.000084
1.000107
1.000047
1.000001
1.000082
1.000274
1.000265
1.000114
0.999930
1.000101
0.999934
0.999943
0.999987
0.999874
0.999927
1.000010
1.000022
1.000098
0.999970
1.000006
0.999964
1.000071
0.999940
0.999913
1.000044
0.999941
1.000054
1.000021
0.999980
0.999919
0.999883
0.999984
0.999911
0.999861
1.000071
1.000002
0.999942
0.999980
0.999857
0.999918
0.999960
1.000011
1.000013
0.999878
1.000023
0.999924
0.999996
0.999956
0.999904
1.000021
0.999911
1.000035
1.000032
1.000028
0.999930
0.999854
0.999986
0.999942
0.999988
1.000160
1.000019
0.999949
0.999950
0.999881
0.999922
0.999956
0.999956
1.000015
0.999954
1.000067
0.999872
0.999917
0.999983
0.999907
0.999997
0.999914
0.999978
0.999930
0.999957
0.999927
0.999874
0.999929
0.999952
1.000039
1.000134
0.999965
0.999947
0.999960
0.999934
0.999960
0.999977
0.999999
1.000006
0.999957
1.000056
0.999819
0.999939
0.999997
0.999927
1.000064
0.999969
1.000006
0.999951
0.999980
0.999929
0.999846
0.999946
0.999949
1.000027
0.999818
1.000065
1.000117
0.999966
0.999752
0.999927
1.000021
0.999884
0.999827
0.999867
0.999669
0.999795
1.000146
1.000159
0.999876
0.999761
0.999889
0.999838
0.999918
1.000017
0.999922
0.999787
0.999969
1.000131
1.000123
0.999873
1.000072
1.000092
0.999931
0.999822
1.000002
1.000034
0.999909
0.999833
0.999946
0.999879
0.999970
1.000204
1.000142
0.999861
0.999818
0.999935
0.999819
0.999898
1.000018
0.999992
0.999820
0.999934
1.000094
1.000066
0.999815
1.000065
1.000123
0.999993
0.999812
0.999929
1.000047
0.999923
0.999848
0.999903
0.999772
0.999940
1.000225
1.000211
0.999921
0.999699
0.999853
0.999842
0.999913
1.000033
0.999929
0.999813
0.999963
1.000082
1.000070
0.999869
1.000114
1.000121
0.999955
0.999770
0.999910
1.000023
0.999931
0.999844
0.999923
0.999786
0.999929
1.000243
1.000165
0.999879
0.999797
0.999917
0.999857
0.999925
1.000011
0.999983
0.999865
0.999953
1.000091
1.000067
1.000009
1.000124
1.000061
0.999975
1.000024
1.000130
0.999981
0.999900
1.000125
1.000078
0.999876
0.999982
1.000055
1.000051
0.999985
0.999883
1.000050
1.000127
0.999909
0.999993
1.000148
1.000047
0.999943
1.000012
1.000067
0.999984
1.000128
1.000058
0.999953
1.000029
1.000128
0.999971
0.999888
1.000127
1.000055
0.999812
0.999920
1.000060
1.000063
0.999948
0.999859
1.000054
1.000120
0.999917
1.000011
1.000171
1.000047
0.999965
1.000056
1.000120
1.000003
1.000077
0.999999
0.999941
1.000048
1.000152
1.000002
0.999908
1.000136
1.000056
0.999885
0.999981
1.000054
1.000058
0.999952
0.999902
1.000128
1.000120
0.999889
0.999988
1.000148
1.000058
0.999983
1.000065
1.000128
0.999988
1.000062
1.000033
0.999964
1.000037
1.000106
0.999973
0.999956
1.000155
1.000070
0.999822
0.999926
1.000063
1.000060
0.999941
0.999777
1.000012
1.000167
0.999916
0.999972
1.000147
1.000068
0.999977
1.000025
1.000078
1.000084
1.000007
0.999809
0.999777
0.999894
0.999952
0.999889
0.999938
1.000083
1.000082
1.000147
1.000100
1.000215
1.000214
1.000057
1.000137
1.000051
1.000024
0.999944
0.999864
0.999925
0.999919
0.999814
0.999838
1.000044
1.000067
1.000006
0.999818
0.999802
0.999919
0.999950
0.999873
0.999932
1.000028
1.000046
1.000151
1.000070
1.000210
1.000169
1.000039
1.000173
1.000054
1.000047
0.999975
0.999853
0.999933
0.999924
0.999774
0.999816
0.999999
1.000066
1.000059
0.999843
0.999804
0.999922
0.999880
0.999818
0.999946
1.000060
1.000067
1.000134
1.000013
1.000178
1.000181
1.000052
1.000165
1.000123
1.000107
0.999946
0.999851
0.999952
0.999919
0.999775
0.999821
1.000017
1.000064
1.000020
0.999856
0.999827
0.999899
0.999991
0.999940
0.999900
1.000012
1.000075
1.000138
1.000021
1.000175
1.000208
1.000087
1.000136
1.000091
1.000052
0.999898
0.999874
0.999946
0.999916
0.999771
0.999839
1.000046
0.999907
0.999935
1.000056
1.000062
0.999890
0.999875
0.999968
0.999994
0.999905
0.999997
0.999970
0.999905
1.000040
1.000015
0.999901
1.000031
1.000029
0.999843
0.999954
0.999933
0.999851
0.999900
1.000055
1.000115
1.000014
0.999894
0.999999
1.000116
1.000038
0.999884
0.999868
0.999957
1.000005
0.999897
0.999983
0.999961
0.999902
1.000034
1.000070
0.999934
0.999968
0.999993
0.999849
0.999940
0.999954
0.999852
0.999849
1.000003
1.000089
1.000021
0.999884
0.999941
1.000069
1.000064
0.999891
0.999895
0.999990
0.999999
0.999844
0.999974
1.000031
0.999929
1.000052
1.000063
0.999922
0.999967
0.999931
0.999850
0.999992
0.999955
0.999860
0.999889
1.000052
1.000059
0.999964
0.999909
0.999941
1.000054
1.000055
0.999881
0.999877
0.999972
0.999958
0.999796
0.999988
1.000043
0.999936
1.000045
1.000037
0.999895
0.999965
0.999978
0.999850
0.999942
0.999951
0.999860
0.999878
1.000049
1.000054
0.999952
1.000076
1.000002
1.000159
1.000122
1.000162
1.000203
1.000111
1.000040
0.999824
0.999903
1.000019
0.999983
0.999838
0.999854
1.000015
1.000020
0.999900
0.999868
1.000095
1.000153
1.000155
1.000118
1.000108
1.000087
0.999938
1.000007
0.999886
1.000085
1.000156
1.000233
1.000194
1.000118
1.000032
0.999814
0.999863
0.999983
0.999983
0.999826
0.999834
0.999982
1.000019
0.999908
0.999863
1.000062
1.000116
1.000161
1.000245
1.000207
1.000095
0.999978
1.000071
0.999998
1.000156
1.000115
1.000140
1.000183
1.000114
1.000031
0.999825
0.999902
1.000016
1.000000
0.999845
0.999810
0.999954
0.999994
0.999868
0.999837
1.000017
1.000102
1.000185
1.000155
1.000104
1.000139
1.000012
1.000026
0.999938
1.000166
1.000200
1.000180
1.000125
1.000107
1.000057
0.999857
0.999948
1.000037
0.999978
0.999854
0.999832
1.000000
1.000005
0.999866
0.999871
1.000082
1.000133
1.000162
1.000196
1.000186
1.000159
0.999980
1.000122
0.999920
0.999820
0.999974
1.000071
1.000013
1.000072
1.000040
1.000059
1.000070
1.000114
1.000267
0.999939
0.999843
1.000133
1.000081
1.000063
1.000015
0.999996
1.000120
1.000041
1.000096
0.999997
0.999856
1.000005
1.000210
1.000007
0.999897
1.000041
1.000073
0.999975
1.000065
1.000081
1.000118
1.000071
1.000108
1.000244
0.999927
0.999890
1.000209
1.000109
1.000075
1.000076
1.000047
1.000078
0.999977
1.000070
1.000044
0.999890
0.999993
1.000145
0.999947
0.999908
1.000026
1.000069
0.999985
1.000075
1.000033
1.000059
1.000061
1.000060
1.000120
0.999834
0.999901
1.000217
1.000179
1.000133
1.000059
1.000034
1.000112
1.000024
1.000082
0.999985
0.999837
0.999980
1.000163
0.999977
0.999834
0.999951
1.000055
1.000019
1.000092
1.000046
1.000059
1.000059
1.000110
1.000167
0.999854
0.999942
1.000274
1.000131
1.000079
1.000073
1.000047
1.000074
0.999972
1.000080
0.999987
0.999823
0.999979
0.999943
0.999900
0.999905
1.000007
0.999833
0.999865
0.999992
0.999988
1.000239
1.000230
0.999941
0.999861
0.999868
0.999915
0.999992
1.000038
1.000216
1.000256
1.000013
0.999998
0.999869
0.999822
0.999970
0.999927
0.999865
0.999859
0.999846
0.999915
0.999984
0.999805
0.999877
1.000036
0.999945
1.000209
1.000255
1.000013
0.999968
0.999923
0.999913
0.999961
0.999987
1.000224
1.000225
0.999981
1.000040
0.999879
0.999804
0.999986
0.999920
0.999867
0.999891
0.999815
0.999919
1.000002
0.999803
0.999904
1.000071
1.000034
1.000261
1.000275
1.000060
1.000057
0.999971
0.999911
0.999958
0.999981
1.000220
1.000242
0.999974
0.999991
0.999863
0.999809
1.000027
0.999961
0.999888
0.999921
0.999940
0.999965
0.999970
0.999826
0.999872
1.000012
0.999980
1.000232
1.000219
0.999987
0.999960
0.999925
0.999868
0.999871
0.999983
1.000269
1.000216
0.999991
1.000043
0.999884
0.999847
0.999991
0.999893
0.999896
0.999904
0.999895
0.999978
0.999974
1.000068
1.000135
1.000031
0.999936
0.999977
1.000002
1.000036
0.999918
1.000215
1.000163
0.999807
0.999988
0.999987
0.999957
0.999924
1.000008
1.000087
0.999994
0.999908
1.000004
0.999887
0.999896
0.999867
0.999989
0.999947
1.000033
1.000122
1.000022
0.999957
1.000023
0.999976
0.999988
0.999825
1.000145
1.000186
0.999869
1.000033
1.000023
0.999949
0.999904
1.000022
1.000122
1.000036
0.999962
1.000016
0.999860
0.999846
0.999861
1.000033
0.999927
0.999974
1.000079
0.999978
0.999871
0.999914
0.999995
0.999981
0.999792
1.000135
1.000186
0.999865
0.999990
0.999984
0.999982
0.999946
1.000012
1.000089
0.999982
0.999930
1.000024
0.999864
0.999901
0.999874
0.999975
0.999909
0.999992
1.000112
1.000031
0.999960
1.000016
0.999979
0.999994
0.999869
1.000220
1.000218
0.999926
1.000040
0.999989
0.999953
0.999909
1.000031
1.000142
1.000095
0.999979
0.999983
0.999891
0.999943
1.000098
1.000044
1.000166
1.000202
1.000091
1.000005
0.999986
0.999768
0.999820
0.999978
0.999937
1.000086
1.000164
1.000047
1.000023
0.999825
0.999783
1.000006
1.000022
1.000084
1.000191
1.000171
1.000042
1.000078
0.999920
1.000065
1.000016
1.000140
1.000148
1.000056
1.000007
0.999992
0.999770
0.999778
0.999997
1.000046
1.000142
1.000111
1.000018
0.999977
0.999775
0.999826
1.000053
1.000025
1.000097
1.000221
1.000221
1.000117
1.000141
0.999960
1.000089
1.000022
1.000168
1.000174
1.000103
1.000028
1.000030
0.999819
0.999819
1.000055
1.000121
1.000196
1.000106
1.000051
1.000050
0.999804
0.999819
1.000053
1.000021
1.000087
1.000232
1.000240
1.000097
1.000134
0.999992
1.000136
1.000053
1.000177
1.000236
1.000103
1.000018
1.000055
0.999814
0.999795
1.000057
1.000002
1.000079
1.000068
0.999965
0.999989
0.999774
0.999771
1.000004
0.999975
1.000047
1.000142
1.000119
1.000012
1.000073
1.000142
1.000161
1.000071
1.000036
0.999917
0.999805
1.000011
1.000218
0.999965
0.999949
1.000056
1.000148
0.999967
0.999947
1.000118
1.000023
0.999926
0.999955
1.000216
1.000020
0.999825
0.999905
1.000108
1.000216
1.000236
1.000118
1.000230
1.000295
1.000179
0.999902
0.999811
1.000013
1.000214
0.999932
0.999915
1.000029
1.000125
0.999950
0.999935
1.000103
1.000025
0.999906
0.999870
1.000103
0.999991
0.999831
0.999851
1.000059
1.000167
1.000161
1.000065
1.000225
1.000233
1.000098
0.999913
0.999817
1.000027
1.000175
0.999888
0.999915
1.000006
1.000074
0.999925
0.999920
1.000079
1.000004
0.999918
0.999897
1.000124
0.999975
0.999825
0.999859
1.000063
1.000173
1.000145
1.000038
1.000165
1.000208
1.000115
0.999886
0.999797
1.000010
1.000173
0.999901
0.999919
1.000021
1.000128
0.999966
0.999956
1.000130
1.000022
0.999934
0.999955
1.000186
0.999975
0.999814
0.999885
1.000085
1.000216
1.000223
1.000165
1.000088
1.000226
0.999886
0.999841
0.999909
1.000020
1.000057
1.000064
1.000105
1.000007
1.000015
0.999935
0.999981
1.000077
1.000032
1.000100
1.000119
1.000118
0.999987
0.999875
0.999808
0.999883
1.000185
1.000033
1.000144
1.000016
1.000093
0.999844
0.999849
0.999913
1.000015
1.000112
1.000123
1.000135
1.000035
1.000056
0.999966
0.999942
1.000047
1.000018
1.000104
1.000191
1.000166
0.999977
0.999878
0.999834
0.999841
1.000104
0.999996
1.000092
1.000002
1.000162
0.999875
0.999835
0.999921
1.000028
1.000104
1.000116
1.000136
1.000042
1.000036
0.999950
0.999962
1.000057
1.000017
1.000103
1.000126
1.000154
1.000035
0.999880
0.999858
0.999874
1.000128
0.999985
1.000056
0.999999
1.000117
0.999863
0.999851
0.999932
1.000005
1.000035
1.000084
1.000139
1.000036
1.000019
0.999935
0.999980
1.000068
1.000005
1.000097
1.000135
1.000142
1.000066
0.999930
0.999845
0.999829
1.000163
1.000084
0.999755
0.999841
0.999800
0.999839
1.000060
1.000079
1.000015
0.999952
1.000169
1.000057
0.999974
0.999915
0.999908
0.999899
0.999892
0.999917
1.000005
1.000131
0.999903
1.000006
1.000077
1.000062
0.999903
0.999828
0.999876
0.999802
0.999805
0.999812
0.999905
1.000043
1.000071
1.000002
0.999913
1.000105
0.999986
0.999913
0.999929
0.999919
0.999924
0.999934
0.999918
0.999966
1.000082
0.999913
0.999998
1.000060
1.000040
0.999955
0.999905
0.999908
0.999845
0.999856
0.999809
0.999908
1.000057
1.000082
1.000013
0.999914
1.000122
0.999985
0.999923
0.999913
0.999897
0.999927
0.999933
0.999919
0.999991
1.000149
0.999956
1.000034
1.000061
1.000019
0.999885
0.999818
0.999900
0.999838
0.999826
0.999768
0.999849
1.000055
1.000080
1.000000
0.999968
1.000180
1.000012
0.999928
0.999906
0.999915
0.999902
0.999901
0.999921
1.000013
1.000150
0.999943
1.000019
1.000076
1.000062
0.999859
0.999744
0.999794
0.999920
0.999981
0.999954
1.000023
1.000077
1.000012
0.999940
0.999956
0.999916
0.999815
0.999945
0.999960
1.000085
1.000076
0.999979
0.999972
0.999801
0.999965
0.999997
0.999935
1.000016
1.000060
1.000037
0.999936
0.999981
0.999906
0.999900
0.999904
1.000028
1.000057
1.000022
0.999936
0.999984
0.999986
0.999833
0.999937
0.999969
1.000066
1.000066
0.999984
0.999964
0.999872
1.000062
1.000017
0.999881
1.000018
1.000065
0.999996
0.999879
0.999973
0.999972
0.999952
0.999903
1.000026
1.000043
1.000012
0.999876
0.999991
1.000040
0.999830
0.999952
0.999981
1.000069
1.000082
0.999977
0.999953
0.999847
0.999984
0.999969
0.999942
1.000036
1.000076
1.000009
0.999897
0.999964
0.999966
0.999978
0.999899
1.000037
1.000063
1.000036
0.999954
1.000009
0.999981
0.999827
0.999962
0.999980
1.000098
1.000082
0.999979
0.999954
0.999853
0.999983
0.999966
0.999940
1.000055
1.000082
1.000045
0.999936
0.999976
1.000164
1.000030
1.000134
1.000089
1.000044
0.999959
0.999869
0.999974
0.999893
0.999997
1.000024
1.000064
1.000050
1.000003
1.000033
1.000059
1.000040
0.999915
0.999952
0.999871
0.999944
1.000017
1.000071
1.000071
1.000016
1.000169
1.000038
1.000123
1.000077
1.000035
0.999940
0.999870
0.999969
0.999895
1.000039
1.000051
1.000039
1.000005
1.000001
1.000047
1.000005
1.000005
0.999889
0.999950
0.999878
0.999945
1.000014
1.000068
1.000093
1.000004
1.000159
1.000032
1.000104
1.000091
1.000029
0.999949
0.999876
0.999947
0.999880
1.000009
1.000032
1.000033
0.999991
1.000019
1.000040
1.000022
1.000013
0.999881
0.999920
0.999832
0.999947
1.000040
1.000073
1.000094
1.000010
1.000140
1.000018
1.000088
1.000082
1.000012
0.999935
0.999809
0.999888
0.999890
1.000034
1.000030
1.000006
0.999984
0.999980
1.000007
1.000029
1.000023
0.999896
0.999902
0.999802
0.999940
1.000039
1.000085
1.000112
1.000045
1.000003
1.000078
0.999997
1.000026
1.000014
0.999968
1.000007
0.999962
1.000044
1.000120
1.000027
1.000026
0.999873
0.999875
1.000058
1.000078
1.000083
0.999993
0.999966
1.000016
0.999969
1.000005
1.000018
0.999971
1.000067
1.000065
1.000189
1.000038
1.000017
1.000015
0.999952
0.999997
0.999962
1.000034
1.000098
1.000023
1.000089
0.999927
0.999925
1.000115
1.000079
1.000119
1.000035
0.999980
1.000021
0.999990
1.000035
1.000029
0.999992
1.000034
0.999960
1.000081
1.000001
1.000001
1.000016
0.999978
1.000017
0.999966
1.000034
1.000124
1.000032
1.000026
0.999878
0.999940
1.000089
1.000049
1.000142
1.000030
0.999963
0.999998
0.999957
0.999994
0.999997
0.999982
1.000064
0.999962
1.000069
1.000003
1.000036
1.000007
0.999963
1.000008
0.999957
1.000019
1.000089
1.000059
1.000144
0.999940
0.999952
1.000117
1.000036
1.000099
1.000039
0.999965
1.000009
0.999972
1.000016
1.000030
1.000007
1.000101
0.999783
0.999876
0.999878
0.999957
1.000063
1.000115
1.000173
1.000129
1.000077
0.999970
1.000077
1.000135
1.000103
1.000097
1.000125
1.000060
0.999981
1.000076
1.000130
1.000203
1.000116
1.000073
0.999947
0.999905
1.000001
0.999792
0.999793
0.999865
0.999917
1.000013
1.000136
1.000187
1.000127
1.000095
0.999992
1.000058
1.000094
1.000087
1.000081
1.000089
1.000026
0.999971
1.000069
1.000096
1.000163
1.000122
1.000022
0.999899
0.999858
0.999864
0.999849
1.000006
0.999910
0.999894
1.000036
1.000122
1.000164
1.000117
1.000089
0.999939
1.000047
1.000144
1.000112
1.000040
1.000040
1.000031
0.999955
1.000087
1.000141
1.000200
1.000126
1.000056
0.999948
0.999923
0.999957
0.999825
1.000005
0.999974
0.999934
1.000041
1.000123
1.000221
1.000125
1.000052
0.999959
1.000028
1.000038
1.000037
1.000060
1.000059
1.000031
0.999934
1.000082
1.000114
1.000163
1.000126
1.000050
0.999958
0.999871
0.999877
0.999911
0.999811
0.999939
0.999941
1.000088
1.000107
1.000032
0.999959
0.999816
0.999844
0.999937
0.999833
0.999990
0.999984
0.999831
0.999937
0.999840
0.999843
1.000002
1.000051
1.000115
1.000108
0.999937
0.999907
0.999778
0.999946
0.999842
0.999969
0.999988
1.000117
1.000120
1.000029
0.999957
0.999784
0.999820
0.999944
0.999857
0.999997
0.999994
0.999852
0.999943
0.999819
0.999774
0.999958
1.000036
1.000124
1.000135
0.999966
0.999937
0.999802
0.999896
0.999789
0.999928
0.999964
1.000118
1.000105
1.000036
0.999961
0.999825
0.999870
0.999965
0.999837
0.999989
1.000002
0.999828
0.999972
0.999873
0.999833
0.999967
1.000016
1.000077
1.000094
0.999948
0.999919
0.999834
0.999951
0.999800
0.999917
0.999951
1.000092
1.000085
1.000054
1.000004
0.999833
0.999854
0.999935
0.999831
1.000014
1.000023
0.999870
1.000012
0.999911
0.999840
0.999955
1.000055
1.000082
1.000065
0.999971
0.999938
0.999802
1.000274
1.000155
1.000065
1.000055
0.999977
0.999953
0.999929
1.000018
1.000056
1.000176
0.999964
0.999918
0.999945
0.999943
0.999918
0.999957
1.000127
1.000013
1.000014
0.999916
0.999940
1.000013
1.000095
1.000065
1.000159
1.000232
1.000110
1.000069
1.000099
1.000009
0.999945
0.999909
1.000040
1.000094
1.000135
0.999933
0.999933
0.999965
0.999968
0.999870
0.999972
1.000235
1.000055
1.000041
0.999911
0.999912
0.999958
1.000075
1.000079
1.000161
1.000290
1.000161
1.000076
1.000109
1.000012
0.999953
0.999924
1.000018
1.000041
1.000202
1.000027
0.999966
0.999956
0.999960
0.999930
0.999967
1.000131
1.000032
1.000012
0.999931
0.999957
1.000017
1.000114
1.000071
1.000131
1.000202
1.000150
1.000085
1.000089
1.000007
0.999926
0.999926
1.000015
1.000051
1.000154
1.000029
0.999939
0.999936
0.999921
0.999820
0.999896
1.000119
1.000053
1.000046
0.999918
0.999951
1.000010
1.000099
1.000061
1.000136
1.000138
1.000203
1.000114
0.999990
0.999924
0.999958
1.000018
0.999990
1.000057
1.000154
0.999937
0.999959
0.999947
0.999955
0.999975
0.999941
1.000179
1.000088
0.999967
0.999997
0.999965
0.999886
0.999982
1.000133
1.000202
1.000146
1.000217
1.000128
0.999987
0.999898
0.999954
0.999976
0.999959
1.000108
1.000154
0.999953
0.999969
0.999928
0.999928
0.999961
0.999919
1.000150
1.000078
0.999954
0.999989
0.999950
0.999913
1.000038
1.000165
1.000178
1.000077
1.000177
1.000137
0.999999
0.999890
0.999965
1.000012
0.999983
1.000066
1.000133
0.999908
0.999945
0.999926
0.999954
0.999975
0.999940
1.000176
1.000096
0.999939
0.999967
0.999951
0.999901
0.999999
1.000125
1.000178
1.000080
1.000169
1.000117
0.999999
0.999900
0.999939
1.000014
0.999974
1.000101
1.000146
0.999942
0.999968
0.999942
0.999970
0.999966
0.999990
1.000227
1.000089
0.999943
0.999962
0.999962
0.999904
0.999999
1.000129
1.000195
0.999666
0.999928
1.000124
0.999954
0.999906
0.999994
0.999971
0.999900
0.999998
0.999825
1.000007
1.000065
0.999953
0.999908
1.000004
0.999997
0.999813
0.999975
0.999907
0.999986
0.999985
0.999905
0.999913
1.000063
0.999931
0.999680
0.999941
1.000066
0.999910
0.999939
1.000001
1.000006
0.999900
0.999909
0.999694
0.999937
1.000004
0.999884
0.999950
1.000057
0.999974
0.999677
0.999890
0.999935
1.000008
0.999981
0.999936
0.999931
1.000033
0.999938
0.999753
0.999967
1.000109
0.999932
0.999882
0.999988
0.999986
0.999863
0.999978
0.999870
1.000072
1.000063
0.999945
0.999917
1.000009
0.999949
0.999690
0.999928
0.999925
0.999980
1.000012
0.999951
0.999964
1.000112
0.999952
0.999723
0.999930
1.000083
0.999947
0.999920
1.000011
0.999973
0.999865
0.999970
0.999810
0.999987
1.000003
0.999888
0.999959
1.000028
1.000045
0.999852
0.999968
0.999895
0.999978
0.999996
0.999906
0.999959
1.000083
0.999908
0.999871
0.999854
0.999950
1.000070
0.999894
1.000003
0.999970
0.999987
0.999890
0.999719
1.000021
1.000096
0.999978
1.000008
1.000109
0.999966
0.999809
0.999948
0.999966
0.999939
0.999998
0.999947
1.000109
0.999984
0.999834
0.999811
0.999832
0.999963
1.000070
0.999920
1.000012
0.999971
0.999985
0.999948
0.999843
1.000022
1.000095
0.999996
0.999979
1.000083
1.000001
0.999877
1.000048
1.000000
0.999954
0.999996
0.999912
1.000025
0.999969
0.999825
0.999731
0.999789
0.999981
1.000090
0.999934
0.999994
0.999928
1.000017
0.999943
0.999654
0.999931
1.000065
0.999953
1.000023
1.000118
1.000025
0.999844
0.999966
1.000030
0.999944
0.999981
0.999918
1.000010
0.999897
0.999876
0.999880
0.999832
0.999904
1.000000
0.999902
0.999978
0.999921
1.000011
0.999963
0.999781
0.999957
1.000102
1.000011
0.999998
1.000065
0.999966
0.999704
0.999930
1.000016
0.999919
0.999997
0.999939
1.000034
0.999928
0.999829
1.000201
0.999987
0.999964
1.000080
1.000030
1.000058
1.000075
1.000036
0.999931
1.000074
1.000000
1.000004
1.000194
1.000197
1.000011
0.999929
1.000087
0.999936
0.999988
1.000045
1.000034
0.999972
0.999968
0.999917
1.000050
1.000172
1.000032
0.999941
1.000035
1.000032
1.000029
1.000016
1.000020
0.999916
1.000066
0.999992
1.000058
1.000186
1.000188
1.000049
0.999991
1.000093
0.999963
1.000029
1.000037
1.000047
1.000033
1.000033
0.999952
1.000060
1.000196
1.000057
0.999905
1.000024
1.000049
1.000046
1.000027
1.000040
0.999962
1.000074
0.999957
1.000015
1.000204
1.000209
1.000016
0.999929
1.000056
0.999918
1.000046
1.000042
1.000035
1.000038
1.000047
0.999931
1.000015
1.000172
1.000011
0.999983
1.000107
1.000037
1.000100
1.000070
1.000015
0.999933
1.000067
0.999918
1.000009
1.000193
1.000195
1.000013
0.999996
1.000040
0.999945
1.000051
1.000039
1.000054
1.000058
1.000055
0.999940
1.000034
1.000090
0.999988
0.999970
0.999980
1.000078
0.999947
1.000133
1.000082
1.000002
1.000117
1.000082
1.000062
1.000143
1.000165
1.000107
1.000059
1.000156
1.000063
1.000067
1.000122
0.999942
1.000120
0.999981
0.999960
1.000029
1.000025
0.999979
0.999983
0.999992
1.000100
0.999970
1.000146
1.000110
1.000091
1.000186
1.000089
1.000118
1.000153
1.000166
1.000136
1.000066
1.000059
1.000009
1.000125
1.000107
0.999961
1.000131
0.999966
0.999960
1.000046
1.000032
1.000021
0.999936
0.999958
1.000095
0.999901
1.000118
1.000117
1.000047
1.000078
1.000094
1.000100
1.000116
1.000178
1.000109
1.000082
1.000195
1.000095
1.000103
1.000135
0.999935
1.000110
0.999978
0.999937
1.000016
1.000087
0.999996
0.999993
1.000034
1.000086
0.999980
1.000149
1.000101
1.000063
1.000133
1.000092
1.000121
1.000135
1.000127
1.000116
1.000138
1.000081
1.000062
1.000111
1.000132
0.999944
1.000087
0.999967
0.999901
1.000018
1.000048
0.999915
0.999836
0.999945
0.999978
0.999909
0.999983
1.000080
0.999984
1.000020
1.000061
0.999997
0.999883
0.999860
0.999984
1.000047
1.000030
1.000040
1.000100
0.999977
0.999902
0.999975
0.999966
0.999840
0.999914
1.000026
0.999884
0.999870
0.999969
0.999992
0.999888
0.999942
1.000075
0.999986
0.999967
1.000034
0.999982
0.999855
0.999872
0.999983
1.000019
1.000013
1.000001
1.000116
1.000033
0.999960
0.999987
0.999942
0.999817
0.999917
1.000023
0.999909
0.999819
0.999970
1.000028
0.999905
1.000005
1.000104
1.000002
1.000009
1.000081
1.000014
0.999857
0.999866
0.999987
1.000050
1.000029
0.999988
1.000034
0.999879
0.999892
1.000113
0.999952
0.999825
0.999892
1.000013
0.999870
0.999836
0.999965
0.999980
0.999913
0.999946
1.000060
1.000013
1.000034
1.000051
1.000004
0.999896
0.999891
0.999994
1.000042
1.000033
1.000031
1.000080
0.999988
0.999899
0.999999
1.000026
0.999826
0.999879
1.000069
1.000061
0.999974
0.999883
0.999934
1.000070
0.999986
1.000041
0.999957
0.999997
0.999929
1.000036
1.000012
1.000013
1.000022
0.999904
0.999949
0.999927
1.000013
0.999984
1.000106
0.999931
0.999899
0.999989
1.000168
1.000151
1.000128
0.999993
0.999885
0.999937
1.000066
0.999997
1.000084
0.999941
0.999950
0.999948
1.000043
1.000016
1.000024
1.000025
0.999894
0.999980
0.999950
1.000000
0.999938
1.000074
0.999948
0.999892
0.999975
1.000230
1.000144
1.000085
0.999976
0.999906
0.999951
1.000060
0.999987
1.000031
0.999892
0.999918
0.999913
1.000020
1.000012
1.000004
1.000025
0.999941
0.999987
0.999957
1.000061
0.999985
1.000098
1.000013
0.999827
0.999955
1.000112
1.000097
1.000102
0.999939
0.999853
0.999923
1.000085
1.000044
1.000064
0.999922
0.999941
0.999862
1.000005
1.000026
1.000035
0.999997
0.999901
0.999963
0.999916
0.999992
0.999993
1.000057
0.999875
0.999937
1.000002
1.000110
1.000005
1.000211
1.000346
1.000153
1.000038
1.000045
1.000155
0.999907
0.999975
0.999963
1.000019
1.000084
0.999952
0.999947
1.000070
1.000077
1.000061
1.000069
0.999934
1.000148
1.000118
1.000078
1.000054
1.000243
1.000217
0.999954
1.000170
1.000262
1.000092
1.000045
1.000078
1.000095
0.999924
1.000051
0.999968
0.999969
1.000014
0.999960
0.999970
1.000024
0.999984
0.999992
1.000006
0.999930
1.000124
1.000095
1.000042
1.000034
1.000201
1.000192
0.999980
1.000224
1.000277
1.000092
1.000048
1.000046
1.000106
0.999888
1.000040
1.000056
0.999992
0.999972
0.999964
0.999960
0.999990
0.999960
0.999971
1.000041
1.000002
1.000178
1.000075
1.000088
1.000117
1.000278
1.000214
1.000033
1.000202
1.000278
1.000128
0.999990
1.000050
1.000216
0.999957
0.999981
1.000042
1.000028
1.000000
0.999967
0.999963
0.999979
0.999999
1.000049
1.000035
0.999890
1.000150
1.000037
1.000010
1.000102
1.000308
1.000255
1.000004
0.999900
1.000022
1.000129
1.000032
1.000020
1.000136
1.000037
1.000086
0.999966
1.000090
0.999969
0.999861
0.999808
0.999972
1.000130
0.999966
1.000015
0.999970
1.000138
1.000059
1.000041
1.000113
1.000022
0.999938
0.999959
0.999912
1.000083
1.000182
1.000029
1.000073
1.000210
1.000108
1.000060
0.999947
1.000113
0.999972
0.999841
0.999833
1.000007
1.000116
0.999942
1.000070
1.000038
1.000123
1.000064
1.000065
1.000213
1.000117
0.999998
0.999962
0.999880
1.000117
1.000199
1.000064
1.000076
1.000129
1.000012
1.000055
0.999990
1.000135
0.999973
0.999845
0.999849
1.000020
1.000139
0.999957
1.000038
0.999942
1.000064
0.999971
1.000037
1.000242
1.000087
0.999956
0.999990
0.999969
1.000071
1.000161
1.000041
0.999979
1.000103
1.000006
1.000023
0.999955
1.000111
0.999963
0.999845
0.999844
0.999965
1.000103
0.999980
1.000038
0.999978
1.000121
1.000063
1.000065
1.000133
1.000059
1.000002
0.999965
0.999867
0.999820
0.999978
0.999952
0.999987
0.999969
1.000071
0.999937
0.999932
0.999938
1.000008
0.999990
0.999974
1.000054
0.999938
0.999870
0.999913
1.000073
0.999970
0.999991
1.000012
0.999986
0.999803
0.999875
0.999982
0.999845
0.999809
0.999930
0.999946
0.999981
0.999957
1.000094
0.999864
0.999842
0.999899
1.000015
0.999993
0.999975
1.000071
0.999970
0.999858
0.999924
1.000084
0.999947
0.999957
0.999920
0.999880
0.999798
0.999875
0.999981
0.999914
0.999787
0.999911
0.999945
0.999945
0.999963
1.000059
0.999906
0.999951
0.999955
1.000034
0.999999
0.999954
1.000041
0.999926
0.999886
0.999943
1.000074
0.999990
0.999995
0.999946
0.999910
0.999778
0.999890
1.000010
0.999902
0.999825
0.999889
0.999953
0.999962
0.999970
1.000081
0.999912
0.999930
0.999953
1.000028
0.999978
0.999987
1.000030
0.999984
0.999990
0.999913
1.000047
0.999965
0.999979
1.000036
0.999970
0.999783
0.999858
0.999928
0.999954
0.999999
0.999899
0.999811
0.999906
0.999847
0.999819
0.999906
0.999977
0.999890
0.999953
0.999991
1.000028
0.999934
0.999852
0.999969
0.999906
0.999823
0.999825
0.999870
0.999892
0.999931
0.999977
0.999960
0.999939
0.999941
0.999980
0.999904
0.999894
0.999854
0.999802
0.999810
0.999902
1.000044
0.999953
0.999984
1.000012
1.000005
0.999958
0.999856
0.999964
0.999986
0.999873
0.999831
0.999967
0.999880
0.999835
1.000005
1.000003
0.999892
0.999946
0.999943
0.999837
0.999857
0.999862
0.999878
0.999886
0.999878
1.000020
0.999944
0.999976
1.000014
0.999986
0.999957
0.999928
0.999962
0.999868
0.999833
0.999838
0.999886
0.999858
0.999865
0.999954
0.999946
0.999932
1.000014
1.000023
0.999845
0.999811
0.999852
0.999853
0.999883
0.999948
1.000000
0.999895
0.999972
0.999998
1.000000
0.999959
0.999889
0.999937
0.999938
0.999936
0.999881
0.999866
0.999909
0.999911
0.999952
0.999960
0.999987
0.999929
1.000137
1.000053
0.999854
0.999875
0.999852
0.999935
1.000035
0.999972
1.000020
1.000006
0.999911
0.999965
1.000018
1.000014
0.999978
1.000048
0.999919
0.999823
0.999873
0.999849
1.000057
1.000145
0.999965
0.999967
0.999922
1.000115
1.000092
0.999907
0.999805
0.999796
0.999971
1.000061
0.999972
1.000033
1.000015
0.999949
0.999947
1.000019
1.000020
0.999959
1.000030
0.999974
0.999825
0.999817
0.999836
1.000070
1.000078
0.999919
0.999943
0.999975
1.000101
1.000058
0.999893
0.999851
0.999865
0.999930
0.999974
0.999984
1.000028
0.999988
0.999924
0.999938
1.000028
1.000039
0.999976
1.000039
0.999959
0.999848
0.999874
0.999881
1.000040
1.000092
0.999937
0.999979
0.999905
1.000042
1.000038
0.999917
0.999883
0.999833
0.999932
1.000030
0.999970
0.999996
1.000024
0.999949
0.999931
1.000000
1.000006
0.999961
1.000038
0.999957
0.999843
0.999844
0.999861
1.000073
1.000061
0.999917
1.000071
0.999978
0.999951
0.999981
1.000068
0.999978
1.000077
1.000164
1.000052
1.000054
1.000043
1.000064
0.999962
0.999958
1.000056
1.000044
1.000057
1.000077
1.000176
1.000063
1.000000
1.000056
0.999971
0.999978
1.000007
1.000024
0.999944
0.999944
1.000059
1.000168
1.000016
1.000062
1.000203
1.000027
1.000030
1.000033
1.000040
0.999965
0.999952
1.000028
1.000020
1.000032
0.999975
1.000178
1.000069
0.999960
1.000129
1.000043
0.999926
0.999986
1.000007
1.000014
0.999978
1.000075
1.000153
0.999996
1.000078
1.000146
1.000022
1.000062
1.000064
1.000068
0.999968
0.999957
1.000038
1.000032
1.000069
1.000064
1.000183
1.000084
1.000022
1.000092
0.999995
0.999958
0.999997
1.000053
0.999987
0.999949
1.000047
1.000114
0.999995
1.000044
1.000166
1.000105
1.000057
1.000014
1.000056
0.999973
0.999938
1.000049
1.000029
1.000055
1.000041
1.000159
1.000078
0.999995
1.000047
0.999991
0.999951
0.999991
1.000044
1.000025
0.999862
0.999855
0.999893
0.999951
1.000115
0.999883
0.999947
1.000036
0.999947
0.999891
0.999933
0.999934
0.999899
0.999947
1.000023
0.999946
0.999822
1.000059
0.999947
0.999825
0.999776
0.999823
1.000041
1.000077
1.000014
0.999804
0.999735
0.999869
1.000047
1.000091
0.999861
0.999903
1.000013
0.999936
0.999885
0.999946
0.999957
0.999903
0.999964
1.000090
0.999887
0.999838
1.000144
0.999988
0.999925
0.999846
0.999857
1.000083
1.000072
1.000019
0.999847
0.999774
0.999842
0.999976
1.000085
0.999809
0.999898
0.999999
0.999935
0.999900
0.999932
0.999932
0.999857
0.999923
1.000033
0.999939
0.999884
1.000109
0.999951
0.999835
0.999806
0.999862
1.000036
1.000042
0.999989
0.999812
0.999843
0.999932
0.999993
1.000053
0.999843
0.999966
1.000017
0.999935
0.999905
0.999957
0.999928
0.999903
0.999953
1.000072
0.999908
0.999849
1.000141
0.999980
0.999911
0.999812
0.999802
0.999993
1.000123
1.000049
0.999946
1.000034
0.999917
0.999949
0.999990
0.999898
1.000000
1.000029
0.999985
1.000017
1.000090
1.000089
1.000001
0.999992
1.000030
1.000000
0.999965
1.000059
0.999976
0.999939
1.000042
0.999941
1.000055
1.000126
1.000034
0.999926
1.000067
0.999925
0.999947
0.999972
0.999858
0.999998
1.000059
0.999978
0.999998
1.000093
1.000103
0.999968
0.999969
1.000040
1.000027
0.999905
0.999921
0.999918
0.999910
1.000049
0.999915
0.999990
1.000091
1.000066
0.999958
1.000028
0.999917
0.999963
1.000068
0.999989
1.000048
1.000030
0.999990
1.000027
1.000086
1.000101
1.000017
1.000002
1.000035
1.000014
0.999852
0.999975
0.999994
0.999926
1.000029
0.999950
1.000056
1.000115
1.000045
0.999919
1.000046
0.999914
0.999927
1.000024
0.999859
0.999983
1.000035
0.999982
0.999997
1.000096
1.000099
0.999997
0.999962
1.000058
0.999981
0.999864
0.999956
0.999903
0.999948
1.000046
0.999920
1.000045
1.000044
0.999973
1.000134
1.000149
1.000146
1.000115
1.000008
1.000151
1.000173
1.000047
0.999961
1.000083
1.000113
1.000092
1.000069
0.999998
1.000050
1.000162
1.000146
0.999983
1.000116
1.000117
1.000121
1.000106
0.999982
1.000064
0.999951
1.000017
1.000113
1.000165
1.000094
1.000009
1.000157
1.000174
1.000070
0.999980
1.000078
1.000106
1.000106
1.000075
0.999994
1.000064
1.000169
1.000148
1.000009
1.000126
1.000096
1.000160
1.000108
0.999958
1.000059
1.000005
1.000117
1.000070
1.000120
1.000085
1.000005
1.000143
1.000164
1.000058
0.999985
1.000103
1.000095
1.000121
1.000090
0.999991
1.000061
1.000175
1.000159
1.000037
1.000140
1.000130
1.000089
1.000084
1.000013
1.000085
0.999982
1.000035
1.000113
1.000172
1.000089
1.000002
1.000153
1.000215
1.000067
0.999995
1.000075
1.000102
1.000130
1.000083
0.999988
1.000078
1.000172
1.000158
1.000008
1.000107
1.000118
1.000071
1.000017
0.999940
1.000176
1.000073
1.000121
1.000077
1.000071
1.000152
1.000168
1.000220
1.000159
1.000104
1.000114
1.000035
1.000052
1.000035
1.000036
1.000134
1.000160
1.000193
1.000170
1.000210
1.000217
1.000067
1.000129
1.000185
1.000052
1.000143
1.000154
1.000231
1.000074
1.000035
1.000206
1.000225
1.000186
1.000160
1.000128
1.000082
1.000037
1.000086
1.000065
1.000035
1.000074
1.000095
1.000153
1.000222
1.000222
1.000206
1.000086
1.000118
1.000170
1.000028
1.000188
1.000069
1.000116
1.000102
1.000112
1.000166
1.000198
1.000209
1.000165
1.000124
1.000076
1.000031
1.000043
1.000060
1.000050
1.000095
1.000125
1.000194
1.000172
1.000137
1.000147
1.000099
1.000133
1.000171
1.000097
1.000167
1.000089
1.000162
1.000100
1.000089
1.000196
1.000197
1.000196
1.000155
1.000096
1.000074
0.999975
1.000054
1.000073
1.000029
1.000068
1.000134
1.000189
1.000200
1.000222
1.000232
1.000107
1.000170
1.000257
1.000088
1.000121
1.000168
1.000100
1.000146
1.000089
1.000100
1.000125
1.000117
1.000045
1.000122
1.000188
1.000167
1.000197
1.000187
1.000110
1.000136
1.000109
1.000039
1.000060
1.000134
1.000157
1.000076
1.000155
1.000142
1.000130
1.000111
1.000166
1.000092
1.000105
1.000044
1.000171
1.000176
1.000143
1.000064
1.000099
1.000193
1.000160
1.000175
1.000153
1.000156
1.000162
1.000072
1.000065
1.000108
1.000152
1.000171
1.000036
1.000104
1.000165
1.000142
1.000097
1.000195
1.000143
1.000081
1.000046
1.000138
1.000129
1.000108
1.000059
1.000104
1.000144
1.000142
1.000168
1.000192
1.000105
1.000133
1.000093
1.000051
1.000116
1.000127
1.000134
1.000048
1.000123
1.000108
1.000168
1.000172
1.000176
1.000135
1.000071
1.000042
1.000194
1.000138
1.000075
1.000072
1.000092
1.000256
1.000168
1.000145
1.000185
1.000126
1.000130
1.000101
1.000049
1.000088
1.000149
1.000153
1.000027
1.000112
1.000164
1.000124
0.999887
0.999925
0.999842
0.999758
0.999890
0.999902
0.999808
0.999825
0.999820
0.999814
0.999855
0.999934
0.999830
0.999819
0.999938
0.999834
0.999776
0.999851
0.999861
0.999748
0.999857
0.999850
0.999831
0.999827
0.999881
0.999878
0.999911
0.999849
0.999783
0.999872
0.999933
0.999776
0.999822
0.999810
0.999793
0.999862
0.999933
0.999809
0.999799
0.999965
0.999882
0.999776
0.999841
0.999857
0.999802
0.999915
0.999825
0.999735
0.999812
0.999909
0.999856
0.999875
0.999865
0.999746
0.999845
0.999884
0.999788
0.999849
0.999830
0.999796
0.999841
0.999941
0.999811
0.999863
0.999907
0.999852
0.999819
0.999783
0.999878
0.999813
0.999882
0.999829
0.999792
0.999826
0.999845
0.999811
0.999827
0.999839
0.999760
0.999880
0.999964
0.999802
0.999850
0.999849
0.999764
0.999848
0.999924
0.999805
0.999852
0.999915
0.999829
0.999792
0.999824
0.999825
0.999821
0.999898
0.999824
0.999763
0.999821
0.999866
0.999760
0.999828
0.999966
0.999756
0.999762
0.999875
0.999845
0.999745
0.999761
0.999780
0.999856
0.999814
0.999719
0.999706
0.999828
0.999883
0.999788
0.999777
0.999780
0.999832
0.999899
0.999767
0.999766
0.999906
0.999791
0.999789
0.999869
0.999943
0.999782
0.999763
0.999842
0.999809
0.999762
0.999762
0.999781
0.999864
0.999816
0.999695
0.999741
0.999865
0.999907
0.999777
0.999741
0.999785
0.999850
0.999872
0.999768
0.999825
0.999950
0.999825
0.999787
0.999856
0.999940
0.999828
0.999847
0.999885
0.999849
0.999768
0.999738
0.999806
0.999907
0.999816
0.999695
0.999763
0.999833
0.999935
0.999847
0.999705
0.999790
0.999855
0.999819
0.999734
0.999846
0.999921
0.999810
0.999837
0.999831
0.999909
0.999848
0.999781
0.999821
0.999805
0.999774
0.999767
0.999818
0.999883
0.999815
0.999722
0.999740
0.999818
0.999917
0.999802
0.999771
0.999772
0.999816
0.999790
0.999741
0.999830
0.999961
0.999821
0.999960
0.999994
1.000139
1.000238
1.000143
1.000082
1.000182
1.000160
1.000051
1.000003
1.000118
1.000148
1.000061
1.000053
1.000148
1.000130
1.000002
1.000036
1.000156
1.000162
1.000126
1.000142
1.000171
1.000142
0.999992
0.999961
1.000031
1.000147
1.000172
1.000058
1.000031
1.000181
1.000175
1.000060
1.000026
1.000111
1.000132
1.000086
1.000054
1.000125
1.000138
1.000038
1.000028
1.000140
1.000196
1.000064
1.000084
1.000232
1.000155
1.000027
0.999975
1.000049
1.000123
1.000189
1.000088
1.000024
1.000158
1.000149
1.000012
1.000038
1.000150
1.000176
1.000089
1.000074
1.000120
1.000108
0.999976
1.000029
1.000121
1.000192
1.000024
1.000068
1.000241
1.000150
1.000008
0.999994
1.000029
1.000130
1.000252
1.000037
0.999987
1.000167
1.000177
1.000005
1.000017
1.000136
1.000118
1.000077
1.000079
1.000162
1.000158
0.999962
1.000063
1.000154
1.000214
1.000094
1.000091
1.000185
1.000182
1.000040
0.999936
0.999930
0.999957
1.000020
0.999993
0.999988
1.000026
1.000094
1.000107
0.999975
0.999950
1.000082
0.999960
0.999965
1.000086
0.999958
0.999923
1.000138
1.000140
1.000065
0.999998
0.999977
0.999995
0.999993
0.999956
0.999955
0.999921
0.999923
1.000081
0.999993
0.999969
1.000055
1.000097
1.000133
0.999924
0.999935
1.000058
0.999998
0.999964
1.000045
0.999940
0.999996
1.000113
1.000097
1.000087
0.999974
0.999947
1.000020
0.999946
0.999924
0.999913
0.999918
0.999908
1.000065
0.999970
0.999944
1.000048
1.000098
1.000081
1.000001
0.999917
1.000027
0.999969
0.999955
1.000052
0.999946
0.999922
1.000093
1.000093
1.000158
0.999999
0.999954
1.000021
0.999962
0.999926
0.999930
0.999929
0.999915
1.000079
0.999988
0.999999
1.000088
1.000121
1.000084
0.999985
0.999944
1.000027
0.999979
1.000013
1.000047
0.999923
0.999897
1.000121
1.000067
1.000087
1.000019
0.999984
1.000031
0.999927
0.999915
0.999895
0.999863
0.999742
0.999816
0.999871
0.999780
0.999836
0.999808
0.999810
0.999920
0.999895
0.999824
0.999841
0.999872
0.999859
0.999896
0.999861
0.999854
0.999754
0.999772
0.999768
0.999892
0.999796
0.999781
0.999878
0.999908
0.999878
0.999732
0.999887
0.999921
0.999778
0.999825
0.999785
0.999856
0.999857
0.999850
0.999809
0.999858
0.999840
0.999797
0.999844
0.999870
0.999843
0.999771
0.999790
0.999797
0.999912
0.999821
0.999761
0.999894
0.999898
0.999875
0.999704
0.999834
0.999943
0.999871
0.999865
0.999801
0.999831
0.999915
0.999884
0.999779
0.999845
0.999833
0.999809
0.999876
0.999877
0.999828
0.999816
0.999873
0.999818
0.999864
0.999829
0.999772
0.999889
0.999909
0.999861
0.999699
0.999840
0.999954
0.999819
0.999844
0.999820
0.999798
0.999908
0.999870
0.999775
0.999849
0.999859
0.999788
0.999871
0.999877
0.999869
0.999757
0.999757
0.999770
0.999904
0.999877
0.999747
0.999868
1.000139
1.000093
0.999883
0.999980
1.000091
0.999922
0.999894
0.999938
0.999936
1.000047
0.999948
0.999840
1.000008
0.999995
0.999829
0.999950
1.000051
0.999967
0.999901
0.999854
0.999937
1.000107
1.000017
0.999877
1.000053
1.000124
1.000092
0.999874
0.999990
1.000099
0.999912
0.999891
0.999943
0.999976
1.000064
0.999963
0.999875
1.000014
1.000023
0.999857
0.999950
1.000061
0.999955
0.999879
0.999865
0.999948
1.000098
0.999974
0.999887
1.000047
1.000134
1.000087
0.999905
1.000031
1.000094
0.999949
0.999879
0.999896
0.999957
1.000072
0.999981
0.999841
1.000023
1.000035
0.999869
0.999971
1.000068
0.999952
0.999897
0.999891
0.999987
1.000064
0.999987
0.999879
1.000048
1.000142
1.000070
0.999909
0.999972
1.000127
0.999897
0.999848
0.999927
0.999939
1.000098
1.000020
0.999873
1.000009
1.000016
0.999882
1.000027
1.000080
0.999979
0.999903
0.999864
0.999941
1.000082
0.999998
0.999905
1.000083
0.883360
0.881141
0.878834
0.883193
0.880885
0.878905
0.880949
0.883161
0.878954
0.881108
0.880900
0.883110
0.878876
0.883302
0.878784
0.880910
0.883265
0.878851
0.881039
0.883309
0.880955
0.880893
0.878843
0.883039
0.879022
0.883374
0.878906
0.883140
0.878831
0.880841
0.883252
0.878883
0.880936
0.883255
0.878925
0.883134
0.878780
0.880987
0.883238
0.878779
0.881081
0.883280
0.878868
0.883175
0.878791
0.883265
0.878717
0.883200
0.878736
0.883369
0.879061
0.881057
0.883235
0.878788
0.883058
0.878745
0.881033
0.883226
0.881009
0.878831
0.883224
0.880937
0.880970
0.878892
0.881035
0.883069
0.878924
0.883261
0.878753
0.883289
0.878854
0.880868
0.883197
0.878726
0.883364
0.879063
0.883293
0.878833
0.883034
0.878797
0.883245
0.878879
0.883108
0.878850
0.881172
0.883052
0.880939
0.878868
0.881068
0.883184
0.878817
0.881079
0.883170
0.878766
0.883314
0.878775
0.883196
0.878676
0.883237
0.878887
0.769597
0.764380
0.759100
0.769335
0.764213
0.759139
0.764413
0.769413
0.759146
0.764340
0.764233
0.769394
0.759178
0.769490
0.759113
0.764255
0.769487
0.759133
0.764238
0.769477
0.764382
0.764091
0.758963
0.769412
0.759226
0.769609
0.759216
0.769391
0.758939
0.764096
0.769465
0.759163
0.764211
0.769376
0.759187
0.769419
0.759115
0.764327
0.769473
0.759112
0.764268
0.769484
0.759143
0.769428
0.759173
0.769430
0.759091
0.769325
0.759111
0.769548
0.759292
0.764302
0.769360
0.758936
0.769242
0.759136
0.764381
0.769415
0.764281
0.759183
0.769421
0.764245
0.764308
0.759166
0.764241
0.769412
0.759180
0.769383
0.759067
0.769498
0.759113
0.764213
0.769335
0.759111
0.769548
0.759302
0.769525
0.759088
0.769304
0.759080
0.769430
0.759163
0.769409
0.759136
0.764340
0.769406
0.764252
0.759172
0.764301
0.769381
0.759098
0.764314
0.769382
0.759067
0.769498
0.759132
0.769254
0.758942
0.769358
0.759199
