-0.039334
-0.018894
0.000334
0.013929
0.038729
0.060552
0.074876
0.086509
0.095101
0.100316
0.101992
0.100045
0.094537
0.088964
0.073414
0.052887
0.031540
0.012308
-0.001341
-0.021887
-0.035877
-0.052254
-0.062705
-0.074267
-0.080791
-0.085976
-0.090635
-0.091038
-0.089405
-0.085290
-0.079513
-0.068866
-0.058905
-0.041892
-0.025022
-0.009202
0.010191
0.027387
0.050722
0.070374
0.088535
0.092596
0.098962
0.101829
0.101080
0.096756
0.089020
0.076133
0.058805
0.040270
0.018674
-0.000302
-0.013487
-0.032863
-0.045894
-0.060558
-0.069632
-0.077241
-0.085008
-0.088682
-0.090866
-0.090506
-0.087525
-0.081921
-0.072250
-0.061027
-0.049681
-0.030901
-0.015646
0.003511
0.020634
0.044093
0.066303
0.079060
0.089729
0.097223
0.101266
0.101740
0.098584
0.091956
0.082086
0.069289
0.046685
0.025103
0.008747
-0.010178
-0.025042
-0.043008
-0.054888
-0.066144
-0.077088
-0.083015
-0.087427
-0.090395
-0.090940
-0.088357
-0.083241
-0.075443
-0.065092
-0.054585
-0.024026
-0.010303
0.002549
0.014911
0.031925
0.048563
0.060384
0.071840
0.079503
0.085068
0.085999
0.082127
0.075340
0.065636
0.051974
0.038617
0.022316
0.007771
0.000105
-0.016433
-0.029042
-0.041111
-0.049609
-0.056036
-0.064227
-0.067739
-0.069578
-0.070311
-0.067914
-0.062972
-0.058274
-0.050317
-0.039729
-0.029408
-0.016516
-0.000555
0.009914
0.026645
0.043312
0.056155
0.068332
0.077304
0.083679
0.086126
0.084008
0.077900
0.068500
0.057785
0.043263
0.027170
0.012812
0.000777
-0.013207
-0.024851
-0.036766
-0.047525
-0.054548
-0.060514
-0.067152
-0.069726
-0.069962
-0.069397
-0.066020
-0.060523
-0.054023
-0.044455
-0.032588
-0.019629
-0.006830
0.007515
0.021334
0.038508
0.051864
0.065210
0.074786
0.081914
0.085850
0.084820
0.080568
0.071933
0.060805
0.047490
0.034441
0.017822
0.002978
-0.007397
-0.021912
-0.034032
-0.043876
-0.053106
-0.059512
-0.064329
-0.068033
-0.070501
-0.069885
-0.067322
-0.062496
-0.055881
-0.047429
-0.036239
-0.016827
-0.003193
0.003000
0.015903
0.028477
0.038548
0.048315
0.055914
0.060865
0.064239
0.064433
0.061074
0.055359
0.048202
0.039092
0.026902
0.016811
0.005413
-0.004064
-0.014795
-0.024364
-0.032629
-0.039937
-0.046104
-0.049763
-0.053380
-0.055577
-0.055170
-0.053235
-0.049885
-0.044031
-0.037457
-0.029367
-0.019512
-0.008923
-0.000783
0.010635
0.024177
0.035084
0.045416
0.053461
0.059789
0.063491
0.064816
0.062695
0.057935
0.050914
0.041816
0.032391
0.020608
0.010418
-0.000464
-0.010691
-0.021287
-0.029937
-0.038257
-0.043968
-0.049390
-0.052372
-0.055383
-0.055562
-0.054257
-0.051101
-0.045866
-0.039929
-0.031657
-0.022862
-0.013390
-0.002317
0.006815
0.020446
0.031465
0.041864
0.050851
0.057435
0.062685
0.064895
0.063106
0.059826
0.053146
0.044869
0.035289
0.023260
0.012178
0.001690
-0.004382
-0.017499
-0.026999
-0.035183
-0.040896
-0.046897
-0.052401
-0.054724
-0.055317
-0.054584
-0.052192
-0.048356
-0.042061
-0.034324
-0.026483
-0.010846
-0.000385
0.005589
0.013368
0.023642
0.032013
0.038586
0.044174
0.047817
0.049387
0.049463
0.046931
0.042638
0.036341
0.029375
0.021096
0.012996
0.004263
-0.004193
-0.012295
-0.020043
-0.026850
-0.032973
-0.037117
-0.040421
-0.042908
-0.043327
-0.043898
-0.041153
-0.038233
-0.034146
-0.028240
-0.021407
-0.014032
-0.003301
0.002540
0.011705
0.021284
0.029476
0.036407
0.042501
0.046504
0.049118
0.049285
0.047525
0.044473
0.039118
0.032109
0.023935
0.015853
0.007204
-0.001371
-0.009898
-0.017544
-0.024734
-0.031112
-0.035764
-0.039317
-0.042196
-0.043201
-0.043212
-0.042016
-0.039922
-0.035292
-0.030219
-0.023707
-0.016670
-0.008448
0.000126
0.008646
0.016305
0.026411
0.034124
0.039850
0.045646
0.048506
0.049479
0.048391
0.045828
0.040817
0.034411
0.026676
0.018220
0.009429
-0.000243
-0.006774
-0.015227
-0.022439
-0.028851
-0.034178
-0.038820
-0.041255
-0.042931
-0.043441
-0.043399
-0.040218
-0.037021
-0.032579
-0.026184
-0.018970
-0.005800
-0.000494
0.006427
0.013265
0.020377
0.026199
0.031586
0.034999
0.037888
0.039366
0.038648
0.036474
0.033032
0.028396
0.022551
0.016291
0.008278
0.001284
-0.004061
-0.010670
-0.016953
-0.022342
-0.026079
-0.030064
-0.032999
-0.034705
-0.035849
-0.034604
-0.032975
-0.030533
-0.026389
-0.021514
-0.016107
-0.009572
-0.002989
0.002680
0.011145
0.017885
0.024250
0.030000
0.033710
0.037088
0.039139
0.039007
0.037485
0.034292
0.030064
0.024568
0.017323
0.010594
0.003616
-0.001765
-0.008545
-0.015000
-0.020609
-0.024546
-0.029400
-0.032135
-0.034822
-0.035082
-0.034911
-0.033576
-0.031179
-0.028043
-0.023366
-0.018049
-0.011765
-0.005015
0.001292
0.007413
0.015597
0.022212
0.028266
0.032271
0.036555
0.038483
0.039365
0.038181
0.035438
0.031611
0.026444
0.019472
0.014097
0.005949
-0.000168
-0.004455
-0.012734
-0.018841
-0.023989
-0.027505
-0.031491
-0.033777
-0.035219
-0.035083
-0.034184
-0.032621
-0.029051
-0.025125
-0.019896
-0.013914
-0.005018
0.000300
0.005174
0.011890
0.017315
0.022036
0.025247
0.028839
0.030728
0.031401
0.030739
0.029017
0.026087
0.022227
0.016765
0.011557
0.006809
0.000356
-0.002557
-0.009406
-0.014359
-0.017857
-0.022379
-0.025268
-0.027636
-0.028467
-0.028791
-0.028133
-0.026876
-0.024109
-0.020719
-0.016820
-0.012055
-0.005520
-0.001135
0.004156
0.008940
0.015389
0.020522
0.023925
0.027945
0.030260
0.031245
0.031072
0.029818
0.027176
0.023619
0.018396
0.014141
0.008671
0.002241
-0.000742
-0.006122
-0.012921
-0.017352
-0.021329
-0.023949
-0.027102
-0.028237
-0.028986
-0.028442
-0.027184
-0.025287
-0.022043
-0.018115
-0.013680
-0.007337
-0.001804
0.002459
0.007062
0.013615
0.018955
0.022540
0.026417
0.029612
0.031063
0.031396
0.030275
0.028121
0.024802
0.020724
0.015081
0.009729
0.004924
-0.000347
-0.004356
-0.011011
-0.015879
-0.019237
-0.023578
-0.025760
-0.027771
-0.029121
-0.028639
-0.027683
-0.026129
-0.023109
-0.019474
-0.015337
-0.009107
-0.003254
0.000390
0.005813
0.009584
0.014608
0.017715
0.021416
0.023411
0.025101
0.025493
0.024893
0.023285
0.020937
0.017056
0.013836
0.009575
0.004370
0.000436
-0.002697
-0.008306
-0.012305
-0.015875
-0.018294
-0.021108
-0.022737
-0.023879
-0.023693
-0.023304
-0.021617
-0.019650
-0.016618
-0.012250
-0.008188
-0.004780
-0.000269
0.003499
0.008885
0.013375
0.017164
0.020599
0.022676
0.024755
0.025435
0.025211
0.023900
0.021764
0.018214
0.015166
0.011129
0.005904
0.001975
-0.002361
-0.006791
-0.010976
-0.014687
-0.017877
-0.020555
-0.022087
-0.023386
-0.024057
-0.023336
-0.022164
-0.020260
-0.017548
-0.014322
-0.009597
-0.006312
-0.001709
0.001945
0.007361
0.011039
0.015906
0.019450
0.022376
0.024014
0.025377
0.025346
0.024460
0.022577
0.019825
0.016462
0.011804
0.008091
0.003680
-0.000846
-0.005357
-0.009645
-0.013529
-0.016264
-0.019645
-0.021491
-0.023028
-0.023726
-0.023587
-0.022622
-0.020982
-0.018763
-0.015548
-0.011850
-0.007743
-0.001283
0.000958
0.005502
0.009140
0.012628
0.015509
0.017560
0.019691
0.020725
0.020924
0.020312
0.018932
0.016896
0.014190
0.011059
0.006931
0.003752
0.000030
-0.002730
-0.007230
-0.010555
-0.013473
-0.015984
-0.017516
-0.019036
-0.019693
-0.019827
-0.019010
-0.017726
-0.015952
-0.013376
-0.009683
-0.006255
-0.002553
0.000275
0.004148
0.007284
0.011525
0.014036
0.017186
0.019258
0.020286
0.020941
0.020610
0.019475
0.017651
0.015143
0.012150
0.008145
0.005014
0.001312
-0.001494
-0.005147
-0.009537
-0.012605
-0.014707
-0.016916
-0.018532
-0.019747
-0.019761
-0.019309
-0.018224
-0.016517
-0.014187
-0.010750
-0.008189
-0.004619
0.000001
0.002860
0.006048
0.010310
0.013664
0.015933
0.018591
0.020169
0.020799
0.020814
0.019930
0.018316
0.015589
0.012677
0.009876
0.005689
0.001896
-0.001164
-0.004876
-0.008395
-0.011605
-0.014405
-0.016242
-0.018259
-0.019507
-0.019737
-0.019532
-0.018832
-0.017152
-0.015018
-0.011773
-0.009318
-0.005047
-0.001260
0.001802
0.004476
0.007521
0.010798
0.013198
0.015190
0.016310
0.017261
0.017336
0.016747
0.015498
0.013442
0.011526
0.008409
0.005899
0.002843
-0.000265
-0.003406
-0.005670
-0.009209
-0.011540
-0.013228
-0.015160
-0.015978
-0.016532
-0.016444
-0.015766
-0.014639
-0.012945
-0.010340
-0.008294
-0.004807
-0.002327
0.000795
0.003423
0.007051
0.009985
0.012519
0.014220
0.016104
0.016950
0.017391
0.017022
0.016039
0.014426
0.011935
0.009348
0.006908
0.003893
0.000153
-0.002408
-0.005424
-0.008239
-0.010343
-0.012579
-0.014606
-0.015908
-0.016426
-0.016539
-0.016080
-0.015085
-0.013563
-0.011572
-0.008634
-0.005807
-0.002743
-0.000184
0.002940
0.005509
0.008995
0.011719
0.013962
0.015394
0.016669
0.017368
0.017215
0.016412
0.015041
0.013073
0.010656
0.007436
0.004871
0.001714
-0.000611
-0.003699
-0.007330
-0.009981
-0.011880
-0.014185
-0.015289
-0.016233
-0.016721
-0.016300
-0.015483
-0.014244
-0.012292
-0.010015
-0.006781
-0.004409
-0.000171
0.001478
0.004135
0.007082
0.009406
0.011005
0.012629
0.013932
0.014420
0.014494
0.013949
0.012877
0.011346
0.009437
0.006797
0.004713
0.002086
-0.000527
-0.002588
-0.005099
-0.008012
-0.009952
-0.011679
-0.012837
-0.013570
-0.013970
-0.013833
-0.013334
-0.012192
-0.010400
-0.008842
-0.006202
-0.004197
-0.001612
0.000579
0.003688
0.005846
0.008629
0.010700
0.012430
0.013455
0.014369
0.014552
0.014192
0.013281
0.011901
0.010100
0.007942
0.005559
0.002973
-0.000168
-0.001723
-0.004868
-0.007219
-0.008975
-0.011161
-0.012284
-0.013328
-0.013905
-0.013934
-0.013483
-0.012574
-0.011230
-0.009142
-0.007399
-0.005034
-0.002502
0.000142
0.002372
0.005001
0.007910
0.010047
0.011593
0.013070
0.014180
0.014513
0.014368
0.013644
0.012418
0.010455
0.008725
0.005976
0.003402
0.000729
-0.001457
-0.003441
-0.006459
-0.008654
-0.010609
-0.011842
-0.013029
-0.013763
-0.013981
-0.013684
-0.012844
-0.011825
-0.009792
-0.007731
-0.005852
-0.003346
0.000137
0.001564
0.004154
0.005922
0.007839
0.009742
0.011028
0.011733
0.012220
0.012204
0.011690
0.010748
0.009205
0.007500
0.005841
0.003386
0.001516
-0.000245
-0.002955
-0.004585
-0.007016
-0.008369
-0.009989
-0.010888
-0.011730
-0.011886
-0.011726
-0.011094
-0.010286
-0.008654
-0.006961
-0.005013
-0.003276
-0.000628
0.000803
0.003446
0.005576
0.007572
0.009244
0.010422
0.011616
0.012106
0.012277
0.011910
0.011084
0.009927
0.008375
0.006214
0.004473
0.001892
0.000001
-0.002185
-0.003895
-0.006377
-0.008150
-0.009360
-0.010566
-0.011478
-0.011851
-0.011816
-0.011353
-0.010550
-0.009376
-0.007556
-0.006051
-0.003608
-0.001387
0.000043
0.002318
0.004875
0.006586
0.008710
0.010237
0.011358
0.011947
0.012280
0.012082
0.011425
0.010350
0.008907
0.006868
0.005151
0.002981
0.000374
-0.000992
-0.003669
-0.005259
-0.007604
-0.008882
-0.010202
-0.011266
-0.011858
-0.011880
-0.011586
-0.010891
-0.009796
-0.008375
-0.006685
-0.004320
-0.002577
0.000010
0.001583
0.003790
0.005539
0.007140
0.008252
0.009324
0.010059
0.010452
0.010358
0.009878
0.008911
0.007889
0.006226
0.004536
0.002974
0.000766
-0.000842
-0.002328
-0.004505
-0.006109
-0.007310
-0.008503
-0.009559
-0.009970
-0.010194
-0.009990
-0.009469
-0.008592
-0.007428
-0.006006
-0.004380
-0.002241
-0.000308
0.001229
0.002859
0.004988
0.006614
0.007822
0.009002
0.009963
0.010396
0.010432
0.010080
0.009358
0.008138
0.006976
0.005120
0.003322
0.001706
-0.000144
-0.001706
-0.003927
-0.005588
-0.007074
-0.008137
-0.009134
-0.009872
-0.010224
-0.010092
-0.009683
-0.008938
-0.007682
-0.006507
-0.004970
-0.002867
-0.000958
0.000579
0.002519
0.004094
0.006088
0.007365
0.008643
0.009610
0.010297
0.010463
0.010240
0.009641
0.008541
0.007242
0.005923
0.004220
0.002365
0.000118
-0.001073
-0.003334
-0.005046
-0.006604
-0.007945
-0.009033
-0.009625
-0.010096
-0.010136
-0.009829
-0.009283
-0.008091
-0.006775
-0.005480
-0.003787
-0.001603
0.000140
0.001563
0.003435
0.004934
0.006053
0.007350
0.008081
0.008743
0.008942
0.008844
0.008409
0.007551
0.006655
0.005206
0.003739
0.002402
0.000491
-0.000561
-0.002510
-0.003722
-0.005417
-0.006598
-0.007586
-0.008229
-0.008612
-0.008802
-0.008561
-0.008077
-0.007178
-0.006282
-0.004805
-0.003610
-0.001744
-0.000385
0.001011
0.002654
0.004449
0.005824
0.007029
0.007819
0.008595
0.008886
0.008922
0.008586
0.007844
0.007012
0.005846
0.004245
0.002690
0.001048
-0.000345
-0.001649
-0.003223
-0.004963
-0.006027
-0.007258
-0.008085
-0.008492
-0.008738
-0.008640
-0.008216
-0.007590
-0.006486
-0.005258
-0.003844
-0.002531
-0.000943
0.000454
0.002370
0.003705
0.005169
0.006640
0.007524
0.008312
0.008858
0.008959
0.008736
0.008189
0.007349
0.006252
0.004945
0.003220
0.001602
0.000188
-0.001398
-0.002708
-0.004209
-0.005850
-0.006773
-0.007796
-0.008454
-0.008701
-0.008746
-0.008398
-0.007826
-0.006963
-0.005889
-0.004332
-0.003101
-0.001194
0.000081
0.001723
0.002908
0.004201
0.005502
0.006446
0.007141
0.007515
0.007730
0.007599
0.007199
0.006528
0.005501
0.004538
0.003284
0.001720
0.000499
-0.000873
-0.002039
-0.003612
-0.004768
-0.005648
-0.006491
-0.007165
-0.007477
-0.007552
-0.007352
-0.006897
-0.006229
-0.005166
-0.004222
-0.002743
-0.001563
0.000085
0.001246
0.002654
0.003785
0.004983
0.006013
0.006925
0.007387
0.007683
0.007673
0.007357
0.006695
0.005961
0.004930
0.003540
0.002386
0.000766
-0.000165
-0.001578
-0.003185
-0.004177
-0.005500
-0.006234
-0.006931
-0.007382
-0.007569
-0.007462
-0.007102
-0.006392
-0.005616
-0.004608
-0.003185
-0.002031
-0.000399
0.000767
0.002202
0.003352
0.004773
0.005691
0.006692
0.007229
0.007659
0.007718
0.007493
0.006931
0.006149
0.005147
0.003966
0.002840
0.001245
0.000027
-0.001114
-0.002755
-0.003775
-0.005152
-0.006115
-0.006724
-0.007259
-0.007538
-0.007543
-0.007251
-0.006722
-0.005825
-0.004804
-0.003821
-0.002290
-0.001134
0.000386
0.001459
0.002819
0.003764
0.004744
0.005654
0.006246
0.006549
0.006700
0.006569
0.006191
0.005600
0.004693
0.003702
0.002749
0.001552
0.000320
-0.000686
-0.002120
-0.003035
-0.004261
-0.005117
-0.005824
-0.006222
-0.006569
-0.006567
-0.006352
-0.005937
-0.005311
-0.004519
-0.003389
-0.002457
-0.001052
-0.000013
0.001227
0.002265
0.003561
0.004568
0.005423
0.005984
0.006502
0.006694
0.006640
0.006341
0.005749
0.004987
0.004049
0.003119
0.001788
0.000730
-0.000273
-0.001499
-0.002881
-0.003911
-0.004830
-0.005590
-0.006134
-0.006507
-0.006569
-0.006491
-0.006101
-0.005566
-0.004696
-0.003860
-0.002794
-0.001672
-0.000219
0.000630
0.002041
0.003197
0.004108
0.005151
0.005780
0.006382
0.006626
0.006684
0.006468
0.006016
0.005350
0.004377
0.003485
0.002191
0.001143
-0.000045
-0.001323
-0.002287
-0.003595
-0.004414
-0.005250
-0.005975
-0.006378
-0.006559
-0.006558
-0.006240
-0.005749
-0.005058
-0.004208
-0.003027
-0.002069
-0.000637
0.000306
0.001535
0.002429
0.003506
0.004333
0.004910
0.005479
0.005771
0.005843
0.005703
0.005318
0.004757
0.004117
0.003264
0.002305
0.001110
0.000020
-0.000899
-0.001758
-0.002919
-0.003770
-0.004513
-0.005034
-0.005538
-0.005705
-0.005712
-0.005555
-0.005109
-0.004512
-0.003871
-0.002868
-0.001875
-0.000990
-0.000059
0.001183
0.002230
0.003077
0.004068
0.004796
0.005345
0.005653
0.005842
0.005773
0.005498
0.004964
0.004369
0.003453
0.002504
0.001468
0.000543
-0.000346
-0.001602
-0.002426
-0.003512
-0.004186
-0.004851
-0.005342
-0.005660
-0.005757
-0.005605
-0.005283
-0.004802
-0.004026
-0.003177
-0.002214
-0.001172
-0.000225
0.000671
0.001891
0.002759
0.003678
0.004470
0.005102
0.005599
0.005818
0.005820
0.005614
0.005153
0.004610
0.003746
0.002831
0.001960
0.000906
-0.000141
-0.001062
-0.002268
-0.003056
-0.004056
-0.004759
-0.005200
-0.005569
-0.005739
-0.005669
-0.005396
-0.004989
-0.004277
-0.003598
-0.002546
-0.001527
-0.000627
0.000497
0.001320
0.002224
0.003158
0.003774
0.004426
0.004788
0.005046
0.005120
0.004981
0.004662
0.004120
0.003551
0.002797
0.001825
0.000897
-0.000061
-0.000705
-0.001782
-0.001985
-0.002740
-0.003374
-0.003867
-0.004202
-0.005012
-0.004357
-0.004172
-0.003788
-0.003273
-0.003221
-0.002518
-0.001660
-0.000619
0.000178
0.001007
0.001930
0.002891
0.003548
0.004182
0.004665
0.005016
0.005116
0.005048
0.004786
0.004357
0.003700
0.003058
0.002233
0.001210
0.000260
-0.000555
-0.001323
-0.001711
-0.002525
-0.003196
-0.004296
-0.004108
-0.004327
-0.005020
-0.004234
-0.004614
-0.003462
-0.003520
-0.002822
-0.001856
-0.000933
-0.000091
0.000816
0.001628
0.002509
0.003400
0.003986
0.004581
0.004894
0.005092
0.005093
0.004892
0.004519
0.003918
0.003310
0.002517
0.001521
0.000579
-0.000238
-0.001016
-0.001427
-0.002276
-0.002988
-0.004123
-0.003997
-0.004275
-0.004383
-0.004298
-0.004730
-0.003634
-0.003759
-0.002373
-0.002239
-0.001355
-0.000297
0.000418
0.001355
0.002136
0.002761
0.003454
0.003888
0.004251
0.004462
0.004507
0.004371
0.004049
0.003642
0.003005
0.002318
0.001648
0.000727
0.000000
-0.000224
-0.001498
-0.001730
-0.002408
-0.002951
-0.003951
-0.003643
-0.003766
-0.003737
-0.003553
-0.003875
-0.002786
-0.002201
-0.001476
-0.001409
0.000063
0.000138
0.001082
0.001882
0.002532
0.003192
0.003794
0.004195
0.004437
0.004513
0.004433
0.004171
0.003804
0.003215
0.002641
0.001910
0.001005
0.000166
0.000051
-0.000760
-0.002106
-0.002180
-0.002767
-0.003234
-0.004172
-0.003744
-0.004419
-0.003650
-0.003350
-0.002926
-0.003063
-0.001754
-0.000972
-0.000869
-0.000029
0.000700
0.001622
0.002382
0.002982
0.003635
0.004024
0.004338
0.004508
0.004479
0.004291
0.003912
0.003466
0.002788
0.002067
0.001278
0.000559
-0.000135
-0.000457
-0.001755
-0.001960
-0.002603
-0.003746
-0.003470
-0.003704
-0.003773
-0.004339
-0.003481
-0.003081
-0.002570
-0.002546
-0.001228
-0.000444
-0.000179
0.000547
0.001188
0.001881
0.002579
0.003052
0.003529
0.003826
0.003980
0.003990
0.003857
0.003563
0.003194
0.002626
0.002084
0.001325
0.000692
-0.000009
-0.000140
-0.000847
-0.002033
-0.002074
-0.002550
-0.003566
-0.003155
-0.003886
-0.003228
-0.003042
-0.002736
-0.002930
-0.001816
-0.001164
-0.001064
0.000205
0.000206
0.001038
0.001655
0.002382
0.002944
0.003354
0.003705
0.003946
0.004002
0.003917
0.003692
0.003299
0.002866
0.002222
0.001559
0.000935
0.000198
-0.000504
-0.000616
-0.001926
-0.001892
-0.002420
-0.003395
-0.003090
-0.003869
-0.003254
-0.003114
-0.003486
-0.002494
-0.001969
-0.001377
-0.001301
-0.000040
-0.000043
0.000701
0.001512
0.002098
0.002701
0.003265
0.003601
0.003893
0.003999
0.003961
0.003782
0.003437
0.002985
0.002494
0.001866
0.001085
0.000349
-0.000293
-0.000905
-0.001072
-0.002315
-0.002244
-0.002686
-0.003015
-0.003204
-0.003890
-0.003174
-0.002953
-0.003272
-0.002177
-0.001585
-0.001533
-0.000281
-0.000156
0.000564
0.001206
0.001810
0.002295
0.002767
0.003141
0.003429
0.003544
0.003554
0.003427
0.003178
0.002780
0.002362
0.001757
0.001222
0.000499
-0.000073
-0.000120
-0.001252
-0.001287
-0.001791
-0.002208
-0.002530
-0.003339
-0.002806
-0.002761
-0.003246
-0.002337
-0.001927
-0.001449
-0.001546
-0.000284
-0.000280
0.000342
0.000918
0.001615
0.002118
0.002621
0.003067
0.003360
0.003511
0.003570
0.003483
0.003256
0.002918
0.002525
0.002010
0.001356
0.000718
0.000057
-0.000510
-0.000507
-0.001102
-0.002183
-0.002080
-0.002440
-0.003280
-0.002792
-0.002788
-0.003293
-0.002420
-0.002687
-0.001618
-0.001087
-0.001171
0.000107
0.000042
0.000779
0.001339
0.001998
0.002515
0.002904
0.003274
0.003488
0.003565
0.003526
0.003356
0.003069
0.002676
0.002133
0.001559
0.001012
0.000363
-0.000190
-0.000299
-0.000937
-0.001485
-0.001957
-0.002909
-0.002604
-0.002768
-0.002803
-0.003349
-0.002534
-0.002196
-0.001777
-0.001874
-0.000696
-0.000072
0.000003
0.000511
0.001087
0.001625
0.002160
0.002527
0.002880
0.003074
0.003199
0.003190
0.003067
0.002818
0.002510
0.002098
0.001556
0.001077
0.000430
0.000007
-0.000026
-0.001211
-0.001088
-0.001533
-0.002478
-0.002173
-0.002345
-0.003025
-0.002357
-0.002862
-0.001966
-0.001618
-0.001158
-0.001325
-0.000146
-0.000202
0.000315
0.000962
0.001451
0.002008
0.002439
0.002753
0.003036
0.003163
0.003204
0.003120
0.002924
0.002600
0.002202
0.001782
0.001195
0.000696
0.000037
-0.000382
-0.000399
-0.000925
-0.002018
-0.001787
-0.002099
-0.002937
-0.002403
-0.002396
-0.002265
-0.002663
-0.001718
-0.001954
-0.000864
-0.000298
-0.000365
0.000187
0.000705
0.001332
0.001795
0.002306
0.002680
0.002936
0.003145
0.003209
0.003159
0.002992
0.002715
0.002343
0.001943
0.001379
0.000889
0.000235
-0.000275
-0.000762
-0.000755
-0.001244
-0.001679
-0.002632
-0.002243
-0.002377
-0.003022
-0.002318
-0.002125
-0.002452
-0.001483
-0.000998
-0.001076
0.000044
-0.000004
0.000602
0.001055
0.001582
0.002006
0.002328
0.002634
0.002820
0.002904
0.002885
0.002769
0.002540
0.002260
0.001886
0.001449
0.000909
0.000392
-0.000038
-0.000556
-0.000449
-0.000921
-0.001912
-0.001613
-0.002445
-0.001999
-0.002046
-0.002617
-0.001848
-0.001610
-0.001936
-0.000926
-0.000448
0.000046
-0.000024
0.000428
0.000886
0.001430
0.001825
0.002215
0.002551
0.002769
0.002887
0.002903
0.002819
0.002625
0.002368
0.002018
0.001554
0.001132
0.000565
0.000040
0.000186
-0.000315
-0.001369
-0.001169
-0.002090
-0.001782
-0.001962
-0.002041
-0.002021
-0.001907
-0.002338
-0.001404
-0.001035
-0.000603
-0.000715
-0.000270
0.000194
0.000774
0.001219
0.001729
0.002093
0.002460
0.002708
0.002845
0.002909
0.002858
0.002709
0.002467
0.002143
0.001703
0.001293
0.000739
0.000279
-0.000165
-0.000123
-0.000628
-0.001641
-0.001409
-0.001703
-0.002509
-0.002029
-0.002040
-0.002573
-0.001780
-0.002156
-0.001167
-0.001353
-0.000318
0.000183
0.000079
0.000584
0.001089
0.001469
0.001847
0.002196
0.002415
0.002596
0.002664
0.002643
0.002532
0.002336
0.002039
0.001689
0.001288
0.000896
0.000435
-0.000006
0.000102
-0.000871
-0.000714
-0.001673
-0.001345
-0.002172
-0.001680
-0.002320
-0.001663
-0.002135
-0.001303
-0.001011
-0.000656
-0.000842
0.000164
0.000009
0.000430
0.000940
0.001331
0.001727
0.002071
0.002364
0.002554
0.002644
0.002659
0.002578
0.002410
0.002141
0.001846
0.001467
0.000995
0.000591
0.000122
-0.000277
-0.000168
-0.000584
-0.001516
-0.001258
-0.001494
-0.001649
-0.001712
-0.002296
-0.001580
-0.001386
-0.001742
-0.000807
-0.000389
-0.000604
-0.000083
0.000324
0.000741
0.001233
0.001600
0.001994
0.002284
0.002499
0.002630
0.002667
0.002615
0.002476
0.002236
0.001930
0.001599
0.001143
0.000745
0.000221
-0.000188
-0.000022
-0.000450
-0.000836
-0.001177
-0.002005
-0.001604
-0.001700
-0.002313
-0.001626
-0.002071
-0.001216
-0.001516
-0.000553
-0.000105
-0.000272
0.000167
0.000644
0.001051
0.001467
0.001799
0.002055
0.002286
0.002413
0.002479
0.002456
0.002347
0.002171
0.001921
0.001613
0.001218
0.000864
0.000449
-0.000024
0.000228
-0.000166
-0.001114
-0.000833
-0.001657
-0.001267
-0.001376
-0.001402
-0.001948
-0.001218
-0.001617
-0.000772
-0.000424
-0.000691
-0.000239
0.000078
0.000547
0.000918
0.001309
0.001662
0.001991
0.002205
0.002387
0.002471
0.002474
0.002394
0.002228
0.002012
0.001722
0.001344
0.000997
0.000590
0.000117
-0.000248
-0.000038
-0.000968
-0.000736
-0.001008
-0.001794
-0.001347
-0.001402
-0.001375
-0.001884
-0.001111
-0.000846
-0.001133
-0.000183
0.000207
0.000013
0.000407
0.000824
0.001182
0.001583
0.001871
0.002135
0.002326
0.002444
0.002482
0.002430
0.002293
0.002096
0.001825
0.001465
0.001128
0.000682
0.000259
-0.000054
0.000070
-0.000309
-0.001195
-0.000924
-0.001153
-0.001313
-0.001988
-0.001392
-0.001314
-0.001777
-0.000955
-0.000670
-0.000306
-0.000535
-0.000155
0.000220
0.000762
0.001125
0.001430
0.001732
0.002002
0.002190
0.002298
0.002354
0.002326
0.002228
0.002061
0.001834
0.001525
0.001229
0.000834
0.000455
0.000116
-0.000230
-0.000557
-0.000323
-0.001160
-0.000821
-0.001559
-0.001077
-0.001095
-0.001041
-0.001512
-0.000733
-0.000489
-0.000780
0.000115
-0.000096
0.000215
0.000636
0.001006
0.001352
0.001663
0.001909
0.002134
0.002266
0.002348
0.002344
0.002269
0.002124
0.001899
0.001625
0.001340
0.000957
0.000583
0.000243
-0.000081
-0.000443
-0.000221
-0.000527
-0.001319
-0.000935
-0.001053
-0.001688
-0.001075
-0.000968
-0.000802
-0.001167
-0.000295
-0.000577
-0.000200
0.000128
0.000471
0.000885
0.001241
0.001536
0.001845
0.002073
0.002237
0.002333
0.002353
0.002302
0.002179
0.001977
0.001722
0.001419
0.001113
0.000709
0.000370
-0.000006
0.000231
-0.000113
-0.000420
-0.001242
-0.000883
-0.001601
-0.001090
-0.001673
-0.001008
-0.001458
-0.000659
-0.000396
-0.000086
-0.000365
0.000003
0.000342
0.000868
0.001164
0.001470
0.001762
0.001965
0.002144
0.002249
0.002286
0.002257
0.002164
0.002000
0.001782
0.001545
0.001219
0.000928
0.000550
0.000243
-0.000046
0.000186
-0.000100
-0.000348
-0.001108
-0.000688
-0.000768
-0.001366
-0.000741
-0.000617
-0.001027
-0.000219
-0.000559
-0.000222
0.000034
0.000411
0.000720
0.001088
0.001372
0.001678
0.001912
0.002084
0.002222
0.002282
0.002273
0.002201
0.002060
0.001877
0.001634
0.001324
0.001038
0.000664
0.000357
0.000016
0.000270
-0.000562
-0.000271
-0.000496
-0.000654
-0.001323
-0.000784
-0.000755
-0.001242
-0.000508
-0.000903
-0.000045
-0.000361
-0.000002
0.000260
0.000606
0.000947
0.001299
0.001564
0.001840
0.002029
0.002187
0.002268
0.002284
0.002233
0.002119
0.001932
0.001721
0.001450
0.001113
0.000816
0.000435
0.000129
-0.000177
0.000069
-0.000203
-0.000430
-0.000606
-0.001310
-0.000779
-0.000773
-0.001290
-0.000566
-0.000959
-0.000135
-0.000444
-0.000113
0.000146
0.000525
0.000985
0.001283
0.001581
0.001800
0.002003
0.002152
0.002252
0.002281
0.002252
0.002165
0.002012
0.001814
0.001575
0.001301
0.001004
0.000726
0.000381
0.000109
-0.000136
0.000135
-0.000620
-0.000249
-0.000378
-0.001009
-0.000457
-0.000403
-0.000867
-0.000138
-0.000502
-0.000252
-0.000006
0.000292
0.000570
0.000912
0.001187
0.001470
0.001725
0.001942
0.002118
0.002220
0.002279
0.002268
0.002201
0.002067
0.001900
0.001659
0.001421
0.001134
0.000830
0.000484
0.000209
-0.000042
0.000217
-0.000565
-0.000194
-0.000342
-0.000429
-0.001022
-0.000433
-0.000338
-0.000768
-0.000005
-0.000350
-0.000070
0.000160
0.000497
0.000778
0.001086
0.001404
0.001664
0.001872
0.002070
0.002190
0.002269
0.002278
0.002230
0.002117
0.001963
0.001756
0.001486
0.001203
0.000902
0.000622
0.000311
0.000011
-0.000226
0.000071
-0.000136
-0.000870
-0.000405
-0.001025
-0.000451
-0.000373
-0.000820
-0.000073
-0.000422
-0.000163
0.000059
0.000394
0.000675
0.001213
0.001480
0.001706
0.001939
0.002115
0.002245
0.002320
0.002349
0.002320
0.002234
0.002105
0.001929
0.001694
0.001469
0.001174
0.000894
0.000640
0.000336
0.000079
-0.000094
-0.000317
0.000085
-0.000027
-0.000087
-0.000646
-0.000046
-0.000515
0.000185
-0.000187
0.000009
0.000258
0.000527
0.000838
0.001094
0.001393
0.001646
0.001872
0.002048
0.002199
0.002305
0.002346
0.002335
0.002269
0.002154
0.001992
0.001790
0.001531
0.001294
0.000987
0.000733
0.000426
0.000188
-0.000018
-0.000255
-0.000408
0.000000
-0.000627
-0.000097
-0.000067
0.000016
0.000147
-0.000234
-0.000043
0.000172
0.000465
0.000717
0.001027
0.001304
0.001543
0.001801
0.001987
0.002163
0.002278
0.002336
0.002345
0.002298
0.002199
0.002051
0.001846
0.001636
0.001382
0.001110
0.000799
0.000517
0.000275
0.000024
-0.000178
0.000177
0.000037
-0.000603
-0.000098
-0.000081
-0.000572
0.000084
-0.000298
-0.000117
0.000088
0.000373
0.000623
0.000933
0.001474
0.001696
0.001938
0.002132
0.002288
0.002399
0.002476
0.002495
0.002467
0.002386
0.002259
0.002106
0.001909
0.001685
0.001415
0.001186
0.000902
0.000677
0.000421
0.000212
0.000054
-0.000064
-0.000169
-0.000226
-0.000230
-0.000193
-0.000093
0.000007
0.000191
0.000376
0.000627
0.000875
0.001107
0.001390
0.001616
0.001867
0.002070
0.002240
0.002372
0.002453
0.002495
0.002481
0.002420
0.002305
0.002164
0.001962
0.001762
0.001500
0.001272
0.000989
0.000734
0.000519
0.000299
0.000092
-0.000037
-0.000140
-0.000215
-0.000234
-0.000205
-0.000137
-0.000009
0.000130
0.000307
0.000548
0.000767
0.001023
0.001305
0.001535
0.001792
0.002006
0.002176
0.002325
0.002429
0.002488
0.002491
0.002446
0.002349
0.002209
0.002044
0.001817
0.001583
0.001332
0.001100
0.000842
0.000597
0.000348
0.000151
0.000003
-0.000110
-0.000205
-0.000233
-0.000219
-0.000169
-0.000054
0.000072
0.000239
0.000471
0.000708
0.000937
0.001195
0.001790
0.002030
0.002218
0.002395
0.002549
0.002654
0.002714
0.002733
0.002705
0.002633
0.002519
0.002371
0.002175
0.001966
0.001762
0.001506
0.001271
0.001045
0.000853
0.000645
0.000501
0.000364
0.000287
0.000240
0.000236
0.000276
0.000352
0.000480
0.000624
0.000826
0.001018
0.001244
0.001478
0.001733
0.001958
0.002151
0.002340
0.002499
0.002619
0.002697
0.002734
0.002719
0.002659
0.002561
0.002424
0.002254
0.002037
0.001838
0.001584
0.001372
0.001119
0.000921
0.000705
0.000550
0.000400
0.000311
0.000249
0.000233
0.000257
0.000321
0.000436
0.000582
0.000744
0.000966
0.001168
0.001422
0.001636
0.001865
0.002101
0.002279
0.002457
0.002584
0.002680
0.002725
0.002729
0.002687
0.002599
0.002473
0.002313
0.002107
0.001892
0.001685
0.001428
0.001195
0.000972
0.000786
0.000605
0.000441
0.000332
0.000267
0.000234
0.000244
0.000294
0.000395
0.000518
0.000698
0.000877
0.001092
0.001321
0.001578
0.002234
0.002437
0.002606
0.002778
0.002903
0.003003
0.003058
0.003071
0.003044
0.002974
0.002874
0.002725
0.002570
0.002362
0.002159
0.001964
0.001748
0.001521
0.001329
0.001173
0.001026
0.000903
0.000829
0.000792
0.000790
0.000827
0.000898
0.001017
0.001150
0.001319
0.001529
0.001718
0.001951
0.002148
0.002371
0.002560
0.002717
0.002860
0.002974
0.003044
0.003072
0.003057
0.003002
0.002912
0.002775
0.002615
0.002446
0.002227
0.002035
0.001799
0.001588
0.001392
0.001228
0.001059
0.000946
0.000849
0.000803
0.000786
0.000809
0.000875
0.000967
0.001099
0.001275
0.001445
0.001648
0.001880
0.002094
0.002304
0.002485
0.002675
0.002816
0.002943
0.003022
0.003067
0.003067
0.003025
0.002946
0.002822
0.002671
0.002509
0.002314
0.002086
0.001892
0.001678
0.001454
0.001286
0.001108
0.000984
0.000875
0.000815
0.000787
0.000798
0.000849
0.000930
0.001063
0.001203
0.001398
0.001597
0.001808
0.002005
0.002748
0.002947
0.003103
0.003260
0.003370
0.003461
0.003511
0.003523
0.003497
0.003435
0.003332
0.003212
0.003046
0.002886
0.002680
0.002503
0.002289
0.002116
0.001938
0.001768
0.001647
0.001536
0.001472
0.001436
0.001434
0.001468
0.001541
0.001636
0.001779
0.001938
0.002100
0.002307
0.002486
0.002699
0.002873
0.003049
0.003213
0.003341
0.003433
0.003500
0.003524
0.003511
0.003458
0.003368
0.003257
0.003112
0.002931
0.002763
0.002552
0.002372
0.002178
0.001979
0.001817
0.001688
0.001566
0.001492
0.001442
0.001430
0.001453
0.001508
0.001600
0.001732
0.001869
0.002054
0.002243
0.002421
0.002619
0.002811
0.002992
0.003155
0.003302
0.003409
0.003481
0.003520
0.003518
0.003481
0.003403
0.003299
0.003163
0.002989
0.002810
0.002635
0.002419
0.002226
0.002056
0.001870
0.001733
0.001599
0.001516
0.001456
0.001430
0.001442
0.001486
0.001572
0.001677
0.001829
0.001981
0.002179
0.002355
0.002569
0.003406
0.003563
0.003727
0.003853
0.003967
0.004046
0.004091
0.004102
0.004075
0.004018
0.003923
0.003804
0.003672
0.003498
0.003340
0.003144
0.002980
0.002791
0.002630
0.002497
0.002367
0.002281
0.002213
0.002183
0.002182
0.002217
0.002277
0.002379
0.002492
0.002648
0.002798
0.002987
0.003168
0.003334
0.003507
0.003678
0.003811
0.003930
0.004022
0.004078
0.004101
0.004088
0.004041
0.003957
0.003847
0.003710
0.003567
0.003384
0.003204
0.003040
0.002847
0.002695
0.002543
0.002404
0.002309
0.002230
0.002191
0.002180
0.002201
0.002256
0.002343
0.002447
0.002598
0.002744
0.002912
0.003107
0.003287
0.003449
0.003627
0.003774
0.003892
0.003997
0.004065
0.004098
0.004097
0.004061
0.003992
0.003886
0.003759
0.003620
0.003440
0.003281
0.003085
0.002903
0.002736
0.002579
0.002444
0.002341
0.002251
0.002200
0.002179
0.002190
0.002234
0.002311
0.002407
0.002548
0.002701
0.002855
0.003048
0.003214
0.004165
0.004320
0.004472
0.004587
0.004692
0.004763
0.004805
0.004813
0.004790
0.004737
0.004654
0.004545
0.004405
0.004270
0.004097
0.003946
0.003766
0.003619
0.003457
0.003328
0.003225
0.003132
0.003079
0.003048
0.003049
0.003077
0.003141
0.003221
0.003344
0.003468
0.003616
0.003792
0.003945
0.004108
0.004280
0.004417
0.004555
0.004657
0.004744
0.004794
0.004815
0.004802
0.004757
0.004684
0.004584
0.004452
0.004322
0.004151
0.004000
0.003821
0.003672
0.003507
0.003379
0.003259
0.003157
0.003092
0.003056
0.003045
0.003065
0.003113
0.003198
0.003294
0.003421
0.003564
0.003736
0.003889
0.004054
0.004228
0.004370
0.004515
0.004623
0.004719
0.004779
0.004811
0.004810
0.004776
0.004712
0.004612
0.004505
0.004357
0.004218
0.004043
0.003890
0.003724
0.003567
0.003411
0.003296
0.003186
0.003115
0.003062
0.003045
0.003056
0.003095
0.003161
0.003265
0.003377
0.003516
0.003683
0.003832
0.004012
0.005069
0.005225
0.005347
0.005467
0.005559
0.005625
0.005661
0.005671
0.005649
0.005598
0.005523
0.005415
0.005303
0.005157
0.005022
0.004856
0.004716
0.004556
0.004429
0.004297
0.004205
0.004123
0.004067
0.004042
0.004042
0.004071
0.004123
0.004209
0.004305
0.004438
0.004579
0.004717
0.004865
0.005032
0.005169
0.005313
0.005426
0.005530
0.005604
0.005652
0.005669
0.005661
0.005618
0.005546
0.005460
0.005345
0.005204
0.005072
0.004906
0.004766
0.004605
0.004475
0.004345
0.004229
0.004148
0.004084
0.004047
0.004039
0.004057
0.004101
0.004179
0.004276
0.004395
0.004531
0.004665
0.004828
0.004981
0.005131
0.005269
0.005388
0.005499
0.005583
0.005638
0.005668
0.005665
0.005636
0.005574
0.005491
0.005377
0.005260
0.005110
0.004972
0.004805
0.004655
0.004511
0.004387
0.004262
0.004175
0.004099
0.004057
0.004040
0.004049
0.004083
0.004146
0.004242
0.004344
0.004485
0.004617
0.004765
0.004932
0.006129
0.006263
0.006377
0.006481
0.006570
0.006631
0.006668
0.006672
0.006657
0.006611
0.006539
0.006446
0.006328
0.006211
0.006064
0.005935
0.005782
0.005647
0.005520
0.005415
0.005319
0.005241
0.005194
0.005169
0.005168
0.005195
0.005247
0.005317
0.005420
0.005527
0.005654
0.005801
0.005941
0.006086
0.006212
0.006337
0.006452
0.006546
0.006613
0.006658
0.006675
0.006663
0.006627
0.006565
0.006480
0.006367
0.006255
0.006110
0.005971
0.005841
0.005690
0.005561
0.005445
0.005342
0.005268
0.005209
0.005174
0.005167
0.005181
0.005228
0.005290
0.005387
0.005487
0.005612
0.005743
0.005897
0.006029
0.006177
0.006296
0.006419
0.006519
0.006593
0.006644
0.006673
0.006671
0.006641
0.006586
0.006504
0.006412
0.006296
0.006155
0.006021
0.005888
0.005735
0.005613
0.005481
0.005381
0.005287
0.005226
0.005182
0.005166
0.005174
0.005209
0.005270
0.005347
0.005457
0.005567
0.005707
0.005849
0.005981
0.007314
0.007445
0.007547
0.007652
0.007728
0.007787
0.007821
0.007828
0.007808
0.007768
0.007699
0.007615
0.007516
0.007391
0.007266
0.007136
0.007013
0.006884
0.006758
0.006656
0.006570
0.006503
0.006456
0.006430
0.006431
0.006457
0.006499
0.006573
0.006656
0.006768
0.006889
0.007009
0.007139
0.007279
0.007394
0.007519
0.007618
0.007708
0.007770
0.007810
0.007830
0.007819
0.007783
0.007728
0.007644
0.007545
0.007443
0.007307
0.007178
0.007049
0.006927
0.006796
0.006695
0.006593
0.006521
0.006469
0.006437
0.006428
0.006445
0.006481
0.006548
0.006625
0.006730
0.006846
0.006973
0.007093
0.007235
0.007355
0.007482
0.007587
0.007675
0.007750
0.007801
0.007824
0.007825
0.007799
0.007752
0.007677
0.007580
0.007473
0.007360
0.007230
0.007091
0.006970
0.006837
0.006730
0.006623
0.006546
0.006484
0.006444
0.006430
0.006435
0.006466
0.006525
0.006595
0.006691
0.006798
0.006922
0.007059
0.007192
0.008649
0.008757
0.008868
0.008954
0.009032
0.009085
0.009117
0.009125
0.009109
0.009073
0.009010
0.008924
0.008841
0.008729
0.008612
0.008480
0.008371
0.008244
0.008141
0.008034
0.007958
0.007893
0.007848
0.007825
0.007827
0.007844
0.007891
0.007949
0.008038
0.008129
0.008249
0.008357
0.008480
0.008602
0.008726
0.008829
0.008930
0.009011
0.009067
0.009109
0.009122
0.009119
0.009086
0.009036
0.008961
0.008869
0.008760
0.008653
0.008531
0.008408
0.008282
0.008176
0.008067
0.007983
0.007911
0.007860
0.007831
0.007821
0.007836
0.007872
0.007926
0.008009
0.008098
0.008201
0.008327
0.008439
0.008561
0.008688
0.008794
0.008897
0.008985
0.009054
0.009097
0.009123
0.009122
0.009099
0.009051
0.008982
0.008902
0.008801
0.008684
0.008575
0.008440
0.008323
0.008213
0.008099
0.008012
0.007932
0.007876
0.007839
0.007824
0.007826
0.007858
0.007905
0.007979
0.008068
0.008170
0.008286
0.008400
0.008520
0.010106
0.010204
0.010309
0.010394
0.010462
0.010514
0.010543
0.010551
0.010538
0.010501
0.010445
0.010376
0.010282
0.010185
0.010074
0.009966
0.009851
0.009739
0.009631
0.009544
0.009462
0.009406
0.009363
0.009341
0.009338
0.009358
0.009395
0.009458
0.009528
0.009625
0.009721
0.009836
0.009950
0.010066
0.010171
0.010277
0.010367
0.010438
0.010499
0.010536
0.010550
0.010548
0.010514
0.010462
0.010405
0.010314
0.010223
0.010116
0.009997
0.009886
0.009777
0.009664
0.009574
0.009487
0.009425
0.009374
0.009346
0.009337
0.009348
0.009382
0.009436
0.009501
0.009592
0.009694
0.009794
0.009912
0.010029
0.010138
0.010238
0.010340
0.010417
0.010478
0.010526
0.010550
0.010551
0.010529
0.010488
0.010423
0.010346
0.010252
0.010153
0.010033
0.009928
0.009811
0.009698
0.009605
0.009512
0.009444
0.009386
0.009353
0.009338
0.009339
0.009368
0.009415
0.009478
0.009560
0.009656
0.009757
0.009876
0.009982
0.011664
0.011760
0.011858
0.011942
0.012004
0.012053
0.012079
0.012092
0.012079
0.012051
0.011992
0.011929
0.011849
0.011746
0.011647
0.011551
0.011441
0.011337
0.011232
0.011154
0.011075
0.011016
0.010975
0.010957
0.010952
0.010970
0.011008
0.011058
0.011133
0.011215
0.011304
0.011421
0.011518
0.011634
0.011726
0.011832
0.011908
0.011985
0.012039
0.012076
0.012087
0.012090
0.012062
0.012013
0.011955
0.011869
0.011791
0.011682
0.011583
0.011474
0.011363
0.011267
0.011178
0.011101
0.011035
0.010990
0.010962
0.010951
0.010964
0.010991
0.011044
0.011103
0.011187
0.011275
0.011382
0.011486
0.011593
0.011692
0.011798
0.011885
0.011962
0.012022
0.012069
0.012086
0.012091
0.012072
0.012033
0.011974
0.011895
0.011819
0.011715
0.011612
0.011509
0.011409
0.011301
0.011204
0.011122
0.011059
0.011004
0.010967
0.010954
0.010958
0.010980
0.011027
0.011080
0.011150
0.011247
0.011348
0.011446
0.011560
0.013305
0.013403
0.013495
0.013566
0.013626
0.013677
0.013704
0.013716
0.013706
0.013676
0.013632
0.013561
0.013496
0.013397
0.013311
0.013205
0.013113
0.013007
0.012915
0.012840
0.012765
0.012714
0.012667
0.012649
0.012644
0.012658
0.012696
0.012737
0.012810
0.012886
0.012978
0.013068
0.013174
0.013270
0.013372
0.013460
0.013543
0.013610
0.013662
0.013698
0.013715
0.013712
0.013689
0.013649
0.013595
0.013520
0.013431
0.013344
0.013238
0.013142
0.013045
0.012947
0.012855
0.012790
0.012728
0.012682
0.012652
0.012643
0.012651
0.012680
0.012725
0.012778
0.012857
0.012948
0.013036
0.013138
0.013238
0.013340
0.013431
0.013518
0.013593
0.013648
0.013688
0.013708
0.013715
0.013693
0.013669
0.013612
0.013545
0.013461
0.013376
0.013274
0.013167
0.013077
0.012980
0.012891
0.012808
0.012745
0.012694
0.012660
0.012646
0.012646
0.012670
0.012705
0.012761
0.012835
0.012912
0.013013
0.013099
0.013209
0.015003
0.015085
0.015168
0.015244
0.015305
0.015351
0.015376
0.015392
0.015383
0.015357
0.015312
0.015253
0.015187
0.015105
0.015010
0.014921
0.014821
0.014733
0.014638
0.014568
0.014498
0.014444
0.014406
0.014385
0.014376
0.014392
0.014418
0.014469
0.014534
0.014600
0.014687
0.014774
0.014877
0.014964
0.015055
0.015144
0.015220
0.015286
0.015336
0.015372
0.015390
0.015387
0.015366
0.015332
0.015270
0.015216
0.015130
0.015041
0.014954
0.014854
0.014758
0.014676
0.014592
0.014517
0.014460
0.014416
0.014388
0.014376
0.014386
0.014407
0.014447
0.014508
0.014573
0.014657
0.014747
0.014837
0.014936
0.015034
0.015116
0.015196
0.015267
0.015322
0.015358
0.015387
0.015390
0.015375
0.015350
0.015291
0.015236
0.015161
0.015070
0.014984
0.014890
0.014791
0.014694
0.014621
0.014540
0.014480
0.014429
0.014393
0.014380
0.014382
0.014398
0.014436
0.014485
0.014557
0.014626
0.014711
0.014809
0.014908
0.016690
0.016780
0.016860
0.016931
0.016990
0.017033
0.017061
0.017077
0.017070
0.017046
0.017009
0.016947
0.016884
0.016816
0.016720
0.016640
0.016545
0.016461
0.016376
0.016295
0.016233
0.016182
0.016144
0.016122
0.016113
0.016129
0.016149
0.016195
0.016248
0.016322
0.016405
0.016491
0.016572
0.016660
0.016748
0.016841
0.016909
0.016972
0.017017
0.017062
0.017068
0.017071
0.017057
0.017022
0.016975
0.016908
0.016844
0.016758
0.016669
0.016575
0.016489
0.016399
0.016321
0.016258
0.016199
0.016150
0.016127
0.016114
0.016120
0.016142
0.016182
0.016229
0.016297
0.016369
0.016457
0.016545
0.016633
0.016724
0.016804
0.016885
0.016956
0.017000
0.017046
0.017069
0.017076
0.017060
0.017034
0.016992
0.016930
0.016865
0.016777
0.016699
0.016604
0.016520
0.016431
0.016350
0.016272
0.016215
0.016167
0.016132
0.016115
0.016121
0.016131
0.016163
0.016210
0.016274
0.016343
0.016428
0.016516
0.016595
0.018355
0.018440
0.018513
0.018583
0.018645
0.018677
0.018708
0.018726
0.018722
0.018703
0.018665
0.018617
0.018550
0.018479
0.018404
0.018314
0.018228
0.018143
0.018065
0.017997
0.017931
0.017878
0.017837
0.017818
0.017801
0.017812
0.017843
0.017883
0.017936
0.018004
0.018065
0.018149
0.018239
0.018330
0.018414
0.018489
0.018555
0.018621
0.018668
0.018704
0.018724
0.018719
0.018713
0.018681
0.018632
0.018578
0.018499
0.018435
0.018345
0.018265
0.018168
0.018094
0.018017
0.017945
0.017893
0.017852
0.017824
0.017807
0.017815
0.017831
0.017863
0.017911
0.017980
0.018040
0.018131
0.018207
0.018296
0.018386
0.018467
0.018543
0.018596
0.018656
0.018694
0.018718
0.018723
0.018711
0.018693
0.018652
0.018604
0.018531
0.018458
0.018371
0.018290
0.018195
0.018124
0.018046
0.017971
0.017910
0.017862
0.017831
0.017809
0.017811
0.017821
0.017855
0.017898
0.017960
0.018027
0.018096
0.018176
0.018265
0.019922
0.020009
0.020085
0.020147
0.020196
0.020246
0.020273
0.020290
0.020290
0.020274
0.020235
0.020200
0.020137
0.020064
0.019992
0.019910
0.019833
0.019751
0.019669
0.019593
0.019534
0.019488
0.019443
0.019423
0.019406
0.019419
0.019442
0.019471
0.019527
0.019590
0.019655
0.019735
0.019821
0.019890
0.019974
0.020056
0.020125
0.020191
0.020226
0.020264
0.020294
0.020288
0.020273
0.020259
0.020206
0.020153
0.020092
0.020013
0.019939
0.019859
0.019765
0.019694
0.019618
0.019555
0.019496
0.019460
0.019429
0.019411
0.019417
0.019427
0.019468
0.019509
0.019565
0.019633
0.019713
0.019781
0.019871
0.019946
0.020026
0.020097
0.020161
0.020219
0.020259
0.020280
0.020287
0.020283
0.020263
0.020232
0.020173
0.020112
0.020046
0.019966
0.019883
0.019795
0.019720
0.019638
0.019582
0.019517
0.019471
0.019437
0.019419
0.019411
0.019423
0.019451
0.019492
0.019548
0.019601
0.019683
0.019762
0.019837
0.021348
0.021442
0.021515
0.021568
0.021632
0.021676
0.021701
0.021719
0.021730
0.021706
0.021681
0.021634
0.021586
0.021521
0.021448
0.021369
0.021283
0.021201
0.021137
0.021064
0.020999
0.020954
0.020913
0.020891
0.020879
0.020883
0.020898
0.020919
0.020978
0.021030
0.021103
0.021170
0.021260
0.021334
0.021413
0.021488
0.021555
0.021616
0.021664
0.021695
0.021719
0.021727
0.021710
0.021693
0.021653
0.021603
0.021539
0.021466
0.021390
0.021318
0.021225
0.021161
0.021087
0.021022
0.020966
0.020919
0.020895
0.020880
0.020871
0.020893
0.020919
0.020963
0.021018
0.021078
0.021145
0.021228
0.021310
0.021387
0.021469
0.021535
0.021595
0.021648
0.021694
0.021705
0.021725
0.021726
0.021705
0.021663
0.021621
0.021554
0.021494
0.021416
0.021345
0.021262
0.021182
0.021110
0.021035
0.020984
0.020940
0.020903
0.020883
0.020873
0.020887
0.020909
0.020944
0.020991
0.021057
0.021131
0.021191
0.021276
0.022607
0.022681
0.022755
0.022823
0.022878
0.022923
0.022951
0.022967
0.022975
0.022964
0.022935
0.022898
0.022840
0.022778
0.022708
0.022638
0.022566
0.022486
0.022411
0.022345
0.022282
0.022225
0.022192
0.022171
0.022151
0.022149
0.022166
0.022198
0.022243
0.022304
0.022360
0.022432
0.022507
0.022579
0.022662
0.022735
0.022801
0.022861
0.022913
0.022938
0.022970
0.022976
0.022970
0.022941
0.022904
0.022867
0.022807
0.022740
0.022667
0.022586
0.022511
0.022440
0.022365
0.022292
0.022249
0.022201
0.022173
0.022154
0.022155
0.022163
0.022191
0.022226
0.022274
0.022340
0.022410
0.022482
0.022553
0.022636
0.022710
0.022781
0.022836
0.022899
0.022935
0.022960
0.022979
0.022972
0.022958
0.022921
0.022879
0.022827
0.022759
0.022690
0.022608
0.022536
0.022458
0.022393
0.022321
0.022257
0.022211
0.022182
0.022161
0.022148
0.022158
0.022174
0.022215
0.022260
0.022322
0.022376
0.022454
0.022531
0.023631
0.023707
0.023776
0.023833
0.023898
0.023943
0.023975
0.023989
0.024002
0.023990
0.023969
0.023928
0.023882
0.023824
0.023758
0.023685
0.023602
0.023530
0.023457
0.023391
0.023334
0.023279
0.023235
0.023211
0.023195
0.023194
0.023210
0.023239
0.023283
0.023327
0.023391
0.023457
0.023531
0.023609
0.023682
0.023755
0.023821
0.023885
0.023922
0.023966
0.023993
0.023997
0.023993
0.023974
0.023945
0.023898
0.023844
0.023778
0.023699
0.023628
0.023556
0.023485
0.023410
0.023343
0.023293
0.023249
0.023220
0.023199
0.023194
0.023207
0.023230
0.023260
0.023317
0.023368
0.023428
0.023507
0.023584
0.023658
0.023725
0.023799
0.023862
0.023917
0.023953
0.023982
0.024002
0.023999
0.023985
0.023958
0.023917
0.023861
0.023798
0.023729
0.023663
0.023586
0.023509
0.023430
0.023368
0.023313
0.023265
0.023223
0.023207
0.023192
0.023202
0.023216
0.023248
0.023296
0.023349
0.023412
0.023485
0.023563
0.024385
0.024456
0.024526
0.024589
0.024650
0.024699
0.024734
0.024752
0.024759
0.024752
0.024736
0.024698
0.024653
0.024597
0.024525
0.024460
0.024391
0.024317
0.024241
0.024166
0.024107
0.024057
0.024017
0.023991
0.023971
0.023967
0.023976
0.024012
0.024049
0.024095
0.024151
0.024217
0.024294
0.024356
0.024436
0.024514
0.024577
0.024634
0.024685
0.024721
0.024742
0.024762
0.024753
0.024736
0.024708
0.024667
0.024619
0.024554
0.024486
0.024411
0.024327
0.024265
0.024199
0.024130
0.024076
0.024029
0.023995
0.023971
0.023967
0.023979
0.023991
0.024031
0.024075
0.024132
0.024195
0.024264
0.024330
0.024412
0.024486
0.024554
0.024615
0.024662
0.024706
0.024744
0.024754
0.024756
0.024750
0.024718
0.024682
0.024639
0.024577
0.024509
0.024436
0.024360
0.024284
0.024220
0.024152
0.024093
0.024045
0.024005
0.023982
0.023969
0.023973
0.023987
0.024021
0.024059
0.024111
0.024171
0.024237
0.024312
0.024839
0.024925
0.024991
0.025058
0.025113
0.025163
0.025192
0.025222
0.025225
0.025219
0.025202
0.025173
0.025127
0.025076
0.025017
0.024944
0.024875
0.024798
0.024726
0.024658
0.024596
0.024535
0.024496
0.024474
0.024450
0.024451
0.024450
0.024477
0.024508
0.024553
0.024616
0.024683
0.024743
0.024822
0.024896
0.024961
0.025027
0.025096
0.025149
0.025183
0.025213
0.025230
0.025224
0.025214
0.025185
0.025148
0.025092
0.025031
0.024966
0.024891
0.024825
0.024751
0.024679
0.024615
0.024559
0.024514
0.024478
0.024452
0.024449
0.024450
0.024470
0.024500
0.024544
0.024596
0.024651
0.024726
0.024800
0.024874
0.024945
0.025007
0.025077
0.025129
0.025167
0.025201
0.025218
0.025233
0.025223
0.025197
0.025157
0.025111
0.025056
0.024991
0.024921
0.024846
0.024775
0.024707
0.024632
0.024578
0.024528
0.024484
0.024460
0.024447
0.024443
0.024464
0.024488
0.024528
0.024578
0.024639
0.024700
0.024767
0.024996
0.025065
0.025143
0.025209
0.025262
0.025312
0.025349
0.025376
0.025389
0.025386
0.025367
0.025340
0.025296
0.025245
0.025177
0.025113
0.025036
0.024969
0.024902
0.024825
0.024760
0.024713
0.024670
0.024631
0.024612
0.024605
0.024607
0.024633
0.024668
0.024715
0.024767
0.024823
0.024898
0.024969
0.025043
0.025118
0.025187
0.025244
0.025290
0.025340
0.025365
0.025385
0.025389
0.025375
0.025351
0.025305
0.025261
0.025205
0.025133
0.025065
0.024988
0.024920
0.024851
0.024780
0.024721
0.024680
0.024645
0.024614
0.024607
0.024612
0.024624
0.024654
0.024692
0.024742
0.024812
0.024875
0.024945
0.025023
0.025086
0.025162
0.025228
0.025281
0.025320
0.025357
0.025375
0.025384
0.025376
0.025353
0.025323
0.025281
0.025220
0.025157
0.025086
0.025015
0.024942
0.024870
0.024807
0.024746
0.024695
0.024656
0.024621
0.024608
0.024605
0.024620
0.024643
0.024676
0.024725
0.024787
0.024845
0.024919
0.024818
0.024900
0.024962
0.025026
0.025096
0.025145
0.025187
0.025211
0.025225
0.025224
0.025215
0.025186
0.025147
0.025095
0.025035
0.024969
0.024897
0.024822
0.024747
0.024681
0.024616
0.024560
0.024515
0.024484
0.024455
0.024447
0.024455
0.024458
0.024495
0.024534
0.024589
0.024658
0.024730
0.024802
0.024872
0.024944
0.025017
0.025076
0.025129
0.025173
0.025202
0.025223
0.025228
0.025219
0.025191
0.025163
0.025113
0.025051
0.024989
0.024915
0.024846
0.024762
0.024692
0.024630
0.024577
0.024528
0.024488
0.024461
0.024450
0.024445
0.024457
0.024489
0.024529
0.024581
0.024636
0.024699
0.024769
0.024840
0.024921
0.024990
0.025050
0.025107
0.025161
0.025193
0.025218
0.025230
0.025219
0.025202
0.025163
0.025124
0.025078
0.025015
0.024946
0.024873
0.024798
0.024726
0.024658
0.024596
0.024544
0.024500
0.024466
0.024448
0.024449
0.024456
0.024479
0.024512
0.024559
0.024614
0.024684
0.024751
0.024331
0.024411
0.024488
0.024550
0.024611
0.024670
0.024711
0.024736
0.024760
0.024757
0.024745
0.024722
0.024683
0.024635
0.024568
0.024501
0.024429
0.024363
0.024288
0.024210
0.024149
0.024092
0.024052
0.024009
0.023983
0.023970
0.023971
0.023991
0.024022
0.024062
0.024114
0.024169
0.024237
0.024309
0.024388
0.024465
0.024528
0.024597
0.024653
0.024698
0.024736
0.024752
0.024757
0.024753
0.024729
0.024698
0.024652
0.024601
0.024532
0.024460
0.024376
0.024316
0.024246
0.024173
0.024111
0.024059
0.024018
0.023988
0.023975
0.023966
0.023982
0.024003
0.024045
0.024093
0.024151
0.024219
0.024291
0.024368
0.024436
0.024510
0.024575
0.024638
0.024682
0.024725
0.024750
0.024755
0.024760
0.024737
0.024710
0.024672
0.024615
0.024551
0.024479
0.024410
0.024333
0.024263
0.024194
0.024132
0.024075
0.024031
0.023991
0.023971
0.023969
0.023978
0.023998
0.024027
0.024072
0.024131
0.024195
0.024265
0.023560
0.023633
0.023702
0.023778
0.023844
0.023898
0.023945
0.023974
0.023995
0.024002
0.023985
0.023966
0.023928
0.023879
0.023821
0.023756
0.023684
0.023606
0.023531
0.023459
0.023394
0.023330
0.023277
0.023232
0.023208
0.023199
0.023191
0.023204
0.023235
0.023274
0.023331
0.023396
0.023454
0.023533
0.023613
0.023682
0.023757
0.023821
0.023878
0.023928
0.023969
0.023990
0.023995
0.023997
0.023974
0.023940
0.023898
0.023839
0.023779
0.023707
0.023637
0.023561
0.023478
0.023412
0.023343
0.023293
0.023246
0.023222
0.023197
0.023192
0.023207
0.023230
0.023262
0.023315
0.023366
0.023431
0.023503
0.023584
0.023663
0.023735
0.023803
0.023861
0.023917
0.023957
0.023987
0.024001
0.023998
0.023984
0.023952
0.023914
0.023862
0.023800
0.023723
0.023656
0.023582
0.023509
0.023435
0.023368
0.023312
0.023263
0.023227
0.023203
0.023197
0.023196
0.023221
0.023250
0.023298
0.023342
0.023413
0.023483
0.022505
0.022587
0.022666
0.022745
0.022793
0.022864
0.022910
0.022941
0.022971
0.022976
0.022965
0.022948
0.022908
0.022861
0.022796
0.022734
0.022656
0.022585
0.022507
0.022431
0.022361
0.022293
0.022241
0.022197
0.022172
0.022155
0.022154
0.022167
0.022192
0.022231
0.022281
0.022343
0.022414
0.022489
0.022563
0.022643
0.022706
0.022784
0.022843
0.022896
0.022930
0.022964
0.022975
0.022966
0.022955
0.022921
0.022876
0.022822
0.022751
0.022682
0.022606
0.022533
0.022454
0.022381
0.022319
0.022265
0.022213
0.022181
0.022159
0.022150
0.022160
0.022182
0.022217
0.022264
0.022322
0.022390
0.022466
0.022530
0.022608
0.022691
0.022759
0.022827
0.022879
0.022927
0.022951
0.022972
0.022979
0.022960
0.022934
0.022892
0.022848
0.022774
0.022710
0.022636
0.022564
0.022477
0.022400
0.022343
0.022279
0.022230
0.022185
0.022163
0.022151
0.022155
0.022169
0.022201
0.022247
0.022301
0.022365
0.022436
0.021226
0.021318
0.021390
0.021471
0.021544
0.021593
0.021653
0.021693
0.021710
0.021727
0.021719
0.021698
0.021658
0.021608
0.021555
0.021486
0.021412
0.021333
0.021253
0.021176
0.021094
0.021039
0.020980
0.020935
0.020892
0.020886
0.020869
0.020889
0.020913
0.020951
0.021002
0.021063
0.021128
0.021203
0.021283
0.021369
0.021448
0.021515
0.021584
0.021638
0.021682
0.021703
0.021724
0.021723
0.021701
0.021676
0.021632
0.021570
0.021516
0.021443
0.021364
0.021276
0.021193
0.021131
0.021057
0.020997
0.020945
0.020908
0.020887
0.020877
0.020884
0.020903
0.020938
0.020984
0.021037
0.021108
0.021184
0.021266
0.021341
0.021417
0.021496
0.021559
0.021619
0.021657
0.021695
0.021720
0.021730
0.021705
0.021688
0.021642
0.021590
0.021526
0.021468
0.021387
0.021313
0.021229
0.021154
0.021080
0.021011
0.020959
0.020921
0.020897
0.020875
0.020881
0.020890
0.020927
0.020967
0.021020
0.021085
0.021164
0.019774
0.019850
0.019939
0.020014
0.020093
0.020159
0.020209
0.020254
0.020274
0.020293
0.020289
0.020263
0.020237
0.020185
0.020127
0.020058
0.019979
0.019890
0.019821
0.019728
0.019660
0.019587
0.019519
0.019481
0.019425
0.019419
0.019410
0.019422
0.019440
0.019484
0.019530
0.019603
0.019674
0.019745
0.019826
0.019905
0.019992
0.020068
0.020133
0.020190
0.020241
0.020271
0.020284
0.020292
0.020276
0.020244
0.020203
0.020138
0.020079
0.020009
0.019916
0.019850
0.019759
0.019682
0.019604
0.019541
0.019492
0.019447
0.019423
0.019415
0.019413
0.019441
0.019465
0.019517
0.019575
0.019645
0.019718
0.019801
0.019881
0.019967
0.020040
0.020115
0.020173
0.020216
0.020268
0.020276
0.020292
0.020275
0.020258
0.020218
0.020171
0.020105
0.020030
0.019951
0.019870
0.019788
0.019708
0.019625
0.019568
0.019509
0.019461
0.019433
0.019412
0.019415
0.019425
0.019458
0.019500
0.019555
0.019620
0.019699
0.018168
0.018265
0.018343
0.018430
0.018500
0.018573
0.018635
0.018681
0.018710
0.018725
0.018723
0.018700
0.018669
0.018620
0.018555
0.018484
0.018408
0.018330
0.018239
0.018150
0.018073
0.017994
0.017934
0.017877
0.017834
0.017814
0.017806
0.017814
0.017839
0.017879
0.017930
0.017989
0.018068
0.018153
0.018236
0.018312
0.018408
0.018473
0.018555
0.018619
0.018666
0.018703
0.018718
0.018722
0.018713
0.018683
0.018640
0.018586
0.018516
0.018439
0.018345
0.018265
0.018182
0.018092
0.018024
0.017955
0.017894
0.017855
0.017826
0.017810
0.017810
0.017831
0.017863
0.017910
0.017971
0.018041
0.018120
0.018201
0.018292
0.018372
0.018458
0.018537
0.018602
0.018645
0.018693
0.018713
0.018722
0.018715
0.018694
0.018655
0.018602
0.018532
0.018461
0.018381
0.018294
0.018211
0.018126
0.018039
0.017975
0.017911
0.017867
0.017830
0.017811
0.017812
0.017824
0.017847
0.017895
0.017949
0.018013
0.018090
0.016489
0.016574
0.016669
0.016763
0.016841
0.016910
0.016971
0.017019
0.017057
0.017073
0.017074
0.017057
0.017016
0.016971
0.016903
0.016840
0.016752
0.016659
0.016572
0.016485
0.016395
0.016321
0.016243
0.016197
0.016153
0.016122
0.016110
0.016118
0.016139
0.016178
0.016235
0.016303
0.016372
0.016455
0.016548
0.016634
0.016729
0.016814
0.016879
0.016951
0.017005
0.017048
0.017068
0.017072
0.017058
0.017034
0.016990
0.016931
0.016856
0.016780
0.016695
0.016595
0.016520
0.016425
0.016347
0.016269
0.016214
0.016166
0.016132
0.016118
0.016118
0.016132
0.016167
0.016219
0.016271
0.016350
0.016423
0.016518
0.016605
0.016699
0.016781
0.016865
0.016935
0.016994
0.017034
0.017060
0.017076
0.017065
0.017046
0.017007
0.016945
0.016890
0.016809
0.016721
0.016635
0.016541
0.016457
0.016367
0.016301
0.016233
0.016171
0.016146
0.016121
0.016113
0.016129
0.016154
0.016198
0.016255
0.016328
0.016392
0.014754
0.014857
0.014945
0.015046
0.015134
0.015206
0.015278
0.015333
0.015367
0.015387
0.015389
0.015371
0.015336
0.015287
0.015224
0.015144
0.015051
0.014969
0.014872
0.014772
0.014687
0.014598
0.014534
0.014469
0.014418
0.014391
0.014381
0.014383
0.014406
0.014445
0.014497
0.014563
0.014646
0.014734
0.014817
0.014925
0.015007
0.015108
0.015182
0.015261
0.015317
0.015352
0.015383
0.015392
0.015377
0.015350
0.015306
0.015244
0.015176
0.015087
0.014989
0.014904
0.014809
0.014712
0.014625
0.014556
0.014485
0.014436
0.014396
0.014381
0.014381
0.014396
0.014425
0.014478
0.014544
0.014620
0.014699
0.014787
0.014894
0.014979
0.015073
0.015165
0.015226
0.015293
0.015349
0.015378
0.015385
0.015383
0.015362
0.015322
0.015266
0.015202
0.015118
0.015029
0.014931
0.014840
0.014741
0.014658
0.014576
0.014499
0.014452
0.014410
0.014382
0.014379
0.014386
0.014415
0.014465
0.014513
0.014592
0.014675
0.013045
0.013142
0.013235
0.013347
0.013427
0.013520
0.013588
0.013649
0.013689
0.013711
0.013715
0.013698
0.013662
0.013610
0.013539
0.013455
0.013369
0.013280
0.013166
0.013078
0.012973
0.012890
0.012807
0.012739
0.012693
0.012658
0.012642
0.012649
0.012668
0.012707
0.012766
0.012839
0.012915
0.013013
0.013105
0.013212
0.013305
0.013406
0.013488
0.013570
0.013631
0.013675
0.013703
0.013716
0.013702
0.013677
0.013631
0.013567
0.013486
0.013396
0.013304
0.013213
0.013099
0.013008
0.012918
0.012835
0.012762
0.012705
0.012671
0.012648
0.012647
0.012662
0.012695
0.012743
0.012809
0.012891
0.012980
0.013074
0.013177
0.013278
0.013369
0.013466
0.013550
0.013612
0.013664
0.013698
0.013715
0.013708
0.013688
0.013647
0.013589
0.013517
0.013429
0.013336
0.013241
0.013136
0.013042
0.012941
0.012861
0.012782
0.012725
0.012674
0.012655
0.012645
0.012653
0.012682
0.012728
0.012790
0.012857
0.012953
0.011368
0.011478
0.011578
0.011691
0.011780
0.011868
0.011952
0.012016
0.012060
0.012086
0.012091
0.012075
0.012035
0.011984
0.011910
0.011832
0.011732
0.011631
0.011515
0.011421
0.011314
0.011209
0.011132
0.011065
0.011004
0.010970
0.010956
0.010957
0.010978
0.011020
0.011072
0.011151
0.011240
0.011333
0.011441
0.011538
0.011654
0.011748
0.011847
0.011930
0.011993
0.012048
0.012081
0.012092
0.012080
0.012053
0.012004
0.011934
0.011859
0.011770
0.011664
0.011560
0.011442
0.011351
0.011243
0.011160
0.011079
0.011024
0.010981
0.010957
0.010954
0.010969
0.011001
0.011059
0.011123
0.011204
0.011304
0.011406
0.011512
0.011608
0.011723
0.011814
0.011905
0.011974
0.012033
0.012071
0.012095
0.012085
0.012065
0.012018
0.011966
0.011881
0.011794
0.011703
0.011586
0.011492
0.011376
0.011282
0.011183
0.011111
0.011035
0.010994
0.010964
0.010949
0.010962
0.010990
0.011035
0.011101
0.011175
0.011271
0.009772
0.009881
0.010004
0.010118
0.010219
0.010317
0.010401
0.010465
0.010517
0.010546
0.010552
0.010536
0.010499
0.010444
0.010366
0.010274
0.010173
0.010056
0.009948
0.009841
0.009726
0.009618
0.009534
0.009455
0.009396
0.009355
0.009341
0.009339
0.009362
0.009405
0.009463
0.009544
0.009633
0.009744
0.009848
0.009961
0.010070
0.010189
0.010285
0.010367
0.010449
0.010501
0.010535
0.010552
0.010541
0.010514
0.010463
0.010391
0.010308
0.010208
0.010102
0.009985
0.009869
0.009765
0.009658
0.009558
0.009481
0.009411
0.009369
0.009341
0.009338
0.009353
0.009387
0.009447
0.009510
0.009603
0.009705
0.009815
0.009924
0.010037
0.010143
0.010257
0.010349
0.010430
0.010484
0.010526
0.010551
0.010550
0.010523
0.010483
0.010419
0.010335
0.010243
0.010140
0.010021
0.009914
0.009798
0.009686
0.009594
0.009506
0.009431
0.009382
0.009347
0.009337
0.009346
0.009373
0.009423
0.009488
0.009574
0.009671
0.008292
0.008399
0.008534
0.008645
0.008768
0.008869
0.008961
0.009035
0.009081
0.009116
0.009123
0.009111
0.009069
0.009009
0.008924
0.008832
0.008721
0.008604
0.008489
0.008363
0.008238
0.008137
0.008031
0.007951
0.007890
0.007847
0.007824
0.007827
0.007849
0.007892
0.007959
0.008037
0.008139
0.008249
0.008367
0.008489
0.008614
0.008722
0.008838
0.008929
0.009007
0.009070
0.009110
0.009122
0.009116
0.009085
0.009031
0.008957
0.008863
0.008761
0.008649
0.008528
0.008398
0.008280
0.008173
0.008070
0.007976
0.007910
0.007853
0.007829
0.007826
0.007838
0.007877
0.007935
0.008009
0.008100
0.008213
0.008322
0.008451
0.008574
0.008684
0.008804
0.008896
0.008986
0.009053
0.009100
0.009119
0.009122
0.009097
0.009052
0.008980
0.008901
0.008799
0.008682
0.008568
0.008438
0.008319
0.008209
0.008093
0.008010
0.007930
0.007869
0.007838
0.007822
0.007832
0.007862
0.007910
0.007982
0.008074
0.008170
0.006927
0.007050
0.007178
0.007318
0.007441
0.007545
0.007647
0.007728
0.007787
0.007819
0.007827
0.007812
0.007770
0.007702
0.007620
0.007519
0.007396
0.007278
0.007145
0.007005
0.006888
0.006758
0.006665
0.006571
0.006504
0.006452
0.006434
0.006432
0.006456
0.006503
0.006566
0.006661
0.006761
0.006877
0.007004
0.007136
0.007267
0.007401
0.007508
0.007617
0.007703
0.007764
0.007810
0.007828
0.007820
0.007787
0.007730
0.007648
0.007554
0.007442
0.007313
0.007191
0.007057
0.006930
0.006798
0.006696
0.006601
0.006518
0.006468
0.006437
0.006429
0.006445
0.006484
0.006541
0.006628
0.006730
0.006837
0.006970
0.007101
0.007222
0.007360
0.007471
0.007587
0.007677
0.007747
0.007799
0.007826
0.007826
0.007803
0.007749
0.007679
0.007589
0.007481
0.007362
0.007226
0.007103
0.006972
0.006838
0.006725
0.006631
0.006542
0.006485
0.006444
0.006429
0.006437
0.006468
0.006525
0.006596
0.006687
0.006804
0.005691
0.005839
0.005983
0.006113
0.006244
0.006376
0.006476
0.006561
0.006628
0.006664
0.006675
0.006657
0.006615
0.006545
0.006454
0.006337
0.006219
0.006074
0.005934
0.005802
0.005653
0.005527
0.005420
0.005316
0.005247
0.005193
0.005169
0.005169
0.005194
0.005243
0.005315
0.005408
0.005528
0.005648
0.005783
0.005935
0.006076
0.006202
0.006336
0.006442
0.006537
0.006609
0.006653
0.006676
0.006666
0.006631
0.006566
0.006487
0.006375
0.006255
0.006129
0.005977
0.005839
0.005708
0.005575
0.005446
0.005354
0.005264
0.005210
0.005174
0.005165
0.005184
0.005220
0.005292
0.005375
0.005480
0.005612
0.005748
0.005877
0.006030
0.006156
0.006296
0.006414
0.006504
0.006590
0.006641
0.006670
0.006673
0.006644
0.006593
0.006517
0.006412
0.006305
0.006173
0.006037
0.005883
0.005744
0.005620
0.005495
0.005378
0.005295
0.005222
0.005184
0.005166
0.005175
0.005208
0.005267
0.005341
0.005451
0.005560
0.004617
0.004756
0.004907
0.005072
0.005217
0.005337
0.005458
0.005550
0.005618
0.005661
0.005670
0.005651
0.005604
0.005530
0.005425
0.005313
0.005169
0.005032
0.004879
0.004715
0.004578
0.004438
0.004305
0.004210
0.004123
0.004071
0.004041
0.004043
0.004067
0.004124
0.004204
0.004307
0.004420
0.004567
0.004715
0.004869
0.005009
0.005170
0.005293
0.005422
0.005522
0.005599
0.005647
0.005669
0.005662
0.005623
0.005557
0.005467
0.005347
0.005225
0.005071
0.004920
0.004777
0.004613
0.004473
0.004346
0.004242
0.004150
0.004083
0.004049
0.004040
0.004057
0.004100
0.004168
0.004270
0.004377
0.004521
0.004654
0.004818
0.004959
0.005122
0.005251
0.005386
0.005486
0.005576
0.005633
0.005666
0.005667
0.005639
0.005582
0.005500
0.005388
0.005270
0.005121
0.004982
0.004816
0.004665
0.004530
0.004395
0.004277
0.004173
0.004103
0.004058
0.004038
0.004049
0.004086
0.004141
0.004236
0.004338
0.004463
0.003659
0.003835
0.003986
0.004165
0.004320
0.004462
0.004578
0.004684
0.004755
0.004801
0.004814
0.004794
0.004740
0.004661
0.004548
0.004419
0.004280
0.004110
0.003956
0.003790
0.003615
0.003467
0.003345
0.003229
0.003140
0.003078
0.003050
0.003049
0.003078
0.003137
0.003225
0.003327
0.003470
0.003608
0.003767
0.003932
0.004111
0.004269
0.004418
0.004538
0.004654
0.004732
0.004791
0.004811
0.004805
0.004762
0.004691
0.004586
0.004470
0.004319
0.004176
0.003999
0.003832
0.003670
0.003517
0.003387
0.003257
0.003162
0.003097
0.003056
0.003046
0.003063
0.003115
0.003193
0.003288
0.003423
0.003554
0.003726
0.003877
0.004058
0.004205
0.004369
0.004496
0.004620
0.004706
0.004775
0.004809
0.004811
0.004780
0.004718
0.004629
0.004506
0.004380
0.004228
0.004054
0.003888
0.003736
0.003565
0.003431
0.003303
0.003197
0.003117
0.003064
0.003045
0.003057
0.003096
0.003159
0.003251
0.003378
0.003518
0.002863
0.003023
0.003221
0.003384
0.003554
0.003709
0.003854
0.003959
0.004040
0.004087
0.004102
0.004080
0.004022
0.003928
0.003819
0.003678
0.003506
0.003346
0.003152
0.002972
0.002798
0.002635
0.002502
0.002378
0.002276
0.002217
0.002183
0.002183
0.002216
0.002281
0.002367
0.002498
0.002629
0.002805
0.002980
0.003144
0.003341
0.003499
0.003673
0.003803
0.003923
0.004015
0.004075
0.004102
0.004089
0.004046
0.003965
0.003861
0.003716
0.003564
0.003406
0.003227
0.003032
0.002870
0.002700
0.002536
0.002416
0.002311
0.002230
0.002190
0.002179
0.002199
0.002256
0.002333
0.002455
0.002580
0.002737
0.002905
0.003101
0.003281
0.003441
0.003609
0.003759
0.003887
0.003989
0.004058
0.004097
0.004099
0.004064
0.003994
0.003898
0.003765
0.003627
0.003450
0.003288
0.003106
0.002912
0.002755
0.002585
0.002459
0.002343
0.002251
0.002201
0.002179
0.002191
0.002229
0.002308
0.002413
0.002544
0.002681
0.002179
0.002355
0.002552
0.002748
0.002932
0.003102
0.003250
0.003374
0.003460
0.003510
0.003525
0.003500
0.003437
0.003337
0.003214
0.003048
0.002873
0.002682
0.002502
0.002289
0.002100
0.001938
0.001766
0.001637
0.001540
0.001469
0.001434
0.001435
0.001468
0.001543
0.001636
0.001781
0.001938
0.002100
0.002289
0.002504
0.002682
0.002886
0.003060
0.003203
0.003332
0.003435
0.003498
0.003524
0.003512
0.003462
0.003376
0.003258
0.003103
0.002946
0.002747
0.002552
0.002372
0.002163
0.001995
0.001817
0.001687
0.001572
0.001489
0.001441
0.001431
0.001453
0.001509
0.001608
0.001721
0.001883
0.002056
0.002242
0.002420
0.002635
0.002809
0.003004
0.003164
0.003300
0.003407
0.003482
0.003518
0.003521
0.003481
0.003409
0.003294
0.003165
0.002991
0.002826
0.002618
0.002421
0.002243
0.002039
0.001868
0.001732
0.001599
0.001508
0.001453
0.001430
0.001444
0.001486
0.001566
0.001676
0.001831
0.001980
0.001589
0.001820
0.002035
0.002247
0.002446
0.002627
0.002785
0.002906
0.003004
0.003056
0.003071
0.003041
0.002974
0.002868
0.002727
0.002547
0.002355
0.002165
0.001932
0.001738
0.001529
0.001320
0.001150
0.001017
0.000898
0.000824
0.000790
0.000792
0.000834
0.000904
0.001027
0.001160
0.001329
0.001541
0.001749
0.001943
0.002177
0.002365
0.002554
0.002735
0.002866
0.002973
0.003043
0.003070
0.003058
0.002998
0.002906
0.002768
0.002619
0.002420
0.002235
0.002023
0.001809
0.001578
0.001382
0.001204
0.001063
0.000938
0.000846
0.000798
0.000788
0.000816
0.000882
0.000985
0.001121
0.001270
0.001474
0.001659
0.001892
0.002087
0.002315
0.002495
0.002671
0.002822
0.002941
0.003025
0.003067
0.003066
0.003021
0.002938
0.002824
0.002663
0.002499
0.002303
0.002077
0.001881
0.001649
0.001463
0.001275
0.001099
0.000976
0.000874
0.000809
0.000787
0.000800
0.000856
0.000936
0.001072
0.001213
0.001410
0.001141
0.001349
0.001607
0.001837
0.002056
0.002240
0.002414
0.002561
0.002661
0.002719
0.002732
0.002701
0.002619
0.002496
0.002340
0.002167
0.001958
0.001713
0.001499
0.001244
0.001038
0.000809
0.000624
0.000481
0.000358
0.000274
0.000236
0.000241
0.000282
0.000374
0.000488
0.000663
0.000834
0.001066
0.001272
0.001506
0.001740
0.001985
0.002190
0.002358
0.002520
0.002629
0.002704
0.002732
0.002712
0.002654
0.002548
0.002395
0.002231
0.002011
0.001792
0.001578
0.001342
0.001092
0.000876
0.000698
0.000517
0.000387
0.000299
0.000244
0.000234
0.000267
0.000332
0.000455
0.000590
0.000767
0.000972
0.001217
0.001429
0.001686
0.001892
0.002124
0.002314
0.002464
0.002599
0.002685
0.002728
0.002725
0.002675
0.002588
0.002448
0.002280
0.002100
0.001865
0.001656
0.001421
0.001167
0.000947
0.000761
0.000569
0.000426
0.000321
0.000258
0.000233
0.000249
0.000311
0.000412
0.000536
0.000723
0.000900
0.000735
0.001014
0.001247
0.001501
0.001743
0.001978
0.002164
0.002313
0.002419
0.002481
0.002494
0.002457
0.002364
0.002231
0.002069
0.001848
0.001637
0.001367
0.001132
0.000875
0.000605
0.000396
0.000191
0.000007
-0.000106
-0.000185
-0.000230
-0.000227
-0.000172
-0.000064
0.000054
0.000214
0.000443
0.000653
0.000928
0.001161
0.001418
0.001664
0.001891
0.002105
0.002259
0.002390
0.002467
0.002495
0.002476
0.002404
0.002281
0.002131
0.001919
0.001716
0.001473
0.001195
0.000936
0.000684
0.000470
0.000239
0.000072
-0.000054
-0.000168
-0.000219
-0.000235
-0.000195
-0.000110
0.000003
0.000170
0.000370
0.000574
0.000818
0.001100
0.001358
0.001606
0.001818
0.002029
0.002218
0.002349
0.002446
0.002492
0.002484
0.002433
0.002325
0.002187
0.001989
0.001792
0.001555
0.001304
0.001022
0.000792
0.000548
0.000306
0.000115
-0.000022
-0.000130
-0.000208
-0.000234
-0.000224
-0.000144
-0.000020
0.000110
0.000279
0.000519
0.000455
0.000705
0.000988
0.001293
0.001554
0.001772
0.001992
0.002154
0.002269
0.002334
0.002347
0.002297
0.002207
0.002059
0.001855
0.001646
0.001369
0.001120
0.000811
0.000529
0.000258
0.000031
-0.000174
0.000184
0.000041
-0.000055
-0.000656
-0.000088
-0.000581
0.000078
-0.000307
-0.000107
0.000105
0.000337
0.000610
0.000923
0.001203
0.001469
0.001715
0.001915
0.002097
0.002234
0.002319
0.002349
0.002319
0.002236
0.002104
0.001939
0.001703
0.001458
0.001212
0.000932
0.000622
0.000373
0.000088
-0.000095
-0.000298
0.000098
-0.000017
-0.000646
-0.000095
-0.000053
-0.000518
0.000177
-0.000163
0.000000
0.000275
0.000546
0.000828
0.001111
0.001357
0.001636
0.001846
0.002039
0.002198
0.002297
0.002345
0.002338
0.002270
0.002162
0.001986
0.001799
0.001542
0.001279
0.001000
0.000715
0.000464
0.000197
-0.000019
-0.000253
0.000133
-0.000540
-0.000067
-0.000101
-0.000625
-0.000000
0.000124
-0.000233
-0.000031
0.000189
0.000178
0.000518
0.000831
0.001105
0.001421
0.001679
0.001887
0.002068
0.002200
0.002269
0.002275
0.002227
0.002107
0.001955
0.001743
0.001470
0.001213
0.000881
0.000600
0.000260
-0.000007
-0.000281
0.000069
-0.000136
-0.000296
-0.000411
-0.001025
-0.000443
-0.000376
-0.000255
-0.000070
0.000151
-0.000159
0.000110
0.000382
0.000728
0.001004
0.001301
0.001575
0.001831
0.002023
0.002164
0.002253
0.002282
0.002244
0.002151
0.002002
0.001800
0.001580
0.001308
0.000983
0.000673
0.000393
0.000059
-0.000193
0.000126
-0.000091
-0.000822
-0.000373
-0.001010
-0.000452
-0.000404
-0.000851
-0.000134
-0.000503
-0.000225
0.000011
0.000278
0.000623
0.000934
0.001204
0.001486
0.001757
0.001965
0.002117
0.002229
0.002279
0.002268
0.002197
0.002058
0.001890
0.001642
0.001402
0.001114
0.000808
0.000465
0.000159
-0.000100
0.000208
-0.000585
-0.000195
-0.000919
-0.000424
-0.001026
-0.000426
-0.000913
-0.000203
-0.000001
0.000235
-0.000043
0.000017
0.000321
0.000666
0.001039
0.001353
0.001613
0.001877
0.002060
0.002202
0.002274
0.002282
0.002213
0.002097
0.001898
0.001654
0.001399
0.001056
0.000753
0.000375
0.000068
-0.000223
-0.000543
-0.000221
-0.001029
-0.000618
-0.000732
-0.000782
-0.000770
-0.000689
-0.001108
-0.000360
-0.000116
0.000168
-0.000046
0.000244
0.000589
0.000928
0.001221
0.001521
0.001802
0.002011
0.002164
0.002258
0.002287
0.002249
0.002133
0.001980
0.001740
0.001470
0.001194
0.000833
0.000524
0.000181
-0.000128
-0.000441
-0.000136
-0.000377
-0.000568
-0.001281
-0.000772
-0.000783
-0.001310
-0.000601
-0.000421
-0.000742
0.000071
-0.000155
0.000130
0.000437
0.000780
0.001146
0.001451
0.001701
0.001946
0.002119
0.002233
0.002284
0.002264
0.002176
0.002042
0.001839
0.001588
0.001270
0.000944
0.000605
0.000260
-0.000042
-0.000327
-0.000045
-0.000302
-0.000526
-0.001249
-0.000755
-0.000784
-0.000751
-0.001215
-0.000485
-0.000825
-0.000026
0.000271
-0.000080
0.000243
0.000625
0.000994
0.001308
0.001625
0.001916
0.002114
0.002268
0.002343
0.002341
0.002264
0.002134
0.001927
0.001663
0.001320
0.001005
0.000596
0.000214
-0.000077
0.000141
-0.000196
-0.001105
-0.000735
-0.000936
-0.001631
-0.001095
-0.001076
-0.001559
-0.000822
-0.000599
-0.000879
-0.000000
-0.000251
0.000075
0.000455
0.000834
0.001229
0.001553
0.001833
0.002061
0.002224
0.002325
0.002354
0.002298
0.002188
0.001984
0.001730
0.001459
0.001089
0.000761
0.000341
0.000002
0.000259
-0.000088
-0.000420
-0.001271
-0.000865
-0.001010
-0.001680
-0.001090
-0.001601
-0.000882
-0.001242
-0.000419
-0.000669
0.000210
-0.000005
0.000371
0.000750
0.001078
0.001418
0.001746
0.001977
0.002172
0.002301
0.002352
0.002331
0.002236
0.002055
0.001822
0.001563
0.001205
0.000885
0.000509
0.000129
-0.000221
-0.000002
-0.000901
-0.000576
-0.001396
-0.000969
-0.001656
-0.001096
-0.001054
-0.000937
-0.001319
-0.000511
-0.000219
0.000113
-0.000223
0.000118
0.000591
0.000955
0.001382
0.001694
0.002013
0.002230
0.002395
0.002474
0.002471
0.002387
0.002207
0.001968
0.001662
0.001346
0.000916
0.000502
0.000123
-0.000242
-0.000646
-0.000423
-0.000771
-0.001035
-0.001820
-0.001346
-0.001405
-0.001986
-0.001266
-0.001658
-0.000844
-0.000522
-0.000163
-0.000329
0.000026
0.000401
0.000819
0.001257
0.001614
0.001922
0.002157
0.002351
0.002456
0.002478
0.002425
0.002270
0.002077
0.001798
0.001430
0.001092
0.000641
0.000219
-0.000156
0.000046
-0.000332
-0.000669
-0.001534
-0.001157
-0.001915
-0.001391
-0.001988
-0.001310
-0.001760
-0.000922
-0.001223
-0.000288
-0.000517
-0.000053
0.000259
0.000682
0.001130
0.001466
0.001825
0.002096
0.002292
0.002430
0.002482
0.002445
0.002342
0.002134
0.001897
0.001548
0.001181
0.000823
0.000360
-0.000016
0.000180
-0.000774
-0.000538
-0.001444
-0.001090
-0.001269
-0.001373
-0.001404
-0.001346
-0.001793
-0.001006
-0.001299
-0.000427
-0.000059
-0.000315
0.000066
0.000591
0.001044
0.001467
0.001845
0.002141
0.002409
0.002578
0.002659
0.002643
0.002552
0.002365
0.002097
0.001762
0.001329
0.000938
0.000479
0.000010
0.000193
-0.000250
-0.001281
-0.001013
-0.001912
-0.001524
-0.001676
-0.001722
-0.002280
-0.001560
-0.001344
-0.001061
-0.001310
-0.000335
0.000104
-0.000007
0.000437
0.000846
0.001330
0.001690
0.002038
0.002336
0.002526
0.002642
0.002663
0.002580
0.002434
0.002169
0.001847
0.001468
0.001088
0.000584
0.000166
-0.000272
-0.000106
-0.001122
-0.000902
-0.001217
-0.002070
-0.001627
-0.001708
-0.001705
-0.002223
-0.001432
-0.001177
-0.000835
-0.000449
-0.000625
-0.000120
0.000279
0.000693
0.001145
0.001561
0.001928
0.002254
0.002467
0.002613
0.002666
0.002629
0.002499
0.002283
0.001961
0.001599
0.001232
0.000739
0.000322
-0.000084
0.000012
-0.001035
-0.000782
-0.001141
-0.001996
-0.001579
-0.001701
-0.001719
-0.002266
-0.001493
-0.001831
-0.000951
-0.000585
-0.000168
0.000187
0.000040
0.000566
0.001078
0.001555
0.001983
0.002369
0.002626
0.002819
0.002902
0.002887
0.002747
0.002524
0.002248
0.001824
0.001428
0.000885
0.000367
-0.000067
-0.000584
-0.000447
-0.000897
-0.001937
-0.001609
-0.002466
-0.001993
-0.002045
-0.001996
-0.002443
-0.001623
-0.001307
-0.000899
-0.000446
-0.000556
-0.000040
0.000456
0.000968
0.001400
0.001888
0.002261
0.002541
0.002770
0.002887
0.002896
0.002818
0.002608
0.002326
0.002003
0.001581
0.001054
0.000601
0.000015
0.000184
-0.000882
-0.000752
-0.001191
-0.002148
-0.001776
-0.001954
-0.002037
-0.002026
-0.002509
-0.001701
-0.002026
-0.001056
-0.000626
-0.000122
-0.000211
0.000217
0.000800
0.001294
0.001748
0.002146
0.002447
0.002709
0.002858
0.002909
0.002845
0.002683
0.002430
0.002091
0.001728
0.001217
0.000772
0.000192
-0.000200
-0.000156
-0.001202
-0.001035
-0.001404
-0.001698
-0.001921
-0.002031
-0.002045
-0.002563
-0.001787
-0.001514
-0.001167
-0.001310
-0.000312
0.000135
0.000038
0.000697
0.001197
0.001781
0.002244
0.002601
0.002909
0.003119
0.003203
0.003163
0.003010
0.002751
0.002440
0.002010
0.001450
0.000961
0.000314
-0.000121
-0.000112
-0.001325
-0.001160
-0.002204
-0.001942
-0.002202
-0.002978
-0.002406
-0.002954
-0.002174
-0.001898
-0.002141
-0.001109
-0.000606
-0.000056
0.000009
0.000505
0.001077
0.001556
0.002098
0.002510
0.002818
0.003065
0.003188
0.003198
0.003095
0.002848
0.002562
0.002110
0.001625
0.001086
0.000510
-0.000005
0.000041
-0.000517
-0.001600
-0.001456
-0.001836
-0.002148
-0.002332
-0.003022
-0.002380
-0.002243
-0.002584
-0.001663
-0.001243
-0.001360
-0.000214
-0.000187
0.000236
0.000890
0.001380
0.001892
0.002380
0.002739
0.002991
0.003158
0.003203
0.003144
0.002935
0.002678
0.002257
0.001794
0.001331
0.000704
0.000186
-0.000317
-0.000299
-0.000833
-0.001341
-0.002348
-0.002040
-0.002266
-0.002387
-0.002399
-0.002300
-0.002093
-0.002360
-0.001411
-0.000923
-0.000947
-0.000408
0.000059
0.000719
0.001431
0.001950
0.002476
0.002950
0.003273
0.003482
0.003568
0.003528
0.003360
0.003067
0.002620
0.002177
0.001613
0.000917
0.000342
-0.000282
-0.000321
-0.001546
-0.001448
-0.001926
-0.002337
-0.003228
-0.002758
-0.003430
-0.002725
-0.003117
-0.002218
-0.001791
-0.001285
-0.001331
-0.000117
0.000030
0.000583
0.001222
0.001824
0.002310
0.002780
0.003178
0.003426
0.003554
0.003544
0.003402
0.003175
0.002766
0.002351
0.001810
0.001206
0.000562
-0.000061
-0.000072
-0.000696
-0.001271
-0.002391
-0.002196
-0.002532
-0.003348
-0.002801
-0.002764
-0.002607
-0.002324
-0.001939
-0.002093
-0.000906
-0.000836
-0.000291
0.000279
0.001013
0.001559
0.002134
0.002634
0.003043
0.003357
0.003525
0.003569
0.003463
0.003239
0.002945
0.002514
0.001999
0.001338
0.000780
0.000040
0.000144
-0.000493
-0.001739
-0.001617
-0.002066
-0.002441
-0.003293
-0.002785
-0.002790
-0.003278
-0.002437
-0.002078
-0.001631
-0.001710
-0.000507
0.000069
0.000101
0.000843
0.001642
0.002292
0.002866
0.003300
0.003673
0.003916
0.004000
0.003944
0.003739
0.003352
0.002942
0.002306
0.001655
0.001034
0.000206
0.000242
-0.000483
-0.001165
-0.001817
-0.002929
-0.002736
-0.003043
-0.003850
-0.003253
-0.003156
-0.002917
-0.002551
-0.002689
-0.001522
-0.000845
-0.000139
-0.000008
0.000598
0.001325
0.002010
0.002685
0.003193
0.003564
0.003858
0.003989
0.003979
0.003823
0.003483
0.003110
0.002508
0.001958
0.001273
0.000545
-0.000158
-0.000285
-0.000983
-0.002247
-0.002146
-0.003252
-0.002953
-0.003173
-0.003267
-0.003205
-0.003009
-0.003263
-0.002243
-0.002313
-0.001100
-0.000378
-0.000256
0.000447
0.001086
0.001867
0.002496
0.003035
0.003438
0.003783
0.003962
0.003998
0.003892
0.003600
0.003207
0.002700
0.002176
0.001508
0.000791
-0.000043
-0.000579
-0.000715
-0.001380
-0.002002
-0.002496
-0.003486
-0.003115
-0.003255
-0.003866
-0.003091
-0.002807
-0.002403
-0.001890
-0.001286
-0.001236
-0.000413
0.000282
0.001116
0.001813
0.002559
0.003216
0.003801
0.004192
0.004435
0.004517
0.004407
0.004194
0.003794
0.003191
0.002530
0.001884
0.000975
0.000247
0.000063
-0.001290
-0.001477
-0.002772
-0.002753
-0.003248
-0.004223
-0.003735
-0.003772
-0.003640
-0.003949
-0.002949
-0.002385
-0.002364
-0.000986
-0.000183
0.000001
0.000728
0.001650
0.002319
0.003008
0.003593
0.004078
0.004371
0.004509
0.004463
0.004250
0.003945
0.003453
0.002847
0.002039
0.001249
0.000418
-0.000182
-0.001143
-0.001228
-0.001947
-0.003189
-0.003080
-0.003480
-0.004340
-0.003772
-0.003699
-0.003473
-0.003091
-0.003227
-0.001957
-0.001241
-0.001099
-0.000135
0.000449
0.001387
0.002070
0.002865
0.003410
0.003948
0.004290
0.004480
0.004496
0.004375
0.004078
0.003631
0.002980
0.002380
0.001519
0.000697
0.000006
-0.000213
-0.001557
-0.001717
-0.003065
-0.002922
-0.003346
-0.004280
-0.003763
-0.003741
-0.004171
-0.003243
-0.002764
-0.002817
-0.001520
-0.000724
-0.000554
0.000261
0.001340
0.002123
0.003056
0.003773
0.004306
0.004788
0.005045
0.005115
0.005014
0.004662
0.004257
0.003634
0.002894
0.002044
0.001005
0.000177
-0.000618
-0.001695
-0.002517
-0.002621
-0.003964
-0.003791
-0.004153
-0.004359
-0.005010
-0.004203
-0.003868
-0.003374
-0.003363
-0.001984
-0.001135
-0.000830
-0.000060
0.001029
0.001826
0.002793
0.003468
0.004119
0.004629
0.004981
0.005116
0.005071
0.004839
0.004429
0.003855
0.003155
0.002223
0.001318
0.000371
-0.000453
-0.001352
-0.002148
-0.002375
-0.003107
-0.003666
-0.004729
-0.004299
-0.004374
-0.004277
-0.003998
-0.003555
-0.003611
-0.002276
-0.001426
-0.001142
-0.000238
0.000579
0.001642
0.002414
0.003222
0.003987
0.004477
0.004894
0.005091
0.005107
0.004893
0.004518
0.004066
0.003399
0.002508
0.001746
0.000690
-0.000132
-0.000935
-0.001991
-0.002706
-0.003459
-0.003466
-0.004589
-0.004235
-0.004382
-0.004966
-0.004109
-0.004295
-0.003197
-0.002525
-0.001743
-0.000835
-0.000344
0.000541
0.001614
0.002506
0.003455
0.004284
0.005022
0.005496
0.005774
0.005842
0.005652
0.005337
0.004699
0.003958
0.003209
0.002088
0.001175
-0.000062
-0.000992
-0.001878
-0.002870
-0.003873
-0.004513
-0.005158
-0.005514
-0.005713
-0.005705
-0.005538
-0.005094
-0.004423
-0.003816
-0.002745
-0.001943
-0.000704
0.000021
0.001260
0.002168
0.003150
0.004117
0.004824
0.005364
0.005704
0.005843
0.005771
0.005421
0.004909
0.004331
0.003505
0.002567
0.001388
0.000451
-0.000451
-0.001529
-0.002698
-0.003475
-0.004372
-0.004965
-0.005396
-0.005671
-0.005730
-0.005592
-0.005197
-0.004646
-0.003929
-0.003198
-0.002277
-0.001059
-0.000133
0.000902
0.001822
0.002956
0.003853
0.004607
0.005151
0.005611
0.005821
0.005819
0.005546
0.005174
0.004469
0.003677
0.002888
0.001741
0.000820
-0.000085
-0.001350
-0.002218
-0.003312
-0.004026
-0.004731
-0.005309
-0.005643
-0.005733
-0.005647
-0.005423
-0.004848
-0.004310
-0.003351
-0.002424
-0.001600
-0.000503
0.000552
0.001790
0.003120
0.004178
0.004989
0.005750
0.006344
0.006637
0.006674
0.006498
0.005982
0.005303
0.004576
0.003559
0.002429
0.001044
-0.000015
-0.001221
-0.002265
-0.003391
-0.004520
-0.005310
-0.005936
-0.006355
-0.006565
-0.006566
-0.006220
-0.005821
-0.005115
-0.004231
-0.003216
-0.002083
-0.000873
0.000317
0.001382
0.002742
0.003840
0.004693
0.005517
0.006192
0.006564
0.006697
0.006548
0.006236
0.005552
0.004876
0.003763
0.002817
0.001627
0.000211
-0.000639
-0.001869
-0.003178
-0.004186
-0.005057
-0.005708
-0.006280
-0.006512
-0.006565
-0.006418
-0.005899
-0.005346
-0.004596
-0.003392
-0.002492
-0.001092
-0.000089
0.000969
0.002355
0.003343
0.004499
0.005260
0.006016
0.006468
0.006682
0.006626
0.006314
0.005869
0.005032
0.004246
0.003037
0.001863
0.000801
-0.000390
-0.001465
-0.002838
-0.003741
-0.004818
-0.005541
-0.006101
-0.006454
-0.006614
-0.006461
-0.006071
-0.005574
-0.004709
-0.003735
-0.002850
-0.001686
-0.000393
0.000978
0.002388
0.003543
0.004772
0.005954
0.006775
0.007355
0.007673
0.007708
0.007385
0.006935
0.006143
0.004980
0.003780
0.002451
0.001245
0.000082
-0.001359
-0.002974
-0.004185
-0.005166
-0.006121
-0.006924
-0.007400
-0.007549
-0.007473
-0.007162
-0.006488
-0.005645
-0.004794
-0.003359
-0.002036
-0.000915
0.000288
0.001924
0.003102
0.004378
0.005633
0.006533
0.007190
0.007598
0.007717
0.007513
0.007038
0.006305
0.005498
0.004375
0.002905
0.001517
0.000078
-0.001092
-0.002292
-0.003799
-0.004806
-0.005825
-0.006760
-0.007212
-0.007565
-0.007537
-0.007257
-0.006721
-0.006112
-0.005123
-0.003994
-0.002720
-0.001386
0.000027
0.001454
0.002651
0.004137
0.005146
0.006254
0.006930
0.007492
0.007717
0.007610
0.007306
0.006576
0.005832
0.004598
0.003541
0.002188
0.000559
-0.000401
-0.002076
-0.003185
-0.004608
-0.005614
-0.006459
-0.007077
-0.007460
-0.007556
-0.007381
-0.007047
-0.006353
-0.005317
-0.004407
-0.002930
-0.001576
-0.000007
0.001051
0.002694
0.004469
0.005838
0.006873
0.007847
0.008591
0.008920
0.008888
0.008594
0.007817
0.006840
0.005840
0.004208
0.002891
0.001007
-0.000388
-0.001747
-0.003583
-0.005002
-0.006103
-0.007304
-0.008052
-0.008542
-0.008772
-0.008612
-0.008227
-0.007411
-0.006409
-0.005384
-0.004002
-0.002507
-0.000558
0.000760
0.002153
0.003973
0.005398
0.006493
0.007663
0.008414
0.008849
0.008941
0.008669
0.008209
0.007349
0.006052
0.004696
0.003420
0.001561
-0.000107
-0.001199
-0.003105
-0.004541
-0.005860
-0.006847
-0.007877
-0.008414
-0.008719
-0.008763
-0.008396
-0.007803
-0.006770
-0.005862
-0.004206
-0.003027
-0.001104
0.000191
0.001605
0.003463
0.004737
0.006265
0.007226
0.008190
0.008737
0.008959
0.008855
0.008310
0.007662
0.006460
0.005395
0.003700
0.002108
0.000710
-0.000901
-0.002290
-0.004106
-0.005441
-0.006490
-0.007487
-0.008303
-0.008641
-0.008745
-0.008589
-0.007937
-0.007104
-0.006242
-0.004974
-0.003218
-0.001976
-0.000140
0.001418
0.003323
0.005371
0.006748
0.008310
0.009373
0.010078
0.010433
0.010336
0.009961
0.009000
0.008026
0.006631
0.004984
0.002857
0.001226
-0.000313
-0.002243
-0.004083
-0.006042
-0.007246
-0.008609
-0.009448
-0.010049
-0.010160
-0.009968
-0.009556
-0.008501
-0.007307
-0.006165
-0.004127
-0.002325
-0.000432
0.001066
0.002976
0.004797
0.006231
0.007903
0.008914
0.009885
0.010352
0.010449
0.010147
0.009321
0.008439
0.006872
0.005532
0.003480
0.001894
0.000018
-0.001971
-0.003776
-0.005228
-0.006781
-0.008259
-0.009195
-0.009840
-0.010195
-0.010082
-0.009623
-0.008834
-0.007976
-0.006628
-0.004695
-0.003299
-0.001473
0.000122
0.002346
0.004205
0.005687
0.007442
0.008544
0.009638
0.010237
0.010453
0.010301
0.009731
0.008642
0.007362
0.006084
0.004090
0.002222
0.000576
-0.000962
-0.003223
-0.004932
-0.006289
-0.007875
-0.008910
-0.009630
-0.010151
-0.010148
-0.009814
-0.009246
-0.008361
-0.006850
-0.005585
-0.003924
-0.001701
0.000006
0.001896
0.004476
0.006217
0.008378
0.009706
0.011109
0.011918
0.012273
0.012180
0.011474
0.010617
0.008982
0.007535
0.005568
0.003413
0.000799
-0.001077
-0.002883
-0.005016
-0.006960
-0.008905
-0.010194
-0.011225
-0.011712
-0.011889
-0.011642
-0.010883
-0.009796
-0.008622
-0.007001
-0.004579
-0.002914
-0.000736
0.001139
0.003390
0.005538
0.007793
0.009448
0.010769
0.011687
0.012205
0.012216
0.011735
0.010814
0.009740
0.007837
0.005919
0.003799
0.001911
-0.000269
-0.002538
-0.004689
-0.006340
-0.008120
-0.009825
-0.010895
-0.011656
-0.011867
-0.011856
-0.011165
-0.010365
-0.008877
-0.007536
-0.005705
-0.003184
-0.000987
0.000732
0.002647
0.004839
0.007176
0.008670
0.010351
0.011439
0.012091
0.012272
0.012040
0.011169
0.009979
0.008707
0.006583
0.004871
0.002694
0.000037
-0.001391
-0.004001
-0.005691
-0.007859
-0.009151
-0.010580
-0.011462
-0.011812
-0.011939
-0.011475
-0.010707
-0.009354
-0.008145
-0.006336
-0.004363
-0.001728
-0.000163
0.002976
0.005526
0.007592
0.010102
0.011906
0.013306
0.014181
0.014551
0.014371
0.013446
0.012429
0.010739
0.008625
0.005839
0.003255
0.001039
-0.001074
-0.004244
-0.006642
-0.008827
-0.010688
-0.012178
-0.013179
-0.013950
-0.013967
-0.013633
-0.012675
-0.011348
-0.009947
-0.007945
-0.005670
-0.002584
0.000039
0.002044
0.004278
0.007165
0.009443
0.011359
0.012873
0.013952
0.014495
0.014421
0.013777
0.012848
0.011000
0.009351
0.006663
0.004560
0.001472
-0.000692
-0.003345
-0.005400
-0.008155
-0.010109
-0.011722
-0.012929
-0.013697
-0.013977
-0.013764
-0.013242
-0.012057
-0.010536
-0.008746
-0.005889
-0.003436
-0.000842
0.000734
0.003809
0.005978
0.008702
0.010461
0.012438
0.013631
0.014358
0.014554
0.014054
0.013305
0.011864
0.009689
0.007903
0.004995
0.002792
0.000138
-0.002471
-0.005038
-0.006985
-0.009139
-0.011236
-0.012571
-0.013464
-0.013936
-0.013902
-0.013323
-0.012549
-0.011085
-0.008968
-0.007216
-0.004861
-0.001717
0.000659
0.003833
0.006446
0.009777
0.011941
0.014462
0.015998
0.017012
0.017362
0.017101
0.016099
0.014214
0.012507
0.009912
0.006521
0.003995
0.000721
-0.001694
-0.005440
-0.008281
-0.010349
-0.012981
-0.014759
-0.015769
-0.016433
-0.016528
-0.016188
-0.015050
-0.013222
-0.011602
-0.009137
-0.006388
-0.002675
-0.000292
0.002287
0.005903
0.008409
0.011507
0.013774
0.015498
0.016741
0.017338
0.017158
0.016296
0.015185
0.013191
0.010795
0.008073
0.004468
0.001286
-0.001278
-0.003790
-0.006782
-0.009507
-0.012282
-0.014137
-0.015602
-0.016282
-0.016563
-0.016413
-0.015286
-0.013817
-0.012320
-0.010002
-0.007380
-0.003691
-0.000605
0.001224
0.004395
0.007897
0.010249
0.013073
0.015004
0.016410
0.017210
0.017367
0.016655
0.015385
0.013961
0.011713
0.008988
0.006075
0.002355
-0.000219
-0.003384
-0.006406
-0.009165
-0.011138
-0.013675
-0.015083
-0.016086
-0.016688
-0.016420
-0.015902
-0.014364
-0.012910
-0.010336
-0.008256
-0.005424
-0.001646
0.000625
0.004442
0.008775
0.011607
0.015145
0.017597
0.019471
0.020583
0.020959
0.020284
0.019183
0.016770
0.014559
0.011431
0.007276
0.004140
-0.000331
-0.002561
-0.006257
-0.009694
-0.013324
-0.015821
-0.017887
-0.019016
-0.019677
-0.019881
-0.018928
-0.017518
-0.015977
-0.012942
-0.010555
-0.007220
-0.002721
0.000037
0.003862
0.006934
0.011066
0.013700
0.016867
0.018932
0.020293
0.020910
0.020578
0.019684
0.017557
0.015012
0.012625
0.009131
0.004782
0.000952
-0.001289
-0.005852
-0.009314
-0.011774
-0.015007
-0.017165
-0.018582
-0.019530
-0.019960
-0.019263
-0.018395
-0.016579
-0.013845
-0.011563
-0.008347
-0.004869
-0.001158
0.001901
0.006358
0.009332
0.013184
0.015590
0.018316
0.019934
0.020777
0.020874
0.019905
0.018583
0.015921
0.013566
0.009664
0.006679
0.002850
-0.000006
-0.004677
-0.008197
-0.010761
-0.014199
-0.016517
-0.018223
-0.019503
-0.019741
-0.019728
-0.018529
-0.017316
-0.015144
-0.012539
-0.009443
-0.005134
-0.002421
0.002146
0.005908
0.011134
0.015176
0.018770
0.021763
0.023914
0.025205
0.025448
0.024511
0.023118
0.020459
0.016468
0.013379
0.008878
0.003489
-0.000157
-0.004785
-0.009177
-0.012254
-0.016533
-0.019472
-0.021610
-0.023038
-0.023998
-0.023580
-0.022605
-0.021103
-0.018285
-0.015139
-0.012271
-0.008188
-0.002690
-0.000248
0.005221
0.008911
0.013849
0.017050
0.020863
0.023301
0.024909
0.025438
0.025111
0.023401
0.021519
0.018324
0.014723
0.009578
0.005804
0.000382
-0.003262
-0.006756
-0.010957
-0.015468
-0.018577
-0.021161
-0.022631
-0.023856
-0.023703
-0.023102
-0.021482
-0.019751
-0.016878
-0.013504
-0.009561
-0.004164
-0.000838
0.003686
0.008093
0.012470
0.015821
0.019827
0.022589
0.024481
0.025423
0.025254
0.024008
0.021865
0.019430
0.015898
0.011886
0.006571
0.001937
-0.001716
-0.005285
-0.009602
-0.014324
-0.017634
-0.020254
-0.022089
-0.023317
-0.024052
-0.023372
-0.022274
-0.020033
-0.017310
-0.014732
-0.010974
-0.006787
-0.001200
0.003045
0.007888
0.014148
0.018399
0.023549
0.027175
0.029797
0.031203
0.031241
0.030249
0.027483
0.023932
0.020519
0.015568
0.008933
0.003259
-0.001147
-0.005527
-0.010835
-0.016723
-0.020844
-0.024120
-0.026550
-0.028512
-0.028764
-0.028502
-0.027627
-0.025258
-0.022367
-0.017845
-0.014356
-0.009432
-0.004010
0.000366
0.006818
0.011558
0.016767
0.022189
0.026083
0.028947
0.030860
0.031417
0.030547
0.028829
0.025213
0.021820
0.017280
0.011760
0.005160
0.000290
-0.005027
-0.009111
-0.015317
-0.019580
-0.023126
-0.026168
-0.027751
-0.028633
-0.028669
-0.027756
-0.026284
-0.022890
-0.020071
-0.015893
-0.010993
-0.004341
-0.000337
0.004933
0.009742
0.015091
0.020747
0.024915
0.028109
0.030366
0.031243
0.031105
0.029263
0.026922
0.022523
0.018955
0.013602
0.007051
0.002449
-0.003142
-0.007342
-0.013720
-0.018239
-0.022201
-0.025068
-0.027180
-0.028437
-0.028738
-0.028216
-0.026734
-0.023936
-0.021234
-0.017318
-0.012766
-0.006106
-0.000728
0.003627
0.011518
0.017335
0.024553
0.030078
0.034532
0.037505
0.038828
0.039132
0.037116
0.033682
0.029797
0.024543
0.018180
0.010880
0.003671
-0.001197
-0.008055
-0.015982
-0.021494
-0.026433
-0.030514
-0.033005
-0.034631
-0.035193
-0.035271
-0.033002
-0.030034
-0.026081
-0.022312
-0.016940
-0.010668
-0.002240
0.002593
0.008282
0.016085
0.021585
0.028378
0.033104
0.036423
0.038528
0.039114
0.038159
0.034988
0.031420
0.026430
0.020079
0.012064
0.006086
-0.000508
-0.005813
-0.013926
-0.019749
-0.025014
-0.029028
-0.032623
-0.034166
-0.035762
-0.034991
-0.034341
-0.031143
-0.028180
-0.022908
-0.018792
-0.012952
-0.006312
0.000267
0.005963
0.014104
0.020567
0.026428
0.031651
0.035465
0.037959
0.039362
0.038515
0.036518
0.032273
0.028016
0.022489
0.015598
0.007396
0.001277
-0.003519
-0.011787
-0.017906
-0.023170
-0.027759
-0.031198
-0.033578
-0.035551
-0.035171
-0.034266
-0.032122
-0.028821
-0.025445
-0.020627
-0.015106
-0.008535
-0.001749
0.006502
0.014351
0.024206
0.032111
0.038709
0.044264
0.047616
0.049888
0.049027
0.046818
0.041744
0.036731
0.029079
0.020866
0.010390
0.001461
-0.005119
-0.013620
-0.021380
-0.028294
-0.034152
-0.038234
-0.041152
-0.042851
-0.044412
-0.042512
-0.041079
-0.036600
-0.031562
-0.026811
-0.020029
-0.012630
-0.001709
0.003565
0.011460
0.020054
0.029353
0.036397
0.042383
0.046974
0.048918
0.049903
0.047677
0.044158
0.038804
0.031651
0.024062
0.014730
0.004433
-0.000402
-0.010860
-0.019193
-0.025898
-0.032101
-0.037326
-0.040216
-0.043398
-0.043305
-0.043931
-0.041263
-0.037998
-0.034410
-0.028838
-0.022375
-0.014841
-0.004453
0.000641
0.009445
0.018233
0.026687
0.034459
0.040629
0.045681
0.048876
0.049414
0.048854
0.045213
0.039855
0.034411
0.026405
0.017729
0.008621
0.000242
-0.006191
-0.016659
-0.023710
-0.030262
-0.035819
-0.039422
-0.041866
-0.044034
-0.043243
-0.042793
-0.039442
-0.035058
-0.030855
-0.024746
-0.017739
-0.009546
0.001071
0.008474
0.019638
0.032113
0.041820
0.051008
0.057976
0.062294
0.064780
0.063296
0.059617
0.053422
0.044958
0.035040
0.024178
0.010620
0.000114
-0.009715
-0.019962
-0.029008
-0.037314
-0.044643
-0.048883
-0.052290
-0.055111
-0.055104
-0.054029
-0.049931
-0.045059
-0.039994
-0.032862
-0.024304
-0.014117
-0.003516
0.004741
0.016791
0.028042
0.038682
0.048178
0.056272
0.061179
0.064294
0.064747
0.061928
0.055992
0.048023
0.039043
0.027641
0.014433
0.004004
-0.003207
-0.016845
-0.026079
-0.034771
-0.042262
-0.048288
-0.052193
-0.054505
-0.055775
-0.054060
-0.052016
-0.047259
-0.040869
-0.035210
-0.027268
-0.018083
-0.007125
0.001044
0.012199
0.023300
0.035818
0.044819
0.053593
0.060067
0.063887
0.064475
0.062143
0.058704
0.051739
0.041851
0.031413
0.018248
0.006798
-0.001461
-0.012558
-0.022875
-0.031663
-0.039938
-0.045724
-0.050142
-0.054216
-0.055273
-0.055315
-0.052360
-0.048487
-0.043958
-0.038238
-0.029874
-0.020592
-0.011317
0.000146
0.012825
0.029351
0.043173
0.056102
0.069063
0.077970
0.083907
0.086260
0.083217
0.078737
0.068789
0.056289
0.043301
0.026611
0.012502
0.001272
-0.016437
-0.029438
-0.041471
-0.050191
-0.057417
-0.062861
-0.068475
-0.069907
-0.070428
-0.068083
-0.062541
-0.056039
-0.049582
-0.040488
-0.029029
-0.017643
-0.003765
0.007878
0.022336
0.037970
0.052567
0.064826
0.074918
0.082231
0.085639
0.084993
0.079557
0.071656
0.061411
0.047125
0.033496
0.015990
-0.000033
-0.010326
-0.024067
-0.036933
-0.047058
-0.055468
-0.062393
-0.067410
-0.069851
-0.070476
-0.069093
-0.064256
-0.059492
-0.053082
-0.044455
-0.032934
-0.020739
-0.008235
0.005227
0.017847
0.034446
0.047502
0.061869
0.072021
0.080111
0.085116
0.085713
0.081660
0.074799
0.065042
0.051820
0.038474
0.021301
0.007487
-0.006854
-0.021042
-0.032522
-0.044762
-0.052980
-0.059774
-0.066200
-0.069186
-0.070628
-0.069755
-0.066946
-0.060608
-0.054862
-0.046702
-0.036675
-0.025916
-0.011941
0.000435
0.018709
0.040303
0.058999
0.078983
0.093506
0.096756
0.101084
0.101810
0.098940
0.092559
0.088357
0.072312
0.050676
0.027343
0.010152
-0.006256
-0.027977
-0.042001
-0.056593
-0.070548
-0.079504
-0.085971
-0.089578
-0.091024
-0.090616
-0.085953
-0.080766
-0.074240
-0.062674
-0.052360
-0.038009
-0.019310
-0.004064
0.012314
0.034083
0.053577
0.070653
0.085733
0.094537
0.100028
0.101971
0.100294
0.095069
0.086477
0.074819
0.059941
0.037320
0.013856
0.000297
-0.021933
-0.036584
-0.051968
-0.066969
-0.075541
-0.084044
-0.088405
-0.091095
-0.090407
-0.087405
-0.082990
-0.077061
-0.066114
-0.054719
-0.040957
-0.027524
-0.010141
0.008783
0.025138
0.046715
0.067623
0.082071
0.091979
0.098584
0.101717
0.101254
0.097201
0.089696
0.079027
0.066263
0.044049
0.020593
0.003474
-0.015679
-0.030930
-0.047073
-0.063093
-0.073976
-0.081026
-0.086906
-0.090509
-0.091443
-0.089963
-0.084170
-0.078313
-0.071175
-0.058875
-0.047712
-0.030518
-0.016079
0.002612
