0.504447
0.502622
0.500783
0.502221
0.503947
0.500663
0.502541
0.504305
0.500803
0.504248
0.502469
0.502503
0.500798
0.502466
0.504253
0.500758
0.504231
0.502427
0.500762
0.504290
0.500613
0.503876
0.500625
0.504373
0.500895
0.504389
0.500848
0.504287
0.502458
0.500649
0.504141
0.500814
0.504327
0.502490
0.500768
0.504272
0.500837
0.504290
0.500792
0.502482
0.504243
0.500751
0.504207
0.502487
0.500815
0.504170
0.502199
0.500597
0.502529
0.502582
0.504402
0.502616
0.500890
0.504247
0.500686
0.504131
0.500753
0.504296
0.500804
0.502476
0.504255
0.500802
0.502498
0.504290
0.502505
0.500769
0.504238
0.500801
0.504296
0.500786
0.504141
0.500662
0.504247
0.500900
0.504418
0.500963
0.504378
0.502539
0.500606
0.503940
0.502244
0.502434
0.500777
0.504203
0.500758
0.504272
0.500837
0.504290
0.500798
0.502507
0.504269
0.500770
0.502475
0.502504
0.504301
0.502431
0.502199
0.502264
0.500849
0.502626
0.758051
0.757036
0.756241
0.756693
0.757882
0.755703
0.757106
0.757783
0.756166
0.757873
0.756687
0.756866
0.756123
0.756702
0.757997
0.755919
0.757677
0.756882
0.756038
0.758068
0.755927
0.757575
0.756099
0.757748
0.756093
0.758210
0.755931
0.758137
0.756724
0.755856
0.757985
0.755796
0.758076
0.756899
0.755786
0.757987
0.755746
0.758008
0.755774
0.757024
0.757814
0.755786
0.758028
0.756919
0.755796
0.757754
0.756701
0.755940
0.757157
0.756874
0.758220
0.757034
0.755882
0.757838
0.756033
0.757681
0.756172
0.757715
0.755957
0.757072
0.757659
0.756124
0.756722
0.758021
0.756847
0.755912
0.757685
0.756150
0.757733
0.755924
0.757933
0.755843
0.757836
0.755882
0.758165
0.755965
0.757994
0.757144
0.755749
0.757875
0.756621
0.756852
0.755956
0.758027
0.755786
0.757984
0.755750
0.757837
0.755949
0.756849
0.757984
0.755974
0.756739
0.756947
0.758036
0.756627
0.756700
0.757035
0.755883
0.757037
1.000065
1.000023
0.999829
0.999896
0.999975
0.999854
0.999755
0.999814
0.999847
0.999909
0.999866
0.999784
0.999949
0.999903
0.999756
0.999906
0.999920
0.999834
0.999810
0.999790
0.999939
1.000015
0.999909
0.999791
1.000050
1.000068
1.000042
0.999810
0.999956
1.000006
0.999862
0.999791
0.999822
0.999861
0.999947
0.999935
0.999785
0.999939
0.999929
0.999830
0.999923
0.999929
0.999850
0.999791
0.999770
0.999841
1.000007
0.999872
0.999812
1.000036
1.000083
1.000057
0.999794
0.999885
0.999940
0.999837
0.999775
0.999825
0.999844
0.999901
0.999888
0.999807
0.999913
0.999930
0.999827
0.999923
0.999918
0.999823
0.999821
0.999769
0.999920
1.000007
0.999871
0.999811
1.000060
1.000076
1.000052
0.999829
0.999911
1.000021
0.999888
0.999822
0.999838
0.999871
0.999940
0.999907
0.999813
0.999915
0.999935
0.999811
0.999904
0.999940
0.999874
0.999849
0.999809
0.999865
0.999962
0.999851
0.999775
1.000057
0.999703
0.999704
0.999613
0.999658
0.999730
0.999656
0.999629
0.999579
0.999623
0.999700
0.999709
0.999643
0.999635
0.999666
0.999686
0.999754
0.999775
0.999685
0.999606
0.999635
0.999649
0.999699
0.999606
0.999589
0.999692
0.999699
0.999677
0.999605
0.999615
0.999697
0.999623
0.999615
0.999580
0.999608
0.999694
0.999705
0.999649
0.999648
0.999641
0.999654
0.999719
0.999741
0.999644
0.999564
0.999607
0.999583
0.999723
0.999654
0.999594
0.999684
0.999675
0.999661
0.999555
0.999641
0.999734
0.999622
0.999644
0.999612
0.999657
0.999746
0.999735
0.999643
0.999653
0.999631
0.999631
0.999718
0.999752
0.999690
0.999619
0.999686
0.999601
0.999704
0.999632
0.999550
0.999690
0.999698
0.999693
0.999585
0.999638
0.999717
0.999647
0.999671
0.999650
0.999653
0.999722
0.999742
0.999698
0.999660
0.999654
0.999682
0.999744
0.999751
0.999669
0.999648
0.999694
0.999718
0.999783
0.999678
0.999592
0.999668
0.999874
0.999794
0.999795
0.999933
0.999973
0.999988
1.000002
1.000035
0.999965
0.999912
0.999951
1.000032
0.999847
0.999969
1.000031
0.999786
0.999935
0.999966
1.000028
1.000024
0.999890
0.999934
0.999955
0.999827
0.999777
0.999881
0.999803
0.999845
0.999944
0.999940
0.999900
1.000030
1.000071
0.999985
0.999965
0.999804
1.000013
0.999876
0.999916
1.000037
0.999864
0.999950
0.999975
1.000068
1.000001
0.999837
0.999934
0.999985
0.999830
0.999833
0.999884
0.999818
0.999843
0.999933
0.999916
0.999930
1.000095
1.000077
1.000007
0.999951
0.999813
1.000026
0.999952
0.999895
1.000038
0.999864
0.999961
0.999952
1.000042
1.000038
0.999935
0.999905
0.999931
0.999821
0.999789
0.999866
0.999800
0.999825
0.999888
0.999930
1.000009
1.000021
1.000063
0.999954
0.999947
0.999913
1.000023
0.999930
0.999911
1.000012
0.999893
0.999943
0.999952
1.000042
1.000053
0.999946
0.999930
0.999950
0.999866
0.999828
0.999924
0.999925
1.000090
1.000044
0.999947
0.999950
1.000089
1.000096
0.999909
0.999819
1.000107
1.000074
0.999916
0.999962
1.000075
1.000059
0.999889
0.999924
1.000065
1.000103
0.999926
0.999923
1.000046
1.000087
0.999946
0.999897
0.999946
1.000097
1.000088
0.999899
0.999937
1.000075
1.000066
0.999914
0.999854
1.000067
1.000074
0.999945
0.999936
1.000032
1.000074
0.999874
0.999929
1.000066
1.000036
0.999932
0.999998
1.000079
1.000032
0.999924
0.999939
0.999902
1.000053
1.000146
0.999925
0.999911
1.000071
1.000082
0.999944
0.999806
1.000060
1.000062
0.999929
0.999928
1.000063
1.000091
0.999861
0.999889
1.000099
1.000074
0.999914
0.999944
1.000081
1.000070
0.999951
0.999899
0.999946
1.000088
1.000023
0.999966
0.999944
1.000042
1.000083
0.999910
0.999824
1.000102
1.000054
0.999931
0.999940
1.000051
1.000100
0.999809
0.999923
1.000079
1.000097
0.999936
0.999945
1.000108
1.000065
0.999902
0.999663
0.999652
0.999751
0.999643
0.999533
0.999522
0.999582
0.999551
0.999604
0.999620
0.999664
0.999613
0.999538
0.999523
0.999552
0.999645
0.999639
0.999584
0.999518
0.999647
0.999607
0.999570
0.999627
0.999747
0.999599
0.999650
0.999641
0.999755
0.999732
0.999670
0.999713
0.999648
0.999498
0.999555
0.999621
0.999698
0.999619
0.999563
0.999535
0.999602
0.999702
0.999619
0.999523
0.999511
0.999639
0.999671
0.999638
0.999637
0.999748
0.999671
0.999653
0.999619
0.999745
0.999678
0.999529
0.999622
0.999628
0.999539
0.999532
0.999662
0.999762
0.999627
0.999494
0.999508
0.999577
0.999702
0.999641
0.999582
0.999567
0.999612
0.999587
0.999518
0.999626
0.999740
0.999620
0.999682
0.999663
0.999752
0.999664
0.999590
0.999625
0.999589
0.999519
0.999551
0.999659
0.999721
0.999601
0.999542
0.999545
0.999601
0.999721
0.999659
0.999543
0.999519
0.999595
0.999597
0.999595
0.999660
0.999730
0.999637
0.999764
0.999752
0.999655
0.999646
0.999733
0.999747
0.999646
0.999708
0.999705
0.999683
0.999705
0.999798
0.999702
0.999719
0.999801
0.999675
0.999664
0.999682
0.999680
0.999657
0.999774
0.999758
0.999671
0.999635
0.999730
0.999809
0.999791
0.999617
0.999633
0.999780
0.999745
0.999557
0.999689
0.999682
0.999644
0.999689
0.999779
0.999661
0.999720
0.999814
0.999719
0.999672
0.999676
0.999671
0.999613
0.999751
0.999777
0.999628
0.999673
0.999734
0.999725
0.999749
0.999610
0.999637
0.999805
0.999804
0.999617
0.999706
0.999684
0.999672
0.999693
0.999801
0.999727
0.999708
0.999766
0.999679
0.999663
0.999693
0.999698
0.999639
0.999744
0.999711
0.999589
0.999632
0.999732
0.999758
0.999757
0.999658
0.999629
0.999699
0.999709
0.999633
0.999679
0.999663
0.999647
0.999649
0.999748
0.999677
0.999695
0.999755
0.999655
0.999650
0.999664
0.999674
0.999689
0.999866
0.999816
0.999614
0.999648
0.999745
1.000008
1.000066
0.999997
0.999879
0.999910
1.000102
1.000009
0.999960
0.999949
0.999938
1.000013
0.999988
0.999970
0.999931
0.999956
1.000039
0.999948
0.999937
1.000002
0.999982
1.000042
0.999912
0.999902
0.999966
1.000027
0.999967
0.999934
1.000062
0.999938
0.999895
0.999993
1.000002
1.000005
0.999970
0.999945
0.999990
0.999982
0.999955
0.999982
0.999999
1.000012
0.999936
0.999943
0.999991
1.000039
1.000017
0.999947
0.999951
0.999932
0.999981
1.000021
0.999998
0.999961
0.999983
0.999965
0.999984
0.999973
1.000038
0.999967
0.999935
0.999982
0.999986
0.999992
0.999996
0.999959
0.999966
0.999973
0.999944
1.000003
1.000029
1.000074
0.999873
0.999954
1.000039
0.999933
0.999963
0.999975
1.000019
0.999932
0.999878
1.000044
1.000056
0.999993
0.999943
0.999973
1.000004
0.999921
0.999970
0.999993
0.999937
1.000005
0.999978
0.999944
1.000020
0.999968
0.999996
0.999945
1.000000
1.000002
0.999866
1.000052
1.000042
1.000019
0.999940
0.999906
1.000087
1.000027
0.999971
1.000030
0.999931
0.999968
0.999945
1.000032
1.000015
0.999964
0.999980
0.999993
1.000015
1.000019
1.000051
1.000032
0.999891
0.999962
0.999948
0.999997
1.000070
0.999911
1.000085
0.999951
0.999875
1.000044
1.000051
1.000020
1.000026
0.999945
0.999962
0.999965
1.000024
1.000005
0.999945
0.999969
0.999967
1.000013
0.999985
1.000039
1.000043
0.999898
0.999962
0.999967
0.999956
1.000138
0.999974
0.999988
1.000020
0.999955
0.999996
1.000006
1.000077
1.000047
0.999928
0.999989
0.999978
0.999989
1.000029
0.999947
0.999969
0.999982
1.000041
0.999981
1.000022
1.000032
0.999933
1.000004
1.000030
0.999947
1.000030
0.999926
0.999992
0.999936
0.999898
1.000035
1.000040
0.999981
1.000045
0.999986
0.999967
0.999931
1.000015
1.000040
0.999904
0.999961
0.999951
1.000002
1.000076
1.000008
1.000002
0.999953
0.999995
0.999992
0.999854
1.000071
0.999956
1.000005
1.000019
0.999946
1.000076
0.999969
0.999950
1.000072
1.000015
0.999883
0.999988
1.000037
1.000031
0.999994
0.999908
1.000016
1.000057
1.000004
1.000010
1.000049
0.999940
1.000009
0.999961
0.999918
0.999976
0.999959
1.000016
0.999973
0.999912
1.000059
1.000016
0.999998
1.000014
1.000008
0.999920
0.999997
1.000040
1.000020
0.999974
0.999902
1.000017
1.000059
0.999944
0.999915
1.000077
0.999954
1.000026
1.000003
0.999972
0.999938
0.999873
0.999917
1.000025
0.999979
1.000011
0.999932
1.000053
1.000049
0.999968
0.999959
0.999972
1.000023
1.000023
0.999979
0.999924
1.000009
1.000068
1.000001
0.999967
1.000020
1.000001
0.999986
0.999976
0.999947
1.000060
0.999901
0.999966
1.000004
0.999961
1.000051
0.999955
1.000000
1.000098
1.000011
0.999917
0.999972
1.000036
1.000044
0.999973
0.999912
1.000026
1.000012
1.000059
0.999940
1.000028
0.999991
1.000022
0.999939
0.999887
1.000013
0.999954
0.999913
0.999978
0.999837
0.999834
0.999871
0.999682
0.999913
0.999987
0.999935
0.999930
1.000050
1.000054
0.999904
0.999926
0.999955
0.999886
0.999755
0.999912
0.999867
0.999864
1.000007
0.999843
0.999926
1.000082
0.999963
0.999927
0.999972
0.999818
0.999897
0.999967
0.999837
0.999914
1.000016
0.999933
0.999950
1.000068
1.000035
0.999945
0.999938
0.999990
0.999955
0.999675
0.999823
0.999833
0.999895
1.000018
0.999787
0.999988
1.000066
0.999982
0.999738
0.999999
0.999886
0.999892
0.999994
0.999757
0.999870
0.999979
0.999944
0.999932
1.000071
1.000045
0.999949
0.999915
0.999974
0.999939
0.999860
0.999955
0.999870
0.999861
1.000004
0.999909
0.999969
1.000022
0.999945
0.999802
0.999999
0.999865
0.999879
0.999861
0.999709
0.999917
0.999982
0.999937
0.999925
1.000070
1.000054
0.999931
0.999919
0.999992
0.999884
0.999734
0.999886
0.999885
0.999852
1.000028
0.999783
0.999945
1.000020
0.999942
0.999682
0.999751
0.999882
0.999933
1.000038
0.999814
0.999778
0.999919
0.999894
0.999814
0.999858
0.999812
0.999738
0.999909
0.999959
0.999845
0.999813
1.000031
0.999890
0.999834
0.999709
0.999725
1.000009
1.000065
0.999930
0.999659
0.999742
0.999854
0.999864
0.999986
0.999768
0.999874
0.999961
0.999879
0.999761
0.999845
0.999841
0.999776
0.999899
0.999939
0.999777
0.999698
1.000018
0.999952
0.999744
0.999521
0.999691
0.999982
1.000054
0.999967
0.999747
0.999698
0.999819
0.999850
0.999986
0.999805
0.999858
0.999990
0.999925
0.999826
0.999864
0.999828
0.999771
0.999875
0.999925
0.999788
0.999732
1.000053
0.999904
0.999850
0.999723
0.999701
0.999949
1.000020
1.000009
0.999814
0.999738
0.999841
0.999889
0.999945
0.999850
0.999899
1.000003
0.999908
0.999782
0.999834
0.999822
0.999767
0.999923
0.999965
0.999724
0.999665
0.999999
0.999917
0.999832
0.999721
0.999814
1.000009
0.999976
0.999921
0.999905
0.999885
1.000011
0.999962
0.999874
0.999976
0.999917
0.999997
1.000011
1.000016
0.999876
0.999918
1.000012
0.999978
1.000090
0.999967
0.999946
1.000032
0.999871
0.999962
0.999935
0.999811
0.999848
0.999945
0.999912
0.999907
0.999866
0.999895
0.999894
1.000024
1.000044
1.000049
1.000034
0.999942
1.000020
0.999872
0.999883
1.000018
1.000004
1.000034
0.999927
1.000041
1.000043
0.999819
0.999944
0.999967
0.999845
0.999859
0.999935
0.999902
0.999843
0.999902
1.000016
0.999874
1.000008
1.000104
0.999986
0.999994
0.999960
1.000006
0.999921
0.999924
0.999997
0.999979
1.000009
0.999920
0.999968
0.999888
0.999956
0.999921
0.999894
0.999849
0.999916
0.999976
0.999926
0.999808
0.999927
0.999976
0.999866
1.000010
1.000058
1.000016
0.999991
0.999952
1.000020
0.999915
0.999927
1.000039
0.999941
1.000010
0.999938
1.000008
0.999987
0.999857
0.999897
0.999902
0.999863
0.999918
0.999908
0.999853
1.000025
0.999906
0.999771
0.999751
0.999786
1.000025
0.999982
0.999953
1.000011
0.999990
0.999928
0.999907
0.999991
1.000025
0.999920
1.000016
0.999867
0.999674
0.999765
0.999822
1.000026
1.000028
0.999867
0.999907
0.999845
1.000073
1.000042
0.999781
0.999751
0.999711
0.999788
0.999947
0.999943
0.999971
0.999990
0.999935
0.999930
0.999990
1.000008
0.999908
0.999943
0.999826
0.999605
0.999725
0.999837
1.000044
1.000027
0.999892
0.999902
0.999861
1.000024
0.999904
0.999771
0.999767
0.999656
0.999847
0.999934
0.999939
0.999989
0.999963
0.999872
0.999926
1.000021
1.000015
0.999948
1.000003
1.000031
0.999766
0.999767
0.999802
0.999974
1.000099
0.999898
0.999895
0.999902
0.999976
1.000008
0.999786
0.999743
0.999673
0.999855
0.999936
0.999937
1.000003
1.000007
0.999918
0.999901
0.999998
0.999938
0.999949
1.000024
0.999965
0.999743
0.999742
0.999798
1.000033
1.000010
0.999852
0.999846
0.999861
0.999870
0.999678
0.999690
0.999791
0.999738
0.999693
0.999659
0.999813
0.999736
0.999895
0.999978
0.999988
0.999853
0.999713
0.999885
0.999777
0.999642
0.999722
0.999784
0.999772
0.999713
0.999937
0.999868
0.999856
0.999872
0.999910
0.999737
0.999839
0.999788
0.999631
0.999639
0.999755
0.999884
0.999824
0.999896
0.999958
0.999987
0.999885
0.999737
0.999863
0.999771
0.999637
0.999734
0.999795
0.999803
0.999748
0.999821
0.999797
0.999856
0.999891
0.999903
0.999678
0.999676
0.999758
0.999692
0.999598
0.999753
0.999955
0.999765
0.999852
0.999966
0.999990
0.999908
0.999857
0.999935
0.999683
0.999495
0.999639
0.999787
0.999750
0.999635
0.999890
0.999843
0.999846
0.999836
0.999880
0.999771
0.999816
0.999828
0.999711
0.999582
0.999709
0.999872
0.999758
0.999875
0.999972
0.999993
0.999884
0.999715
0.999855
0.999775
0.999726
0.999753
0.999802
0.999807
0.999717
0.999867
0.999862
0.999935
0.999816
0.999641
0.999777
0.999895
0.999949
0.999869
1.000012
0.999903
0.999985
0.999935
0.999888
0.999964
0.999964
0.999888
0.999976
0.999922
0.999741
1.000034
0.999931
0.999879
0.999957
0.999855
0.999653
0.999755
0.999885
0.999786
0.999669
0.999850
0.999965
0.999893
0.999939
0.999958
0.999854
0.999910
0.999864
0.999938
0.999914
0.999967
0.999899
0.999962
1.000009
0.999891
1.000028
0.999953
0.999886
0.999941
0.999800
0.999678
0.999829
0.999917
0.999795
0.999605
0.999779
0.999935
0.999976
0.999911
0.999939
0.999824
0.999857
0.999878
0.999910
0.999907
0.999921
0.999893
0.999842
0.999895
0.999847
0.999959
0.999914
0.999899
0.999922
0.999867
0.999584
0.999733
0.999878
0.999742
0.999625
0.999802
0.999928
0.999911
0.999898
1.000007
0.999864
0.999930
0.999912
0.999926
0.999940
0.999982
0.999899
0.999949
0.999947
0.999874
1.000019
0.999909
0.999937
0.999966
0.999830
0.999645
0.999816
0.999861
0.999835
1.000047
1.000021
0.999935
0.999962
0.999936
0.999980
1.000007
0.999921
1.000029
0.999935
0.999723
0.999725
0.999913
1.000044
0.999814
0.999955
1.000060
0.999990
0.999940
0.999957
1.000015
0.999980
0.999869
0.999995
0.999947
0.999976
1.000031
0.999935
0.999916
1.000075
0.999916
0.999815
0.999938
1.000095
0.999884
0.999767
0.999754
0.999929
1.000019
0.999945
1.000000
0.999953
1.000035
0.999896
0.999925
1.000026
1.000009
0.999944
0.999974
0.999876
1.000023
1.000014
0.999947
1.000007
1.000027
0.999809
0.999967
0.999903
1.000071
0.999918
0.999792
0.999747
0.999853
1.000106
0.999939
0.999815
0.999945
1.000071
0.999889
0.999912
1.000060
0.999974
0.999921
1.000023
0.999880
0.999985
0.999969
0.999976
0.999959
1.000054
1.000032
0.999906
0.999919
0.999996
0.999945
0.999776
0.999768
0.999963
1.000059
0.999961
0.999875
0.999977
1.000033
0.999998
0.999950
0.999990
1.000029
0.999835
0.999887
0.999993
1.000063
0.999973
0.999927
0.999989
0.999981
0.999866
0.999959
1.000048
0.999911
0.999802
0.999964
0.999943
0.999871
0.999951
1.000017
0.999988
0.999716
0.999974
0.999995
0.999960
0.999940
1.000019
0.999936
0.999956
1.000035
0.999993
0.999977
0.999905
1.000010
1.000144
0.999813
0.999846
0.999994
0.999990
0.999866
0.999925
0.999953
0.999887
0.999958
0.999921
0.999945
0.999833
1.000039
0.999960
0.999874
0.999993
1.000012
1.000027
0.999909
0.999962
1.000025
0.999938
0.999925
1.000049
1.000065
0.999966
0.999982
1.000027
0.999968
0.999868
0.999940
0.999913
0.999905
1.000051
0.999982
0.999884
0.999869
1.000076
1.000036
0.999919
0.999986
0.999948
1.000020
0.999921
1.000036
1.000043
0.999954
0.999987
0.999998
0.999972
0.999739
0.999999
0.999961
0.999989
0.999877
0.999944
0.999960
0.999788
0.999925
1.000016
0.999958
0.999787
0.999974
0.999973
0.999984
0.999944
1.000030
1.000019
1.000024
0.999974
0.999997
0.999797
0.999889
1.000014
0.999897
1.000022
0.999889
0.999920
0.999862
1.000023
0.999998
0.999954
0.999997
0.999789
0.999840
0.999822
1.000029
0.999873
1.000001
0.999872
0.999705
0.999935
0.999989
1.000036
0.999945
0.999895
0.999815
0.999880
1.000027
0.999911
1.000010
0.999898
0.999952
0.999857
1.000006
1.000003
0.999976
0.999961
0.999750
0.999898
0.999907
1.000058
0.999895
0.999992
0.999874
0.999879
0.999946
0.999934
1.000035
0.999932
0.999915
0.999853
0.999910
1.000032
0.999823
0.999957
0.999825
0.999889
0.999849
1.000003
1.000014
0.999958
0.999965
0.999742
0.999885
0.999902
0.999946
0.999879
1.000056
0.999897
0.999798
0.999921
0.999970
1.000041
0.999965
0.999938
0.999779
0.999886
1.000013
0.999891
1.000003
0.999824
0.999873
0.999802
1.000002
0.999961
1.000015
1.000018
0.999774
0.999837
0.999824
0.999994
0.999876
1.000007
0.999885
0.999799
0.999943
0.999924
0.999976
0.999781
0.999755
0.999900
0.999857
0.999717
0.999836
1.000062
0.999957
1.000006
0.999950
0.999924
0.999756
0.999780
0.999944
1.000020
0.999948
0.999933
1.000086
0.999788
0.999785
0.999981
0.999869
0.999708
0.999752
0.999927
0.999777
0.999690
0.999881
0.999855
0.999822
0.999799
1.000065
0.999963
1.000008
0.999975
0.999948
0.999775
0.999750
0.999946
0.999977
0.999973
0.999953
1.000047
0.999963
0.999977
0.999990
0.999855
0.999753
0.999783
1.000006
0.999813
0.999767
0.999951
0.999964
0.999865
0.999874
1.000002
0.999955
1.000010
0.999975
0.999948
0.999773
0.999784
0.999937
0.999994
0.999987
0.999963
1.000033
0.999914
0.999979
0.999990
0.999909
0.999724
0.999795
0.999943
0.999753
0.999743
0.999891
0.999949
0.999792
0.999796
1.000060
0.999952
0.999963
1.000018
0.999989
0.999804
0.999817
1.000013
0.999998
0.999982
0.999930
1.000074
0.999841
0.999857
0.999953
0.999888
0.999732
0.999822
1.000026
1.000015
0.999981
0.999967
0.999988
0.999925
1.000004
1.000038
1.000006
0.999993
0.999922
1.000019
1.000051
0.999976
0.999914
1.000003
0.999970
0.999917
1.000044
1.000019
0.999871
1.000055
0.999900
0.999889
0.999983
1.000050
0.999966
0.999928
0.999929
0.999984
0.999900
1.000041
1.000062
0.999967
1.000017
0.999970
0.999923
0.999993
1.000018
0.999989
0.999946
0.999996
0.999967
1.000028
1.000059
0.999940
0.999995
0.999947
0.999907
0.999994
1.000080
0.999992
0.999938
0.999997
0.999976
0.999824
1.000055
0.999968
0.999954
1.000057
0.999946
0.999905
1.000035
1.000002
0.999907
0.999972
1.000017
0.999967
1.000028
1.000052
0.999803
1.000001
0.999867
0.999903
0.999964
1.000075
0.999950
0.999962
0.999958
0.999960
0.999954
1.000004
1.000048
0.999940
0.999979
1.000001
0.999915
0.999984
1.000006
0.999930
0.999993
0.999986
0.999899
1.000047
1.000070
0.999951
0.999994
0.999935
0.999921
0.999952
1.000025
0.999946
0.999869
0.999943
1.000012
1.000004
0.999950
0.999942
0.999880
0.999959
0.999883
1.000033
1.000095
1.000009
1.000001
0.999880
0.999967
0.999902
0.999931
0.999945
0.999995
0.999956
0.999980
0.999846
0.999904
1.000091
0.999912
0.999849
0.999925
0.999939
0.999999
0.999972
0.999981
0.999865
1.000016
0.999918
0.999952
1.000001
1.000065
0.999944
0.999885
1.000001
0.999865
0.999972
0.999972
0.999962
0.999963
0.999975
0.999886
0.999914
1.000086
0.999919
0.999873
0.999951
0.999993
1.000001
1.000000
0.999934
0.999892
1.000020
0.999839
1.000002
1.000071
1.000024
0.999968
0.999864
1.000020
0.999865
0.999972
0.999955
1.000002
0.999969
0.999939
0.999844
0.999904
1.000087
0.999923
0.999866
0.999942
0.999978
1.000004
0.999975
0.999975
0.999905
0.999968
0.999910
0.999993
1.000050
1.000073
0.999995
0.999885
0.999968
0.999898
0.999982
1.000031
1.000021
0.999983
0.999892
0.999825
0.999918
0.999642
0.999582
0.999833
0.999939
0.999813
0.999945
0.999812
0.999942
0.999947
0.999665
0.999864
1.000012
0.999930
0.999832
0.999994
0.999875
0.999561
0.999865
0.999928
0.999834
1.000001
0.999893
1.000011
0.999924
0.999654
0.999687
0.999650
0.999929
0.999974
0.999902
0.999933
0.999845
0.999976
0.999908
0.999734
0.999956
0.999984
0.999942
0.999912
1.000030
0.999936
0.999741
0.999881
0.999961
0.999877
0.999992
0.999834
0.999948
0.999810
0.999549
0.999684
0.999624
0.999852
0.999941
0.999829
0.999955
0.999887
0.999938
0.999905
0.999581
0.999853
1.000045
0.999926
0.999828
0.999965
0.999923
0.999726
0.999876
0.999961
0.999883
0.999962
0.999826
0.999962
0.999922
0.999652
0.999730
0.999654
0.999900
0.999943
0.999817
0.999940
0.999806
0.999899
0.999834
0.999644
0.999923
0.999972
0.999947
0.999951
0.999955
0.999918
0.999761
0.999891
0.999893
0.999765
0.999914
0.999813
0.999915
0.999921
0.999552
0.999547
0.999850
0.999963
0.999831
0.999905
0.999993
0.999969
0.999911
0.999798
0.999551
0.999809
1.000009
0.999887
0.999904
1.000062
0.999844
0.999742
0.999843
0.999800
0.999956
1.000000
0.999917
0.999834
0.999940
0.999884
0.999620
0.999884
0.999954
0.999816
0.999897
0.999999
0.999950
0.999800
0.999799
0.999549
0.999798
0.999966
0.999843
0.999879
1.000017
0.999784
0.999457
0.999857
0.999871
0.999970
0.999996
0.999908
0.999831
0.999964
0.999859
0.999466
0.999856
0.999955
0.999849
0.999883
0.999957
0.999955
0.999828
0.999853
0.999707
0.999834
1.000019
0.999879
0.999923
1.000054
0.999856
0.999543
0.999855
0.999909
0.999980
0.999958
0.999850
0.999827
0.999938
0.999837
0.999453
0.999829
0.999972
0.999903
0.999887
0.999994
0.999996
0.999902
0.999841
0.999610
0.999830
0.999979
0.999842
0.999816
0.999982
0.999862
0.999479
0.999814
0.999907
0.999995
0.999987
0.999886
0.999891
0.999997
0.999946
0.999939
0.999997
1.000035
0.999949
0.999805
0.999898
0.999907
0.999886
0.999962
1.000005
0.999666
0.999914
0.999900
0.999865
0.999887
0.999666
0.999989
0.999942
0.999927
0.999893
0.999886
0.999814
0.999945
1.000052
0.999980
0.999926
1.000001
1.000042
0.999992
0.999875
0.999873
0.999907
0.999949
0.999911
1.000059
0.999716
0.999871
0.999874
0.999886
0.999904
0.999668
0.999987
0.999998
0.999898
0.999940
0.999885
0.999813
0.999945
1.000027
1.000004
0.999966
0.999995
1.000042
0.999993
0.999872
0.999884
0.999913
0.999944
0.999982
1.000011
0.999816
0.999868
0.999865
0.999892
0.999932
0.999888
1.000041
0.999956
0.999885
0.999891
0.999882
0.999781
0.999943
1.000039
0.999988
0.999946
0.999981
1.000033
0.999874
0.999769
0.999875
0.999908
0.999870
0.999968
1.000049
0.999736
0.999945
0.999907
0.999875
0.999883
0.999712
1.000047
0.999945
0.999884
0.999899
0.999884
0.999790
0.999882
1.000059
0.999963
1.000013
0.999977
0.999987
0.999920
0.999981
0.999888
0.999873
0.999898
0.999954
1.000039
1.000032
0.999865
0.999797
0.999895
0.999851
0.999971
1.000021
0.999955
0.999890
0.999860
0.999869
0.999961
0.999931
0.999961
1.000015
0.999995
0.999999
0.999984
0.999926
0.999891
0.999836
0.999879
0.999909
0.999944
1.000064
1.000029
0.999829
0.999860
0.999847
0.999826
0.999982
0.999992
0.999994
0.999963
0.999858
0.999872
0.999965
0.999952
0.999976
0.999986
1.000011
1.000002
0.999984
0.999923
0.999926
0.999895
0.999886
0.999898
0.999959
1.000027
0.999969
0.999926
0.999897
0.999808
0.999787
0.999838
1.000027
0.999944
0.999893
0.999872
0.999884
1.000022
0.999945
0.999960
0.999983
0.999983
0.999983
0.999964
0.999941
1.000017
0.999891
0.999846
0.999947
0.999906
0.999984
0.999976
0.999812
0.999806
0.999893
0.999924
1.000048
1.000034
0.999949
0.999901
0.999873
0.999845
0.999949
0.999918
0.999985
1.000012
0.999853
0.999711
0.999901
0.999908
0.999989
1.000045
1.000012
0.999969
0.999747
0.999663
0.999797
0.999723
0.999946
0.999958
0.999727
0.999863
0.999743
0.999660
0.999929
1.000027
1.000025
0.999955
0.999933
0.999828
0.999575
0.999918
0.999729
0.999915
0.999907
0.999990
1.000044
1.000001
0.999930
0.999654
0.999671
0.999842
0.999801
1.000013
0.999999
0.999798
0.999883
0.999734
0.999641
0.999903
0.999997
1.000027
0.999973
0.999950
0.999931
0.999698
0.999960
0.999722
0.999909
0.999915
1.000000
1.000035
1.000003
0.999925
0.999671
0.999674
0.999809
0.999659
0.999952
0.999982
0.999799
0.999888
0.999756
0.999748
0.999937
0.999996
1.000000
1.000035
0.999871
0.999896
0.999717
0.999979
0.999709
0.999853
0.999859
1.000029
0.999990
1.000018
0.999955
0.999706
0.999743
0.999864
0.999738
0.999947
0.999959
0.999659
0.999805
0.999670
0.999654
0.999930
1.000009
1.000034
0.999982
0.999914
0.999900
0.999604
0.999754
0.999904
0.999847
0.999824
0.999990
1.000042
1.000025
0.999958
0.999934
0.999940
1.000030
0.999984
0.999899
0.999998
1.000038
1.000006
0.999864
0.999963
0.999971
1.000031
1.000038
0.999999
0.999897
0.999824
0.999749
0.999499
0.999725
0.999754
0.999819
0.999966
1.000045
1.000015
0.999961
0.999972
0.999931
0.999984
0.999963
0.999977
0.999967
0.999962
0.999967
0.999880
0.999975
0.999970
1.000027
1.000025
0.999993
0.999844
0.999850
0.999904
0.999562
0.999653
0.999737
0.999859
0.999995
1.000025
1.000023
0.999987
0.999957
0.999975
1.000017
1.000011
0.999964
0.999949
0.999972
0.999958
0.999929
0.999953
0.999994
1.000001
1.000017
1.000005
0.999912
0.999865
0.999789
0.999610
0.999905
0.999885
0.999917
0.999991
1.000018
1.000023
0.999987
0.999960
0.999858
0.999984
0.999996
0.999934
0.999958
1.000011
1.000002
0.999935
0.999972
0.999963
1.000027
1.000032
0.999976
0.999809
0.999837
0.999956
0.999958
1.000001
0.999942
0.999941
0.999963
0.999888
1.000003
0.999922
0.999953
0.999999
1.000019
1.000011
0.999857
0.999769
1.000014
0.999992
1.000026
0.999994
0.999899
0.999983
0.999872
0.999950
0.999967
1.000024
1.000003
0.999926
0.999963
0.999978
0.999990
0.999955
0.999877
0.999983
0.999920
0.999951
1.000008
1.000008
1.000019
0.999788
0.999814
1.000012
1.000015
1.000005
0.999953
0.999920
1.000009
0.999922
0.999938
0.999970
0.999940
1.000034
0.999973
1.000002
0.999989
0.999974
0.999938
0.999909
1.000000
0.999906
0.999975
1.000024
1.000009
1.000006
0.999847
0.999863
1.000024
1.000018
0.999982
0.999921
0.999921
0.999977
0.999875
0.999930
0.999974
0.999968
0.999895
0.999909
1.000042
0.999944
0.999936
0.999957
0.999922
1.000007
0.999894
0.999945
0.999980
1.000012
1.000023
0.999809
0.999821
1.000020
1.000007
1.000001
0.999952
0.999922
1.000000
0.999904
0.999946
0.999974
0.999941
1.000036
1.000010
0.999962
0.999978
0.999986
1.000026
0.999883
0.999741
0.999873
0.999836
0.999968
1.000003
0.999954
0.999945
0.999990
0.999994
0.999961
1.000009
0.999701
0.999823
0.999779
0.999867
0.999976
0.999992
1.000022
0.999943
0.999974
0.999958
0.999983
1.000005
1.000020
0.999871
0.999692
0.999824
0.999815
0.999983
0.999960
0.999992
0.999983
0.999945
0.999954
1.000003
0.999959
0.999772
0.999773
0.999666
0.999864
1.000026
0.999988
1.000000
1.000001
0.999992
0.999946
1.000027
0.999988
1.000020
0.999894
0.999783
0.999823
0.999712
0.999985
0.999969
0.999956
0.999970
0.999914
0.999957
0.999994
0.999971
0.999854
0.999890
0.999778
0.999913
1.000026
1.000010
1.000024
0.999866
1.000030
0.999987
0.999958
0.999992
1.000016
0.999854
0.999694
0.999813
0.999793
0.999932
0.999970
0.999958
0.999945
0.999984
1.000008
0.999988
0.999966
0.999836
0.999880
0.999779
0.999894
0.999998
0.999992
0.999995
1.000001
0.999753
0.999727
0.999677
1.000000
1.000057
0.999953
0.999928
0.999960
0.999993
0.999785
0.999945
0.999967
0.999982
1.000030
0.999910
0.999898
0.999697
0.999937
0.999929
0.999887
0.999976
1.000027
1.000000
0.999836
0.999979
0.999946
0.999973
0.999802
0.999989
1.000027
0.999981
0.999940
0.999958
0.999928
0.999709
0.999925
0.999926
1.000032
0.999982
0.999962
0.999945
0.999794
0.999947
0.999941
0.999913
0.999981
1.000034
0.999980
0.999749
0.999882
0.999826
0.999930
0.999834
0.999992
1.000021
0.999974
0.999887
0.999906
0.999915
0.999684
0.999924
0.999973
1.000021
1.000008
0.999969
0.999889
0.999750
0.999917
0.999895
0.999888
0.999972
1.000040
1.000001
0.999828
0.999925
0.999934
0.999968
0.999827
1.000004
1.000044
0.999979
0.999907
0.999917
0.999944
0.999794
0.999943
0.999967
0.999982
1.000030
0.999932
0.999954
0.999791
1.000012
0.999980
0.999917
0.999984
1.000031
0.999989
0.999761
0.999893
0.999739
0.999811
0.999690
0.999700
1.000023
0.999976
0.999921
0.999773
1.000058
0.999894
0.999796
0.999803
0.999828
0.999834
0.999841
0.999874
0.999967
0.999987
0.999875
0.999936
0.999966
1.000022
0.999712
0.999574
0.999651
0.999700
0.999748
0.999669
0.999746
1.000026
0.999999
0.999923
0.999943
1.000052
0.999995
0.999863
0.999830
0.999845
0.999799
0.999791
0.999862
0.999953
1.000017
0.999874
0.999900
0.999946
1.000023
0.999693
0.999696
0.999825
0.999727
0.999659
0.999596
0.999694
1.000018
0.999972
0.999928
0.999811
1.000027
0.999952
0.999855
0.999805
0.999831
0.999828
0.999811
0.999845
0.999928
0.999972
0.999886
0.999935
0.999970
0.999999
0.999709
0.999598
0.999749
0.999683
0.999658
0.999614
0.999726
1.000013
0.999956
0.999906
0.999873
1.000017
0.999951
0.999868
0.999808
0.999829
0.999833
0.999808
0.999853
0.999956
1.000031
0.999852
0.999941
0.999981
1.000026
0.999713
0.999670
0.999748
0.999958
0.999964
1.000046
0.999658
0.999715
0.999788
0.999795
1.000029
0.999988
0.999938
0.999990
1.000010
0.999897
0.999937
1.000039
0.999972
0.999933
0.999981
1.000048
0.999927
0.999865
0.999685
0.999785
1.000028
0.999977
0.999962
0.999983
1.000029
0.999788
0.999668
0.999778
0.999880
0.999988
0.999952
0.999970
0.999960
1.000015
0.999917
0.999942
1.000026
0.999969
0.999928
0.999957
1.000045
0.999869
0.999758
0.999698
0.999663
1.000058
0.999913
0.999954
0.999945
1.000073
0.999613
0.999672
0.999785
0.999838
1.000057
0.999968
0.999933
0.999966
1.000019
0.999898
0.999900
1.000018
0.999979
0.999940
0.999982
1.000065
0.999902
0.999767
0.999675
0.999633
1.000073
0.999893
0.999959
0.999996
1.000071
0.999785
0.999681
0.999846
0.999886
1.000032
0.999961
0.999940
0.999975
1.000007
0.999898
0.999937
1.000026
0.999958
0.999949
0.999996
1.000010
0.999888
0.999756
0.999677
0.999810
1.000029
0.999988
0.999914
1.000033
1.000039
0.999984
0.999768
0.999745
0.999971
1.000060
0.999953
0.999873
1.000009
1.000005
0.999904
0.999852
1.000034
0.999969
0.999846
0.999785
1.000060
0.999905
0.999692
0.999852
0.999976
1.000039
1.000009
0.999945
1.000009
1.000040
0.999983
0.999831
0.999726
0.999945
1.000076
0.999940
0.999838
1.000010
1.000012
0.999906
0.999852
1.000024
0.999981
0.999880
0.999937
1.000057
0.999975
0.999739
0.999757
0.999986
1.000037
1.000024
0.999924
0.999985
1.000092
1.000030
0.999861
0.999697
0.999946
1.000070
0.999817
0.999804
0.999954
1.000032
0.999896
0.999908
1.000022
1.000002
0.999858
0.999830
1.000060
0.999895
0.999686
0.999830
1.000045
1.000088
1.000044
0.999931
0.999980
1.000077
0.999952
0.999838
0.999665
0.999975
1.000044
0.999901
0.999817
1.000006
1.000010
0.999904
0.999852
1.000024
0.999977
0.999850
0.999891
1.000047
0.999910
0.999706
0.999843
0.999932
0.999979
0.999975
0.999924
1.000077
1.000024
0.999962
0.999989
0.999969
0.999923
0.999964
0.999560
0.999670
0.999925
0.999978
0.999975
0.999979
0.999956
0.999894
0.999613
0.999666
1.000030
0.999909
0.999934
0.999959
1.000034
0.999968
0.999937
0.999822
1.000027
0.999974
1.000039
0.999956
0.999914
0.999916
0.999969
0.999574
0.999678
0.999950
0.999879
0.999941
1.000002
0.999930
0.999888
0.999590
0.999568
0.999940
0.999936
0.999969
0.999978
0.999956
1.000002
1.000026
0.999967
0.999943
1.000040
0.999969
0.999937
0.999968
0.999865
1.000046
0.999659
0.999701
0.999987
1.000017
0.999970
0.999930
0.999888
0.999853
0.999603
0.999662
1.000048
0.999912
0.999978
0.999964
0.999938
0.999946
1.000068
0.999896
0.999930
0.999982
1.000032
0.999959
0.999960
0.999937
0.999934
0.999576
0.999704
0.999943
0.999991
0.999967
0.999990
0.999930
0.999867
0.999578
0.999547
0.999924
0.999871
0.999958
1.000004
1.000030
0.999963
0.999954
0.999835
0.999860
0.999954
0.999928
0.999976
0.999991
1.000002
0.999885
0.999840
0.999843
0.999881
0.999726
1.000055
0.999979
0.999796
0.999928
0.999928
0.999828
0.999801
0.999957
0.999954
1.000008
0.999865
0.999938
0.999694
0.999714
0.999710
0.999903
0.999826
0.999981
0.999936
0.999966
0.999766
0.999777
0.999889
0.999903
0.999750
1.000004
1.000024
0.999795
0.999926
0.999928
0.999820
0.999828
0.999984
0.999981
0.999992
0.999970
0.999920
0.999798
0.999788
0.999732
0.999894
0.999902
0.999953
0.999941
1.000013
0.999788
0.999826
0.999893
0.999895
0.999616
1.000066
0.999992
0.999887
0.999923
0.999927
0.999830
0.999876
0.999978
0.999993
0.999990
0.999895
0.999924
0.999761
0.999809
0.999739
0.999913
0.999826
0.999986
0.999937
0.999950
0.999795
0.999828
0.999894
0.999900
0.999622
1.000023
1.000000
0.999784
0.999967
0.999950
0.999830
0.999891
1.000017
0.999919
1.000002
0.999833
0.999903
0.999800
0.999766
0.999674
0.999828
0.999946
0.999719
0.999759
0.999957
0.999947
1.000026
1.000023
0.999960
0.999953
0.999837
0.999794
0.999857
0.999957
1.000027
0.999983
0.999966
1.000003
0.999780
0.999659
0.999918
0.999731
0.999712
0.999872
0.999762
0.999826
0.999869
0.999655
0.999817
1.000001
0.999956
0.999977
1.000050
0.999922
0.999899
0.999730
0.999750
0.999898
0.999957
1.000031
0.999987
0.999977
0.999920
0.999721
0.999630
0.999920
0.999825
0.999675
0.999837
0.999780
0.999853
0.999893
0.999658
0.999796
1.000015
0.999951
0.999978
1.000044
0.999922
0.999887
0.999750
0.999656
0.999774
0.999931
1.000021
1.000005
0.999882
0.999996
0.999795
0.999676
0.999912
0.999911
0.999779
0.999768
0.999748
0.999835
0.999877
0.999648
0.999758
0.999990
0.999953
0.999984
1.000047
0.999922
0.999887
0.999725
0.999742
0.999908
0.999927
1.000034
0.999991
0.999870
0.999997
0.999810
0.999642
0.999902
0.999850
0.999709
1.000025
0.999820
0.999647
0.999961
0.999974
0.999965
1.000013
0.999924
0.999991
0.999976
0.999976
1.000051
0.999705
0.999713
1.000027
1.000006
0.999904
0.999960
0.999918
1.000033
0.999914
0.999937
1.000020
0.999850
0.999913
1.000063
0.999922
0.999802
0.999986
1.000003
0.999905
1.000020
0.999916
0.999965
0.999920
1.000009
1.000017
0.999793
0.999882
1.000006
1.000002
0.999980
0.999956
0.999916
1.000024
0.999953
1.000023
0.999970
0.999749
0.999878
1.000041
0.999921
0.999798
0.999984
0.999981
0.999871
1.000047
0.999942
0.999915
0.999898
1.000005
1.000018
0.999878
0.999901
1.000019
0.999968
0.999974
0.999972
0.999973
1.000026
0.999918
0.999973
0.999964
0.999641
0.999973
1.000011
0.999892
0.999797
0.999975
1.000009
0.999923
1.000018
0.999956
0.999939
0.999933
1.000002
1.000017
0.999906
0.999900
1.000029
0.999948
0.999915
0.999960
0.999953
1.000045
0.999925
0.999969
0.999988
0.999754
0.999835
1.000040
0.999877
0.999988
0.999972
0.999970
0.999991
1.000009
1.000004
0.999676
0.999724
0.999942
0.999918
0.999698
0.999726
0.999923
0.999963
0.999794
0.999679
1.000009
1.000047
1.000021
0.999980
0.999960
0.999967
0.999948
1.000038
0.999904
1.000003
1.000025
0.999993
1.000018
1.000026
0.999986
0.999762
0.999857
0.999964
0.999898
0.999708
0.999632
0.999895
0.999926
0.999691
0.999697
1.000006
1.000041
1.000007
1.000035
0.999997
0.999971
0.999848
0.999977
0.999816
0.999988
1.000031
0.999976
0.999990
1.000063
0.999985
0.999791
0.999832
0.999966
0.999894
0.999634
0.999622
0.999900
0.999959
0.999745
0.999658
1.000004
1.000031
1.000025
0.999964
0.999957
1.000001
0.999765
0.999997
0.999930
0.999978
1.000032
1.000023
0.999969
1.000033
0.999980
0.999802
0.999816
0.999948
0.999877
0.999606
0.999591
0.999882
0.999949
0.999811
0.999719
0.999969
1.000039
1.000000
0.999965
1.000046
1.000003
0.999909
0.999792
0.999994
0.999927
1.000028
0.999827
0.999770
0.999926
0.999921
0.999810
0.999971
0.999934
0.999719
0.999933
0.999932
0.999863
1.000018
0.999958
0.999679
0.999864
0.999839
0.999685
0.999726
0.999942
0.999952
0.999935
0.999762
0.999869
0.999899
1.000014
0.999797
0.999740
0.999882
0.999842
0.999623
0.999918
1.000037
0.999845
0.999923
0.999942
0.999757
0.999916
0.999896
0.999667
0.999880
0.999913
0.999754
0.999712
0.999979
0.999925
0.999998
0.999847
0.999981
0.999922
1.000012
0.999790
0.999779
0.999950
0.999877
0.999668
0.999932
1.000011
0.999791
0.999929
0.999937
0.999748
1.000003
1.000005
0.999844
0.999921
0.999892
0.999767
0.999853
1.000031
0.999925
0.999988
0.999780
0.999890
0.999896
0.999975
0.999709
0.999756
0.999926
0.999889
0.999671
0.999878
0.999919
0.999797
0.999940
0.999935
0.999803
0.999952
0.999983
0.999827
0.999922
0.999922
0.999766
0.999817
1.000025
0.999904
0.999894
1.000018
1.000009
0.999674
0.999653
0.999780
0.999812
0.999737
0.999861
1.000028
0.999951
0.999944
0.999936
1.000072
1.000056
0.999918
1.000012
0.999925
0.999958
0.999801
0.999694
0.999835
0.999800
0.999669
0.999605
0.999961
0.999997
1.000006
0.999660
0.999633
0.999784
0.999812
0.999759
0.999887
0.999983
0.999921
1.000026
0.999917
1.000038
1.000073
0.999928
0.999961
0.999996
1.000007
0.999866
0.999638
0.999742
0.999762
0.999609
0.999671
1.000024
1.000021
1.000024
0.999655
0.999634
0.999803
0.999852
0.999751
0.999798
0.999956
0.999946
1.000000
0.999909
1.000058
1.000064
0.999928
0.999978
0.999861
0.999957
0.999780
0.999683
0.999798
0.999743
0.999616
0.999683
1.000011
1.000004
0.999988
0.999612
0.999601
0.999814
0.999891
0.999760
0.999877
0.999981
0.999950
1.000014
0.999953
1.000055
1.000061
0.999940
0.999947
0.999955
1.000031
0.999866
0.999607
0.999718
0.999760
0.999593
0.999660
1.000002
0.999924
0.999998
1.000038
0.999902
0.999929
1.000046
0.999936
0.999789
1.000070
0.999975
0.999826
0.999864
1.000035
1.000033
0.999879
0.999783
1.000016
1.000004
0.999924
0.999993
0.999993
0.999955
0.999855
1.000048
0.999972
0.999972
0.999979
1.000006
0.999883
0.999939
1.000046
0.999935
0.999790
1.000031
0.999974
0.999892
0.999892
1.000045
1.000038
0.999819
0.999660
1.000041
1.000038
0.999799
0.999981
1.000005
0.999954
0.999926
1.000009
0.999949
0.999981
0.999965
1.000028
0.999885
0.999959
1.000018
0.999902
0.999876
0.999979
1.000013
0.999739
0.999846
1.000031
1.000034
0.999877
0.999805
0.999965
1.000038
0.999878
0.999970
1.000019
0.999966
0.999926
1.000029
0.999998
0.999916
0.999943
1.000035
0.999883
0.999929
1.000028
0.999896
0.999805
1.000021
0.999984
0.999809
0.999891
1.000033
1.000037
0.999863
0.999691
0.999977
1.000057
0.999786
1.000006
1.000034
0.999940
0.999924
1.000007
0.999938
0.999755
0.999995
1.000010
0.999859
0.999650
0.999886
0.999972
0.999849
0.999619
0.999711
0.999524
0.999856
1.000052
1.000061
0.999837
0.999592
0.999757
0.999689
0.999835
0.999976
0.999870
0.999674
0.999969
1.000056
0.999981
0.999772
1.000055
1.000032
0.999935
0.999740
0.999919
0.999965
0.999833
0.999635
0.999703
0.999444
0.999695
1.000036
1.000061
0.999738
0.999610
0.999745
0.999613
0.999830
0.999955
0.999863
0.999619
0.999888
1.000031
1.000028
0.999657
1.000012
1.000010
0.999871
0.999569
0.999824
0.999965
0.999855
0.999697
0.999756
0.999565
0.999720
1.000030
1.000062
0.999816
0.999524
0.999725
0.999691
0.999832
0.999998
0.999925
0.999772
0.999947
1.000017
0.999997
0.999755
1.000026
1.000034
0.999930
0.999573
0.999811
0.999952
0.999843
0.999619
0.999762
0.999590
0.999837
1.000050
1.000063
0.999820
0.999654
0.999810
0.999632
0.999843
0.999956
0.999828
0.999643
0.999948
1.000035
1.000028
1.000007
0.999818
0.999773
0.999888
0.999838
0.999859
0.999924
0.999812
0.999895
0.999831
0.999991
0.999662
0.999770
0.999843
0.999719
0.999940
0.999905
0.999983
0.999977
0.999937
0.999765
0.999756
0.999844
0.999824
0.999809
0.999984
1.000002
0.999812
0.999849
0.999730
0.999830
0.999958
0.999956
0.999985
0.999883
0.999964
0.999774
0.999836
0.999773
0.999679
1.000003
0.999879
0.999998
0.999997
0.999908
0.999811
0.999836
0.999879
0.999821
0.999853
1.000020
0.999956
0.999800
0.999887
0.999900
0.999842
0.999917
0.999957
0.999957
0.999857
0.999987
0.999769
0.999832
0.999836
0.999723
0.999954
0.999841
0.999997
0.999929
0.999963
0.999803
0.999710
0.999851
0.999760
0.999851
0.999998
0.999854
0.999821
0.999855
0.999890
0.999860
0.999904
0.999963
1.000039
0.999971
0.999944
0.999730
0.999835
0.999825
0.999651
0.999957
0.999862
0.999981
0.999966
0.999884
0.999815
0.999837
0.999841
0.999780
0.999852
0.999983
0.999972
1.000008
1.000007
0.999999
1.000025
0.999916
0.999974
1.000068
0.999988
0.999995
1.000014
0.999520
0.999351
1.000059
0.999962
0.999985
0.999984
0.999909
0.999989
0.999952
0.999973
1.000014
1.000025
0.999949
0.999983
0.999913
1.000007
1.000066
0.999971
0.999955
0.999948
0.999926
0.999974
0.999968
0.999982
1.000079
0.999346
0.999564
1.000017
1.000062
0.999956
0.999942
0.999956
0.999984
0.999938
0.999984
1.000041
1.000022
0.999956
0.999988
0.999914
1.000004
1.000000
1.000034
0.999989
0.999906
0.999927
0.999984
0.999959
0.999997
1.000075
0.999365
0.999338
1.000059
0.999967
0.999987
0.999999
0.999907
0.999967
0.999971
0.999981
1.000031
1.000023
0.999985
0.999970
0.999975
1.000025
1.000013
1.000016
0.999987
0.999879
0.999978
1.000040
0.999947
0.999974
1.000051
0.999494
0.999318
1.000076
0.999990
0.999940
1.000025
0.999978
0.999866
0.999989
1.000034
1.000016
1.000017
0.999971
0.999956
0.999996
1.000003
0.999961
0.999954
1.000017
0.999961
0.999991
0.999748
0.999845
0.999970
0.999995
0.999880
0.999960
0.999947
0.999976
0.999841
0.999884
0.999960
1.000003
1.000011
0.999935
0.999952
1.000031
0.999958
0.999981
1.000016
1.000005
0.999988
0.999979
0.999934
0.999998
0.999988
0.999856
0.999827
0.999968
0.999962
0.999978
0.999843
0.999934
1.000024
0.999787
0.999884
1.000033
1.000083
0.999923
0.999928
0.999996
1.000007
0.999966
0.999983
1.000014
1.000012
0.999950
0.999998
0.999963
0.999964
1.000012
0.999889
0.999811
0.999991
0.999962
0.999946
0.999963
0.999947
0.999976
0.999841
0.999889
0.999991
0.999964
1.000002
0.999997
0.999944
0.999986
0.999992
0.999972
0.999994
0.999996
0.999975
0.999993
0.999923
0.999938
1.000060
0.999723
0.999794
0.999979
1.000005
0.999839
0.999958
1.000031
0.999965
0.999812
0.999745
1.000046
0.999917
0.999968
1.000010
0.999961
1.000022
0.999991
0.999968
0.999808
0.999870
0.999628
0.999671
0.999856
1.000003
0.999944
0.999823
0.999717
0.999622
0.999674
1.000030
1.000018
0.999796
0.999613
0.999696
0.999700
0.999897
0.999998
0.999893
0.999684
0.999662
0.999895
0.999839
0.999896
0.999732
0.999863
0.999655
0.999650
0.999865
1.000006
0.999951
0.999733
0.999709
0.999606
0.999731
1.000034
0.999993
0.999824
0.999652
0.999761
0.999729
0.999966
1.000049
0.999889
0.999690
0.999635
0.999857
0.999660
0.999923
0.999842
0.999825
0.999619
0.999563
0.999709
0.999987
0.999916
0.999700
0.999685
0.999569
0.999746
1.000021
1.000020
0.999796
0.999618
0.999714
0.999736
0.999940
0.999967
0.999828
0.999604
0.999633
0.999921
0.999913
0.999960
0.999712
0.999853
0.999659
0.999588
0.999794
0.999976
0.999976
0.999808
0.999703
0.999589
0.999688
1.000010
1.000017
0.999640
0.999575
0.999697
0.999823
0.999967
0.999970
0.999844
0.999620
0.999653
0.999795
0.999730
0.999817
0.999682
0.999980
1.000024
0.999974
0.999850
1.000019
0.999903
0.999933
1.000026
0.999962
0.999875
0.999748
0.999737
0.999860
0.999983
1.000017
0.999939
0.999917
0.999958
0.999598
0.999999
1.000023
0.999884
0.999652
0.999882
0.999749
0.999996
0.999979
0.999991
0.999590
0.999898
0.999819
0.999914
1.000032
0.999973
0.999883
0.999678
0.999766
0.999894
0.999976
1.000029
0.999904
0.999885
0.999981
0.999696
1.000009
1.000015
0.999942
0.999834
0.999900
0.999675
1.000026
1.000014
0.999971
0.999744
0.999945
0.999847
0.999947
1.000031
0.999956
0.999888
0.999680
0.999743
0.999866
1.000002
1.000022
0.999940
0.999929
0.999981
0.999591
1.000004
0.999988
0.999985
0.999672
0.999875
0.999794
0.999946
1.000044
0.999985
0.999668
0.999979
0.999934
0.999952
1.000013
0.999989
0.999844
0.999727
0.999669
0.999897
0.999949
1.000027
0.999927
0.999921
0.999966
0.999590
1.000003
1.000038
0.999962
0.999722
0.999981
1.000061
0.999814
0.999995
0.999791
0.999884
0.999805
0.999911
1.000045
0.999998
0.999963
0.999975
0.999773
0.999835
1.000023
0.999968
0.999994
1.000041
0.999902
0.999866
0.999988
0.999814
0.999970
0.999907
1.000040
0.999980
1.000010
0.999821
0.999975
0.999871
0.999991
0.999839
0.999907
1.000049
0.999990
0.999996
0.999970
0.999915
0.999770
0.999968
0.999975
1.000026
1.000059
0.999909
0.999844
1.000010
0.999955
0.999975
0.999908
0.999978
0.999970
1.000062
0.999807
0.999979
0.999864
1.000002
0.999847
0.999888
1.000051
1.000010
0.999967
0.999949
0.999895
0.999848
0.999999
0.999971
0.999981
0.999999
0.999853
0.999859
0.999991
0.999858
0.999976
0.999821
1.000060
0.999919
1.000012
0.999708
0.999975
0.999821
0.999998
0.999925
0.999920
1.000033
1.000006
0.999978
1.000025
0.999835
0.999901
0.999960
0.999975
1.000003
1.000043
0.999918
0.999820
0.999992
0.999843
1.000025
0.999842
0.999940
0.999987
1.000054
0.999920
0.999472
0.999763
1.000042
0.999882
0.999913
1.000053
0.999917
0.999891
0.999971
0.999975
1.000036
0.999896
0.999892
0.999933
1.000068
0.999942
0.999935
1.000016
0.999789
0.999591
0.999900
1.000019
0.999977
1.000036
0.999892
0.999470
0.999848
1.000018
0.999860
0.999953
1.000051
0.999964
0.999908
0.999961
1.000010
1.000007
0.999957
0.999863
0.999813
1.000048
0.999863
0.999934
1.000037
0.999722
0.999590
0.999895
1.000016
0.999966
1.000047
0.999889
0.999502
0.999861
1.000021
0.999949
0.999965
1.000069
0.999978
0.999914
0.999934
1.000002
1.000012
0.999923
0.999921
0.999988
1.000068
0.999917
0.999950
1.000012
0.999775
0.999459
0.999883
1.000047
0.999941
1.000079
0.999992
0.999536
0.999826
1.000023
0.999878
0.999919
1.000065
0.999872
0.999905
0.999890
1.000026
0.999975
0.999971
0.999891
0.999954
1.000066
0.999907
0.999891
1.000021
0.999847
0.999523
0.999857
0.999987
0.999972
1.000002
0.999767
1.000002
0.999908
1.000012
0.999947
0.999870
1.000007
1.000018
0.999986
0.999954
0.999902
0.999833
1.000017
0.999935
0.999998
1.000055
0.999882
0.999841
0.999959
0.999939
0.999990
0.999908
0.999967
0.999980
1.000060
0.999924
0.999984
0.999865
0.999994
0.999950
0.999867
1.000024
1.000015
0.999976
0.999969
0.999786
0.999771
0.999975
0.999964
1.000017
1.000090
0.999933
0.999832
0.999967
0.999923
0.999993
0.999785
0.999995
0.999950
1.000035
0.999935
0.999970
0.999873
0.999998
0.999860
0.999874
1.000004
0.999964
0.999985
1.000010
0.999836
0.999879
0.999957
0.999950
1.000006
1.000044
0.999915
0.999838
0.999959
0.999890
0.999984
0.999820
1.000066
0.999946
1.000005
0.999848
0.999970
0.999808
0.999896
0.999803
0.999880
1.000030
0.999992
0.999975
1.000029
0.999831
0.999905
0.999969
0.999956
1.000002
1.000052
0.999891
0.999945
0.999989
0.999841
0.999983
0.999903
0.999989
0.999963
0.999790
0.999943
1.000038
0.999969
0.999813
1.000014
0.999893
0.999928
1.000016
0.999975
0.999902
0.999682
0.999743
0.999869
0.999948
1.000027
0.999945
0.999897
0.999934
0.999611
0.999972
1.000017
0.999944
0.999819
1.000004
0.999894
0.999975
0.999978
0.999984
0.999628
0.999988
0.999929
0.999927
1.000033
0.999969
0.999880
0.999762
0.999748
0.999875
0.999962
1.000027
0.999917
0.999817
0.999994
0.999866
0.999956
1.000053
0.999983
0.999821
0.999855
0.999636
0.999913
0.999973
0.999997
0.999600
0.999850
0.999801
0.999924
1.000011
1.000002
0.999851
0.999730
0.999680
0.999892
0.999938
1.000035
0.999933
0.999916
0.999991
0.999752
0.999972
1.000008
0.999988
0.999674
0.999888
0.999802
0.999923
1.000042
0.999987
0.999844
1.000004
0.999902
1.000017
1.000004
0.999979
0.999881
0.999739
0.999670
0.999883
0.999937
1.000027
0.999945
0.999904
1.000000
0.999754
0.999977
1.000037
0.999976
0.999816
0.999888
0.999655
0.999787
0.999634
0.999675
0.999855
1.000023
0.999975
0.999726
0.999705
0.999592
0.999763
1.000015
1.000020
0.999796
0.999588
0.999708
0.999809
0.999971
1.000014
0.999963
0.999754
0.999643
0.999847
0.999688
0.999833
0.999627
0.999820
0.999659
0.999653
0.999863
0.999970
0.999964
0.999828
0.999768
0.999670
0.999821
1.000004
1.000016
0.999668
0.999616
0.999715
0.999694
0.999939
0.999991
0.999845
0.999700
0.999549
0.999773
0.999688
0.999905
0.999816
0.999877
0.999662
0.999712
0.999909
1.000051
1.000029
0.999807
0.999710
0.999615
0.999674
1.000015
1.000028
0.999748
0.999587
0.999713
0.999831
0.999965
0.999964
0.999797
0.999663
0.999659
0.999863
0.999835
0.999949
0.999712
0.999858
0.999637
0.999679
0.999878
1.000032
0.999914
0.999686
0.999736
0.999624
0.999824
0.999989
1.000036
0.999655
0.999593
0.999713
0.999852
0.999946
1.000006
0.999767
0.999568
0.999570
0.999780
0.999704
0.999967
0.999980
1.000010
0.999963
0.999941
0.999984
1.000036
1.000015
0.999898
0.999813
0.999995
0.999953
0.999947
0.999946
0.999937
0.999925
0.999824
0.999744
1.000051
0.999994
0.999988
0.999933
0.999947
0.999995
1.000004
0.999925
1.000007
0.999997
0.999974
0.999984
0.999935
0.999948
1.000052
0.999798
0.999860
0.999952
0.999953
0.999975
0.999872
1.000010
1.000001
0.999834
0.999823
1.000019
0.999979
0.999948
0.999953
1.000028
0.999980
1.000011
0.999934
0.999984
1.000021
0.999967
0.999917
0.999934
1.000017
1.000073
0.999719
0.999812
0.999986
0.999995
0.999880
0.999974
0.999925
0.999931
0.999843
0.999807
1.000050
0.999955
0.999931
0.999979
0.999977
1.000013
1.000001
0.999936
0.999983
0.999995
0.999961
0.999957
0.999979
0.999968
1.000013
0.999863
0.999850
1.000020
0.999939
0.999842
0.999889
0.999988
0.999968
0.999858
0.999841
0.999999
1.000009
0.999942
0.999949
1.000004
0.999996
0.999998
0.999958
0.999971
1.000025
1.000016
0.999960
0.999945
1.000020
0.999928
0.999934
0.999962
0.999997
1.000059
0.999362
0.999352
1.000056
1.000018
0.999931
1.000008
0.999988
0.999993
0.999951
0.999959
1.000010
1.000017
0.999955
1.000003
0.999869
1.000013
1.000028
0.999981
0.999970
0.999897
0.999975
1.000047
0.999951
0.999977
1.000060
0.999342
0.999549
1.000031
1.000046
0.999936
1.000014
0.999982
0.999915
0.999960
0.999964
1.000032
1.000003
0.999869
1.000015
0.999916
1.000010
1.000053
0.999995
0.999944
0.999953
1.000005
1.000010
0.999953
1.000005
1.000014
0.999541
0.999344
1.000084
1.000004
0.999954
1.000036
1.000025
0.999916
0.999960
0.999982
1.000036
1.000016
0.999910
0.999987
0.999906
1.000035
0.999987
1.000020
0.999987
0.999871
0.999975
0.999998
0.999916
1.000046
1.000027
0.999551
0.999530
1.000007
1.000001
0.999975
0.999959
0.999982
0.999944
0.999978
0.999978
1.000043
1.000029
0.999832
1.000014
0.999853
0.999821
0.999880
0.999816
0.999804
0.999947
0.999961
1.000012
0.999916
0.999927
0.999758
0.999847
0.999747
0.999707
1.000008
0.999918
0.999995
0.999975
0.999934
0.999811
0.999815
0.999878
0.999769
0.999756
0.999991
0.999963
0.999824
0.999876
0.999749
0.999795
0.999897
0.999948
0.999993
0.999774
0.999979
0.999728
0.999837
0.999766
0.999707
0.999976
0.999868
0.999959
0.999956
0.999982
0.999827
0.999761
0.999878
0.999827
0.999960
1.000053
0.999993
0.999811
0.999847
0.999795
0.999805
0.999884
0.999904
0.999990
0.999941
0.999993
0.999663
0.999768
0.999826
0.999659
0.999949
0.999834
0.999902
0.999825
0.999903
0.999811
0.999791
0.999832
0.999813
1.000006
1.000005
0.999938
0.999807
0.999854
0.999864
0.999833
0.999953
0.999955
0.999979
0.999929
0.999991
0.999537
0.999746
0.999792
0.999769
0.999979
0.999929
0.999921
0.999866
0.999933
0.999834
0.999739
0.999860
0.999812
1.000008
0.999657
1.000023
1.000034
0.999939
0.999600
0.999826
0.999966
0.999812
0.999610
0.999698
0.999421
0.999631
1.000055
1.000038
0.999755
0.999560
0.999754
0.999633
0.999828
0.999955
0.999848
0.999612
0.999937
1.000016
0.999972
0.999788
1.000048
1.000030
0.999888
0.999690
0.999941
0.999961
0.999847
0.999633
0.999827
0.999749
0.999844
1.000073
1.000024
0.999746
0.999630
0.999813
0.999631
0.999809
0.999973
0.999928
0.999693
0.999895
1.000034
1.000027
0.999652
1.000029
1.000037
0.999967
0.999668
0.999865
0.999975
0.999833
0.999686
0.999767
0.999587
0.999856
1.000052
1.000061
0.999817
0.999454
0.999674
0.999619
0.999849
0.999961
0.999852
0.999671
0.999951
1.000034
1.000052
0.999782
0.999972
1.000020
0.999919
0.999581
0.999829
0.999963
0.999838
0.999701
0.999778
0.999610
0.999787
1.000098
1.000066
0.999766
0.999657
0.999767
0.999655
0.999860
0.999942
0.999926
0.999755
0.999947
1.000037
1.000032
0.999974
0.999958
1.000037
0.999883
0.999904
1.000042
0.999961
0.999841
1.000059
0.999975
0.999852
0.999884
1.000034
1.000032
0.999889
0.999783
0.999981
1.000019
0.999803
0.999984
1.000000
0.999966
0.999832
0.999983
0.999999
0.999940
0.999955
1.000016
0.999866
0.999955
1.000062
0.999933
0.999795
1.000019
0.999992
0.999656
0.999864
1.000036
1.000043
0.999843
0.999739
0.999995
1.000010
0.999838
0.999957
1.000038
0.999958
0.999906
1.000025
0.999968
0.999966
0.999942
0.999969
0.999825
0.999966
0.999999
0.999991
0.999795
1.000001
1.000000
0.999784
0.999879
1.000035
1.000036
0.999836
0.999871
1.000014
1.000049
0.999794
0.999974
1.000008
0.999953
0.999916
1.000019
0.999955
0.999940
0.999993
1.000004
0.999856
0.999946
1.000017
0.999920
0.999927
0.999973
1.000011
0.999675
0.999866
1.000040
1.000037
0.999886
0.999644
0.999974
1.000035
0.999880
0.999954
1.000022
0.999977
0.999913
1.000007
0.999945
1.000006
0.999970
0.999594
0.999586
0.999805
0.999867
0.999765
0.999867
1.000029
0.999951
0.999938
0.999952
1.000064
1.000045
0.999915
1.000017
0.999927
0.999957
0.999873
0.999690
0.999838
0.999811
0.999651
0.999671
1.000026
1.000008
0.999974
0.999605
0.999654
0.999815
0.999853
0.999734
0.999870
0.999964
0.999941
1.000012
0.999955
1.000063
1.000057
0.999929
0.999996
0.999944
0.999982
0.999888
0.999673
0.999834
0.999819
0.999607
0.999590
0.999944
0.999976
1.000019
0.999657
0.999631
0.999810
0.999759
0.999632
0.999885
0.999959
0.999922
1.000028
0.999915
1.000052
1.000061
0.999926
0.999968
0.999993
1.000022
0.999865
0.999679
0.999868
0.999819
0.999595
0.999611
0.999989
1.000016
1.000002
0.999677
0.999652
0.999796
0.999926
0.999808
0.999797
0.999955
0.999940
1.000027
0.999916
1.000045
1.000061
0.999971
0.999961
0.999965
1.000024
0.999776
0.999706
0.999854
0.999808
0.999573
0.999658
1.000018
0.999810
0.999892
0.999906
1.000020
0.999802
0.999746
0.999917
0.999914
0.999810
0.999983
0.999947
0.999757
0.999939
0.999926
0.999774
1.000004
1.000022
0.999736
0.999869
0.999832
0.999700
0.999819
1.000001
0.999914
0.999995
0.999797
0.999971
0.999922
0.999994
0.999778
0.999726
0.999901
0.999916
0.999814
0.999963
0.999912
0.999757
0.999941
0.999933
0.999822
0.999927
0.999975
0.999727
0.999851
0.999870
0.999713
0.999696
0.999964
0.999940
0.999974
0.999790
0.999885
0.999909
1.000016
0.999811
0.999790
0.999960
0.999906
0.999731
0.999907
1.000012
0.999833
0.999932
0.999938
0.999803
0.999915
0.999852
0.999690
0.999892
0.999893
0.999713
0.999794
1.000000
0.999911
0.999912
0.999835
0.999878
0.999920
1.000033
0.999804
0.999744
0.999901
0.999879
0.999640
0.999923
1.000037
0.999845
0.999923
0.999936
0.999742
0.999927
0.999943
0.999713
0.999855
0.999862
0.999713
0.999779
1.000016
0.999893
0.999886
1.000002
0.999919
1.000020
0.999967
0.999997
1.000015
1.000007
1.000017
0.999675
0.999801
0.999942
0.999898
0.999639
0.999707
0.999927
0.999934
0.999793
0.999805
0.999992
1.000071
0.999997
0.999958
0.999958
0.999972
0.999767
0.999996
0.999735
0.999979
1.000000
1.000014
1.000011
1.000028
1.000006
0.999667
0.999727
0.999937
0.999900
0.999622
0.999630
0.999897
0.999942
0.999795
0.999771
0.999956
1.000038
0.999998
1.000009
1.000019
0.999949
0.999858
1.000001
0.999919
1.000024
0.999967
0.999958
1.000014
1.000031
0.999997
0.999709
0.999791
0.999964
0.999917
0.999688
0.999599
0.999872
0.999929
0.999734
0.999697
0.999982
1.000016
1.000020
0.999977
0.999951
1.000004
0.999941
0.999962
0.999829
1.000018
1.000027
0.999964
0.999971
1.000012
0.999983
0.999761
0.999857
0.999964
0.999897
0.999703
0.999627
0.999917
0.999946
0.999733
0.999802
0.999984
1.000058
0.999999
0.999975
1.000014
0.999998
0.999873
1.000008
0.999846
0.999655
0.999930
0.999976
0.999954
0.999987
0.999928
0.999972
0.999935
0.999993
1.000019
0.999913
0.999739
1.000040
1.000026
0.999916
0.999911
0.999888
1.000054
0.999978
0.999954
0.999974
0.999719
0.999978
1.000030
0.999956
0.999807
0.999995
1.000014
0.999904
1.000017
0.999965
0.999990
0.999977
0.999951
1.000018
0.999887
0.999810
1.000017
0.999995
0.999933
0.999940
0.999937
1.000024
0.999907
1.000011
0.999990
0.999809
0.999950
1.000024
0.999907
0.999788
1.000011
0.999925
0.999885
1.000044
0.999915
0.999962
0.999979
0.999961
1.000042
0.999713
0.999839
1.000002
1.000013
1.000000
0.999971
0.999909
1.000017
0.999955
0.999949
0.999944
0.999689
0.999942
1.000022
0.999960
0.999684
0.999874
0.999977
0.999955
1.000010
0.999919
0.999969
0.999920
1.000014
1.000018
0.999736
0.999912
1.000038
0.999969
0.999981
0.999928
0.999948
1.000038
0.999904
1.000031
0.999924
0.999688
0.999977
0.999885
0.999767
0.999858
0.999976
0.999652
0.999734
0.999978
0.999964
0.999988
1.000059
0.999871
0.999777
0.999675
0.999787
0.999903
0.999998
1.000043
0.999972
0.999971
0.999945
0.999739
0.999692
0.999896
0.999820
0.999722
0.999740
0.999719
0.999815
0.999870
0.999608
0.999791
0.999990
0.999919
1.000031
1.000004
0.999942
0.999881
0.999746
0.999788
0.999856
0.999916
1.000047
0.999984
0.999950
0.999998
0.999789
0.999605
0.999871
0.999826
0.999752
0.999802
0.999664
0.999764
0.999931
0.999690
0.999796
1.000017
0.999957
0.999969
1.000041
0.999989
0.999980
0.999834
0.999788
0.999851
0.999910
1.000047
0.999990
0.999947
0.999941
0.999725
0.999686
0.999943
0.999875
0.999760
0.999844
0.999837
0.999919
0.999905
0.999676
0.999756
0.999989
0.999936
0.999986
1.000037
0.999916
0.999855
0.999801
0.999675
0.999762
0.999919
1.000033
0.999986
0.999960
0.999996
0.999796
0.999630
0.999897
0.999845
0.999766
0.999772
0.999788
0.999868
0.999905
1.000039
0.999959
0.999999
0.999873
0.999824
0.999893
0.999942
0.999871
1.000018
1.000040
0.999620
0.999893
0.999898
0.999839
0.999829
0.999991
0.999969
0.999947
0.999837
0.999955
0.999752
0.999810
0.999754
0.999902
0.999827
0.999994
0.999945
0.999998
0.999875
0.999868
0.999903
0.999878
0.999626
1.000041
0.999967
0.999770
0.999922
0.999958
0.999827
0.999790
0.999998
0.999942
0.999993
0.999857
0.999941
0.999753
0.999778
0.999771
0.999940
0.999776
0.999931
0.999976
0.999934
0.999777
0.999774
0.999896
0.999895
0.999583
1.000041
0.999967
0.999765
0.999888
0.999878
0.999819
0.999883
1.000002
0.999973
0.999941
0.999826
0.999969
0.999751
0.999807
0.999753
0.999946
0.999827
0.999980
0.999961
1.000014
0.999884
0.999851
0.999879
0.999893
0.999777
1.000016
1.000024
0.999885
0.999918
0.999929
0.999823
0.999790
1.000000
0.999968
1.000026
0.999936
0.999869
0.999774
0.999851
1.000007
0.999924
1.000024
0.999999
0.999978
0.999870
0.999963
0.999560
0.999648
0.999900
0.999883
0.999948
0.999963
0.999987
0.999939
0.999692
0.999566
0.999955
0.999922
0.999934
0.999949
1.000015
1.000010
1.000016
0.999880
0.999999
0.999963
1.000033
0.999938
0.999950
0.999863
0.999925
0.999562
0.999627
0.999889
1.000000
0.999963
0.999975
0.999937
0.999850
0.999600
0.999663
1.000028
0.999894
0.999960
0.999980
1.000040
1.000034
0.999992
0.999881
0.999961
0.999942
1.000049
0.999935
0.999955
0.999912
1.000013
0.999666
0.999691
0.999978
1.000041
1.000007
0.999963
0.999976
0.999980
0.999657
0.999655
1.000051
0.999918
0.999940
0.999986
1.000041
1.000020
1.000004
0.999967
0.999998
0.999970
1.000021
0.999996
0.999971
0.999894
1.000019
0.999650
0.999656
0.999992
0.999951
0.999946
0.999936
0.999926
0.999907
0.999602
0.999568
0.999940
0.999823
0.999963
0.999997
0.999953
0.999907
1.000011
0.999981
1.000000
0.999966
0.999942
0.999835
0.999652
0.999969
1.000033
0.999943
0.999872
1.000014
1.000010
0.999908
0.999862
1.000018
1.000003
0.999837
0.999941
1.000066
0.999969
0.999726
0.999835
0.999964
1.000074
1.000020
0.999940
1.000011
1.000085
1.000041
0.999847
0.999682
0.999971
1.000044
0.999904
0.999819
1.000003
1.000021
0.999878
0.999860
1.000019
0.999991
0.999826
0.999751
1.000026
0.999905
0.999720
0.999742
0.999989
1.000031
1.000003
0.999906
1.000026
1.000093
0.999968
0.999854
0.999693
0.999984
1.000057
0.999804
0.999819
0.999962
1.000030
0.999854
0.999849
1.000037
0.999953
0.999840
0.999806
1.000061
0.999902
0.999730
0.999736
1.000003
1.000034
1.000001
0.999924
1.000014
1.000026
1.000016
0.999799
0.999641
0.999976
1.000048
0.999817
0.999845
0.999964
1.000035
0.999915
0.999873
1.000037
0.999977
0.999854
0.999937
1.000068
0.999916
0.999687
0.999779
0.999981
0.999996
1.000024
0.999962
0.999994
1.000034
0.999765
0.999669
0.999840
0.999878
0.999965
0.999926
0.999973
0.999953
1.000010
0.999898
0.999967
1.000024
0.999968
0.999946
0.999967
1.000050
0.999865
0.999783
0.999636
0.999743
1.000044
0.999958
0.999943
0.999959
1.000078
0.999638
0.999710
0.999857
0.999884
1.000034
0.999961
0.999934
0.999978
1.000024
0.999946
0.999902
1.000033
0.999944
0.999938
1.000039
1.000069
0.999900
0.999779
0.999693
0.999627
1.000086
0.999973
0.999936
0.999970
1.000067
0.999750
0.999680
0.999859
0.999876
0.999990
0.999979
0.999940
0.999988
1.000020
0.999919
0.999937
1.000036
0.999952
0.999940
0.999988
1.000062
0.999922
0.999815
0.999728
0.999666
1.000060
0.999918
0.999961
0.999945
1.000060
0.999669
0.999702
0.999856
0.999863
0.999941
0.999951
0.999951
0.999974
1.000018
0.999898
0.999964
1.000036
0.999929
0.999946
0.999981
1.000053
0.999941
0.999878
0.999682
0.999614
1.000043
0.999984
0.999565
0.999674
0.999586
0.999673
1.000025
0.999975
0.999942
0.999894
0.999999
1.000002
0.999940
0.999813
0.999819
0.999796
0.999777
0.999844
0.999955
1.000045
0.999763
0.999929
0.999967
1.000000
0.999769
0.999628
0.999742
0.999651
0.999661
0.999597
0.999757
0.999997
0.999957
0.999931
0.999762
1.000030
0.999959
0.999841
0.999832
0.999832
0.999848
0.999832
0.999870
0.999962
1.000069
0.999804
0.999896
0.999972
0.999995
0.999792
0.999754
0.999801
0.999709
0.999722
0.999602
0.999765
1.000002
0.999975
0.999914
0.999791
1.000020
0.999965
0.999842
0.999814
0.999820
0.999834
0.999829
0.999866
0.999948
1.000015
0.999895
0.999921
0.999958
1.000003
0.999714
0.999625
0.999772
0.999690
0.999649
0.999539
0.999682
1.000021
0.999975
0.999918
0.999938
1.000031
0.999972
0.999858
0.999811
0.999833
0.999797
0.999793
0.999874
0.999973
1.000060
0.999873
0.999907
0.999970
1.000034
0.999690
0.999509
0.999618
0.999899
0.999915
0.999835
0.999956
1.000012
0.999972
0.999888
0.999886
0.999858
0.999669
0.999893
0.999904
1.000025
0.999992
0.999953
0.999904
0.999610
0.999919
0.999953
0.999892
0.999974
1.000014
0.999978
0.999845
0.999910
0.999820
0.999863
0.999817
0.999987
1.000027
0.999958
0.999900
0.999937
0.999942
0.999663
0.999883
0.999911
0.999998
0.999996
0.999929
0.999947
0.999784
1.000032
0.999962
0.999843
0.999983
1.000019
0.999992
0.999766
0.999940
0.999901
0.999896
0.999847
0.999993
0.999998
0.999983
0.999819
0.999960
1.000015
0.999665
0.999886
0.999967
0.999961
1.000032
0.999917
0.999911
0.999681
0.999925
0.999945
0.999913
0.999979
1.000022
0.999965
0.999796
0.999887
0.999904
0.999948
0.999839
0.999978
1.000028
0.999985
0.999937
0.999975
0.999943
0.999692
0.999915
0.999969
1.000021
1.000007
0.999958
0.999938
0.999704
0.999899
0.999937
0.999919
0.999989
1.000044
0.999987
0.999879
0.999962
0.999944
0.999958
1.000031
1.000004
1.000015
0.999901
0.999776
0.999911
0.999771
0.999968
0.999986
0.999997
0.999988
0.999950
0.999970
1.000008
0.999961
0.999840
0.999869
0.999774
0.999883
0.999992
1.000008
0.999955
0.999962
1.000034
0.999949
0.999979
0.999998
1.000020
0.999877
0.999758
0.999890
0.999774
1.000010
0.999999
1.000006
0.999934
0.999928
1.000008
0.999955
0.999933
0.999757
0.999823
0.999805
0.999884
0.999982
1.000008
0.999986
0.999915
1.000021
0.999966
0.999962
0.999998
1.000014
0.999891
0.999808
0.999833
0.999708
0.999981
0.999978
0.999979
0.999935
0.999960
1.000009
0.999951
0.999984
0.999727
0.999819
0.999697
0.999877
1.000021
0.999981
1.000001
0.999999
1.000037
0.999963
0.999968
1.000018
0.999998
0.999857
0.999659
0.999759
0.999766
0.999962
1.000005
0.999959
0.999925
0.999913
0.999961
0.999981
0.999993
0.999723
0.999795
0.999677
0.999874
1.000014
1.000020
0.999990
0.999959
0.999947
0.999956
0.999994
0.999998
0.999957
0.999879
0.999971
0.999887
0.999986
0.999989
0.999995
1.000015
0.999763
0.999784
1.000028
1.000023
0.999982
0.999918
0.999904
0.999991
0.999900
0.999932
0.999975
0.999934
1.000020
1.000000
1.000007
0.999985
0.999954
0.999961
0.999845
0.999980
0.999900
0.999977
0.999979
0.999986
1.000030
0.999878
0.999879
1.000031
0.999994
0.999989
0.999957
0.999921
0.999989
0.999925
0.999962
0.999988
0.999974
0.999900
0.999900
1.000046
0.999941
0.999940
0.999945
0.999911
0.999979
0.999900
0.999994
0.999997
1.000000
1.000021
0.999784
0.999896
1.000019
1.000009
1.000014
0.999978
0.999903
0.999977
0.999850
0.999936
0.999960
0.999950
1.000011
0.999939
1.000002
0.999940
0.999985
0.999940
0.999866
1.000002
0.999901
0.999932
0.999985
0.999993
1.000031
0.999917
0.999926
1.000029
0.999991
0.999979
1.000002
0.999899
0.999967
0.999878
0.999958
0.999990
0.999969
0.999969
0.999592
0.999780
0.999788
0.999911
0.999992
1.000027
1.000003
0.999998
0.999981
0.999962
1.000022
1.000039
0.999975
0.999962
1.000028
1.000002
0.999960
0.999949
0.999993
1.000028
1.000019
0.999991
0.999907
0.999818
0.999927
0.999593
0.999644
0.999741
0.999852
0.999971
1.000037
1.000010
1.000006
0.999974
0.999972
0.999986
1.000012
0.999954
0.999943
1.000004
0.999952
0.999943
0.999967
0.999977
1.000007
1.000038
0.999975
0.999822
0.999761
0.999772
0.999707
0.999964
0.999849
0.999828
1.000002
1.000026
1.000012
0.999996
0.999997
0.999905
0.999999
1.000051
0.999991
0.999918
0.999973
0.999998
0.999908
0.999960
1.000009
1.000004
1.000023
1.000005
0.999912
0.999854
0.999905
0.999712
0.999974
0.999917
0.999888
0.999972
1.000010
1.000031
0.999982
0.999955
0.999925
0.999965
0.999975
0.999920
0.999946
0.999984
0.999978
0.999888
0.999994
0.999989
1.000007
1.000034
1.000006
0.999903
0.999787
0.999776
0.999775
0.999634
0.999902
0.999841
1.000020
1.000045
0.999992
0.999910
0.999649
0.999685
0.999826
0.999677
0.999961
0.999956
0.999672
0.999822
0.999684
0.999730
0.999950
1.000025
1.000025
1.000008
0.999842
0.999838
0.999522
0.999874
0.999744
0.999896
0.999950
0.999974
1.000047
0.999991
0.999890
0.999601
0.999665
0.999866
0.999742
0.999958
0.999955
0.999750
0.999833
0.999625
0.999591
0.999899
0.999991
1.000044
0.999995
0.999897
0.999899
0.999620
0.999741
0.999589
0.999882
0.999903
0.999990
1.000036
1.000000
0.999914
0.999654
0.999760
0.999862
0.999666
0.999954
0.999983
0.999716
0.999864
0.999728
0.999677
0.999919
0.999991
0.999999
1.000026
0.999856
0.999877
0.999690
0.999944
0.999603
0.999808
0.999874
1.000012
0.999987
1.000024
0.999961
0.999708
0.999684
0.999816
0.999719
1.000008
0.999999
0.999817
0.999875
0.999780
0.999681
0.999906
1.000012
1.000015
0.999985
0.999885
0.999886
0.999636
1.000044
1.000000
0.999975
0.999911
0.999916
0.999877
0.999837
0.999945
0.999960
1.000034
0.999922
0.999852
0.999853
0.999851
0.999852
0.999922
1.000017
0.999929
0.999947
0.999824
0.999855
0.999966
0.999910
0.999977
1.000015
1.000013
0.999958
0.999978
0.999954
0.999962
0.999849
0.999820
0.999965
0.999995
0.999977
0.999878
0.999875
0.999884
0.999880
0.999807
0.999961
1.000035
0.999951
0.999967
0.999805
0.999812
0.999875
0.999922
0.999991
0.999996
1.000068
0.999996
0.999993
0.999914
0.999950
0.999864
0.999839
0.999945
0.999947
1.000004
1.000010
0.999915
0.999883
0.999867
0.999891
0.999945
1.000026
0.999950
0.999932
0.999880
0.999887
0.999958
0.999953
0.999969
0.999980
0.999986
1.000001
1.000004
0.999967
0.999953
0.999865
0.999827
0.999950
0.999940
1.000006
1.000006
0.999913
0.999860
0.999809
0.999733
0.999804
1.000054
0.999992
0.999932
0.999853
0.999882
0.999958
0.999978
0.999968
0.999962
0.999955
0.999983
1.000049
0.999952
0.999894
0.999905
0.999966
0.999980
0.999937
1.000004
0.999813
0.999913
0.999878
0.999893
0.999945
0.999820
1.000004
0.999998
0.999937
0.999950
0.999887
0.999804
0.999943
1.000038
0.999986
0.999946
0.999985
1.000041
0.999946
0.999813
0.999883
0.999936
0.999894
1.000028
0.999981
0.999858
0.999908
0.999872
0.999845
0.999920
0.999706
1.000043
0.999967
0.999892
0.999945
0.999892
0.999878
1.000006
1.000066
0.999983
0.999950
0.999981
1.000061
0.999922
0.999826
0.999893
0.999966
0.999967
0.999947
1.000047
0.999740
0.999881
0.999865
0.999891
0.999945
0.999820
1.000003
1.000011
0.999903
0.999910
0.999880
0.999838
0.999963
1.000048
0.999991
0.999950
0.999983
1.000056
0.999964
0.999846
0.999882
0.999948
0.999950
1.000028
0.999985
0.999846
0.999911
0.999895
0.999907
0.999951
0.999863
1.000055
0.999996
0.999913
0.999906
0.999888
0.999860
0.999964
1.000061
0.999966
0.999418
0.999848
0.999989
0.999901
0.999868
0.999975
0.999917
0.999810
0.999876
0.999717
0.999812
1.000046
0.999893
0.999807
0.999963
0.999830
0.999678
0.999847
0.999805
0.999937
0.999951
0.999858
0.999835
0.999972
0.999843
0.999471
0.999888
0.999959
0.999838
0.999900
0.999987
0.999973
0.999807
0.999767
0.999446
0.999826
0.999941
0.999796
0.999899
1.000052
0.999840
0.999430
0.999764
0.999866
0.999974
0.999969
0.999898
0.999823
0.999940
0.999877
0.999634
0.999936
0.999990
0.999877
0.999838
0.999951
0.999923
0.999747
0.999820
0.999776
0.999878
1.000056
0.999910
0.999814
0.999969
0.999835
0.999470
0.999816
0.999839
0.999946
0.999999
0.999920
0.999900
0.999985
0.999864
0.999538
0.999883
0.999990
0.999880
0.999884
0.999986
0.999922
0.999755
0.999820
0.999668
0.999840
0.999944
0.999796
0.999888
1.000013
0.999836
0.999734
0.999807
0.999793
0.999947
0.999966
0.999875
0.999900
0.999990
0.999814
0.999725
0.999628
0.999871
0.999929
0.999837
0.999978
0.999890
0.999921
0.999830
0.999571
0.999981
1.000041
0.999896
0.999963
0.999992
0.999926
0.999640
0.999877
0.999933
0.999818
0.999991
0.999934
0.999978
0.999920
0.999580
0.999682
0.999617
0.999886
0.999976
0.999860
0.999979
0.999906
0.999939
0.999882
0.999759
0.999926
0.999995
0.999956
0.999896
1.000009
0.999886
0.999832
0.999974
0.999964
0.999878
0.999965
0.999858
0.999944
0.999887
0.999609
0.999586
0.999539
0.999903
0.999961
0.999924
0.999972
0.999807
0.999957
0.999878
0.999499
0.999856
0.999972
0.999855
0.999986
0.999988
0.999907
0.999787
0.999886
0.999967
0.999846
0.999966
0.999836
0.999916
0.999790
0.999619
0.999758
0.999648
0.999790
0.999892
0.999822
0.999916
0.999825
0.999989
0.999895
0.999617
0.999920
0.999979
0.999959
0.999911
1.000006
0.999919
0.999539
0.999878
0.999951
0.999812
0.999981
0.999925
0.999944
0.999831
0.999591
1.000091
0.999911
0.999850
0.999946
0.999960
1.000007
1.000014
0.999991
0.999875
0.999978
0.999917
0.999952
1.000042
1.000054
0.999979
0.999867
1.000062
0.999889
0.999923
0.999986
0.999976
0.999933
0.999867
0.999793
0.999943
1.000016
0.999964
0.999859
0.999972
0.999980
0.999959
0.999922
1.000000
0.999850
0.999962
0.999898
1.000030
1.000027
1.000033
1.000008
0.999916
0.999932
0.999919
0.999972
0.999972
0.999995
0.999994
0.999935
0.999884
0.999948
1.000011
0.999937
0.999798
0.999938
1.000011
0.999988
0.999968
0.999953
0.999904
0.999915
0.999874
1.000001
1.000021
1.000088
0.999987
0.999815
0.999964
0.999803
1.000013
0.999997
0.999969
1.000025
0.999955
0.999877
0.999934
1.000103
0.999924
0.999924
1.000040
0.999965
1.000015
1.000012
0.999976
0.999865
1.000017
0.999865
0.999984
1.000046
1.000047
1.000007
0.999926
0.999929
0.999887
0.999980
0.999972
0.999988
1.000031
1.000001
0.999894
0.999905
1.000070
0.999955
0.999912
0.999928
0.999991
0.999876
1.000075
1.000005
0.999897
1.000007
1.000002
0.999948
1.000000
1.000012
0.999954
0.999944
1.000037
0.999980
0.999980
1.000023
0.999923
1.000023
0.999947
0.999940
1.000004
1.000016
0.999965
0.999964
0.999928
1.000013
0.999902
1.000032
1.000051
0.999939
0.999991
0.999973
0.999997
0.999997
1.000016
1.000019
0.999970
0.999954
0.999935
1.000068
1.000050
0.999916
1.000021
0.999923
0.999927
1.000014
1.000020
1.000002
0.999897
0.999930
1.000086
0.999856
1.000028
1.000073
0.999944
0.999942
1.000006
0.999933
0.999971
1.000034
0.999953
0.999949
1.000033
0.999964
1.000034
1.000002
0.999887
1.000075
0.999943
0.999874
0.999995
1.000057
0.999955
0.999942
0.999981
0.999927
0.999942
1.000033
1.000036
0.999967
0.999996
0.999945
0.999978
0.999975
0.999965
0.999985
1.000011
0.999937
0.999964
1.000032
0.999983
0.999930
1.000079
0.999914
0.999845
1.000000
0.999974
0.999829
0.999723
0.999866
0.999901
0.999852
0.999868
1.000007
0.999939
0.999984
1.000015
0.999964
0.999781
0.999750
0.999923
0.999988
0.999996
0.999988
1.000022
0.999842
0.999818
0.999872
0.999894
0.999723
0.999781
0.999991
0.999807
0.999747
0.999907
0.999939
0.999852
0.999847
1.000059
0.999916
0.999934
1.000005
0.999911
0.999747
0.999752
0.999927
0.999980
0.999983
0.999967
1.000051
0.999920
0.999909
0.999930
0.999888
0.999706
0.999737
0.999954
0.999798
0.999705
0.999903
0.999945
0.999888
0.999897
1.000074
0.999927
0.999948
1.000037
0.999975
0.999769
0.999762
0.999921
0.999995
1.000001
0.999953
1.000030
0.999771
0.999830
1.000023
0.999906
0.999751
0.999752
0.999901
0.999749
0.999716
0.999934
0.999939
0.999868
0.999840
1.000051
0.999962
0.999988
0.999985
0.999990
0.999796
0.999797
0.999974
0.999986
0.999972
0.999969
1.000003
0.999917
0.999852
0.999927
0.999883
0.999753
0.999752
1.000012
0.999898
0.999944
0.999723
0.999907
0.999936
0.999846
1.000025
0.999933
0.999930
0.999852
1.000010
0.999948
0.999951
0.999986
0.999814
0.999904
0.999895
0.999986
0.999788
1.000045
0.999848
0.999813
0.999911
0.999982
1.000020
0.999925
0.999929
0.999769
0.999905
1.000024
0.999907
1.000058
0.999918
0.999871
0.999887
1.000022
0.999955
0.999986
1.000018
0.999831
0.999942
0.999930
0.999983
0.999777
1.000045
0.999894
0.999808
0.999888
1.000036
1.000044
0.999895
0.999890
0.999795
0.999891
0.999955
0.999904
0.999993
0.999785
0.999853
0.999819
0.999990
0.999956
0.999954
0.999997
0.999873
0.999933
0.999940
1.000019
0.999905
0.999986
0.999927
0.999681
0.999928
0.999982
1.000047
0.999978
0.999885
0.999708
0.999862
1.000001
0.999948
1.000005
0.999884
0.999847
0.999751
0.999979
0.999996
1.000010
0.999980
0.999830
0.999899
0.999854
0.999959
0.999835
1.000007
0.999834
0.999784
0.999956
0.999980
0.999915
0.999979
1.000047
1.000025
0.999909
0.999930
1.000108
0.999799
0.999915
0.999933
0.999998
0.999985
0.999920
0.999906
0.999945
1.000038
0.999986
0.999918
0.999915
1.000094
1.000051
0.999959
0.999942
0.999981
1.000055
0.999887
0.999950
1.000011
0.999963
0.999911
1.000045
1.000082
0.999808
0.999973
0.999910
0.999946
0.999877
0.999938
0.999941
0.999934
0.999953
0.999940
0.999927
0.999874
1.000087
1.000052
0.999918
0.999944
0.999992
1.000045
0.999913
0.999973
1.000039
0.999999
0.999945
0.999951
1.000010
0.999798
0.999999
1.000043
0.999971
0.999805
0.999948
0.999942
0.999838
0.999919
0.999944
0.999958
0.999975
1.000013
0.999976
0.999933
0.999967
0.999994
1.000026
0.999983
1.000027
1.000013
0.999992
0.999813
0.999990
1.000180
0.999895
0.999896
0.999994
0.999974
0.999901
0.999937
0.999937
0.999868
0.999967
1.000010
0.999969
0.999810
1.000109
0.999987
0.999878
0.999986
1.000044
1.000084
0.999967
0.999785
0.999935
1.000035
0.999947
0.999942
1.000041
0.999968
0.999958
0.999922
1.000023
0.999850
0.999775
0.999742
0.999851
1.000048
0.999920
0.999919
0.999933
1.000028
0.999990
0.999970
1.000006
0.999904
0.999767
0.999920
0.999871
1.000020
1.000031
0.999925
1.000003
1.000066
1.000077
0.999981
0.999892
1.000003
0.999901
0.999742
0.999753
0.999886
1.000043
0.999858
1.000014
1.000013
0.999987
1.000010
0.999939
1.000018
1.000017
0.999944
0.999928
0.999742
1.000040
1.000021
0.999947
0.999978
0.999994
0.999936
0.999958
0.999902
1.000040
0.999923
0.999761
0.999778
0.999944
1.000012
0.999898
0.999969
0.999890
1.000001
0.999942
0.999944
1.000070
0.999966
0.999846
0.999962
0.999887
1.000003
1.000018
0.999922
0.999908
1.000041
0.999923
0.999944
0.999923
1.000087
0.999882
0.999769
0.999772
0.999886
1.000064
0.999909
0.999940
0.999913
1.000017
0.999972
0.999952
0.999984
0.999951
0.999848
0.999895
0.999762
0.999635
0.999866
0.999937
0.999948
0.999903
0.999959
0.999859
0.999893
0.999870
0.999916
0.999947
0.999928
0.999900
0.999846
0.999802
0.999836
0.999973
0.999929
0.999944
1.000008
0.999878
0.999631
0.999761
0.999908
0.999749
0.999583
0.999800
0.999941
0.999904
0.999907
1.000025
0.999663
0.999772
0.999814
0.999949
0.999961
0.999917
0.999939
0.999900
0.999807
0.999746
1.000026
0.999921
0.999899
0.999862
0.999775
0.999571
0.999739
0.999927
0.999819
0.999563
0.999805
0.999918
0.999898
0.999853
0.999969
0.999837
0.999852
0.999875
0.999962
0.999937
0.999878
0.999968
0.999817
0.999852
0.999874
0.999974
0.999960
0.999967
0.999903
0.999772
0.999600
0.999815
0.999972
0.999777
0.999642
0.999811
0.999921
0.999926
0.999899
1.000022
0.999791
0.999884
0.999868
0.999937
0.999912
0.999913
0.999947
0.999921
0.999937
0.999839
0.999987
0.999878
0.999935
1.000011
0.999891
0.999644
0.999734
0.999844
0.999878
0.999935
0.999732
0.999735
0.999774
0.999701
0.999659
0.999775
0.999911
0.999786
0.999883
0.999966
1.000002
0.999845
0.999733
0.999902
0.999775
0.999659
0.999675
0.999763
0.999817
0.999740
0.999920
0.999868
0.999869
0.999874
0.999911
0.999751
0.999802
0.999756
0.999630
0.999587
0.999747
1.000025
0.999900
0.999924
0.999986
0.999982
0.999872
0.999728
0.999913
0.999854
0.999708
0.999725
0.999882
0.999765
0.999691
0.999941
0.999912
0.999827
0.999813
0.999844
0.999681
0.999727
0.999775
0.999726
0.999758
0.999776
0.999975
0.999863
0.999904
0.999978
0.999951
0.999881
0.999831
0.999905
0.999722
0.999662
0.999696
0.999761
0.999742
0.999721
0.999903
0.999882
0.999856
0.999956
0.999981
0.999712
0.999657
0.999739
0.999700
0.999713
0.999835
0.999966
0.999821
0.999891
0.999973
0.999948
0.999871
0.999774
0.999854
0.999848
0.999810
0.999760
0.999802
0.999806
0.999735
0.999917
0.999910
0.999889
0.999866
1.000084
0.999976
0.999829
0.999757
0.999686
0.999873
0.999983
0.999919
1.000005
0.999980
0.999865
0.999931
0.999985
1.000001
0.999918
1.000003
0.999828
0.999652
0.999775
0.999785
1.000040
1.000059
0.999906
0.999911
0.999869
1.000028
1.000031
0.999833
0.999742
0.999622
0.999858
1.000031
0.999957
1.000026
0.999974
0.999925
0.999929
0.999976
0.999989
0.999945
0.999996
0.999872
0.999685
0.999681
0.999692
0.999920
1.000045
0.999823
0.999910
0.999911
1.000043
0.999957
0.999828
0.999780
0.999693
0.999821
0.999959
0.999945
1.000000
0.999946
0.999880
0.999921
0.999991
1.000006
0.999943
1.000006
0.999875
0.999711
0.999776
0.999831
0.999951
1.000052
0.999852
0.999904
0.999787
0.999985
0.999904
0.999844
0.999794
0.999667
0.999822
0.999968
0.999932
0.999951
0.999985
0.999913
0.999914
0.999940
0.999990
0.999898
1.000014
0.999855
0.999661
0.999758
0.999798
1.000043
0.999981
0.999815
0.999992
0.999900
0.999878
0.999903
0.999910
0.999874
1.000006
1.000037
1.000002
1.000031
0.999972
1.000008
0.999929
0.999915
1.000014
0.999984
1.000039
1.000005
0.999993
0.999984
0.999910
0.999889
0.999885
0.999880
0.999913
0.999966
0.999858
0.999817
0.999969
0.999932
0.999926
0.999940
0.999976
0.999921
0.999991
0.999977
1.000014
0.999905
0.999894
0.999997
0.999946
1.000021
0.999852
1.000036
0.999967
0.999838
0.999993
0.999898
0.999813
0.999898
0.999972
0.999926
0.999889
0.999966
0.999941
0.999896
1.000030
0.999985
0.999954
1.000030
1.000007
1.000012
0.999929
0.999898
1.000002
0.999940
1.000031
0.999998
1.000055
0.999982
0.999928
0.999919
0.999907
0.999863
0.999919
0.999989
0.999911
0.999891
0.999940
1.000008
0.999909
0.999956
0.999994
1.000024
1.000025
0.999937
1.000017
0.999928
0.999885
1.000019
0.999964
1.000036
0.999907
0.999942
1.000005
0.999918
0.999897
0.999920
0.999848
0.999913
0.999956
0.999970
0.999749
0.999705
0.999838
0.999895
0.999999
0.999767
0.999863
0.999995
0.999902
0.999789
0.999840
0.999848
0.999813
0.999904
0.999969
0.999835
0.999688
0.999986
0.999874
0.999759
0.999609
0.999705
0.999984
1.000007
0.999990
0.999715
0.999562
0.999769
0.999942
1.000016
0.999803
0.999773
0.999942
0.999902
0.999789
0.999853
0.999872
0.999836
0.999933
1.000023
0.999802
0.999695
1.000067
0.999914
0.999872
0.999712
0.999796
0.999999
1.000023
0.999978
0.999756
0.999609
0.999751
0.999887
1.000031
0.999712
0.999818
0.999926
0.999873
0.999791
0.999848
0.999834
0.999751
0.999879
0.999971
0.999834
0.999775
0.999990
0.999913
0.999783
0.999678
0.999772
0.999996
0.999961
0.999932
0.999708
0.999700
0.999846
0.999888
0.999983
0.999714
0.999834
0.999950
0.999913
0.999824
0.999857
0.999847
0.999811
0.999927
0.999991
0.999788
0.999794
1.000060
0.999940
0.999838
0.999676
0.999692
0.999934
1.000072
0.999985
0.999834
1.000017
0.999866
0.999855
0.999919
0.999797
0.999890
0.999985
0.999923
0.999961
1.000044
1.000027
0.999954
0.999945
0.999986
0.999898
0.999877
0.999992
0.999882
0.999914
1.000017
0.999794
0.999984
1.000069
0.999944
0.999833
1.000014
0.999846
0.999852
0.999868
0.999733
0.999888
0.999982
0.999919
0.999948
1.000053
1.000068
0.999916
0.999917
0.999985
0.999909
0.999812
0.999820
0.999792
0.999898
1.000040
0.999747
0.999912
1.000043
1.000005
0.999887
0.999966
0.999886
0.999891
0.999998
0.999895
0.999937
0.999983
0.999941
0.999979
1.000031
1.000050
0.999945
0.999927
0.999993
0.999896
0.999712
0.999880
0.999863
0.999917
0.999970
0.999885
0.999998
1.000062
0.999982
0.999830
1.000011
0.999802
0.999804
0.999960
0.999762
0.999872
0.999979
0.999938
0.999943
1.000044
1.000055
0.999944
0.999903
0.999982
0.999861
0.999739
0.999861
0.999814
0.999861
1.000030
0.999826
0.999976
0.999982
0.999965
1.000033
1.000042
0.999986
1.000024
0.999950
1.000035
1.000039
1.000001
0.999918
0.999997
1.000041
1.000004
0.999969
0.999946
0.999995
1.000053
1.000036
0.999897
1.000018
0.999957
1.000016
1.000007
0.999926
1.000021
0.999812
0.999910
0.999985
1.000001
0.999988
0.999963
1.000029
1.000039
1.000026
0.999894
0.999972
1.000045
1.000046
0.999951
0.999933
1.000011
1.000022
1.000011
0.999947
1.000040
0.999920
1.000074
1.000020
0.999872
1.000025
0.999978
0.999988
0.999952
0.999987
0.999976
0.999982
1.000075
1.000045
0.999998
0.999927
1.000002
1.000001
1.000037
0.999998
0.999912
0.999993
1.000059
1.000010
0.999984
1.000052
0.999974
0.999961
0.999994
0.999937
1.000049
0.999908
0.999902
1.000009
1.000037
1.000016
0.999954
1.000028
1.000072
0.999994
0.999925
0.999971
1.000024
1.000076
0.999970
0.999888
1.000023
1.000035
1.000032
0.999950
0.999997
0.999992
0.999981
0.999924
0.999803
1.000058
1.000000
1.000025
0.999985
0.999944
1.000007
0.999999
1.000051
1.000030
0.999923
1.000000
0.999974
1.000020
0.999991
0.999959
0.999994
0.999982
1.000044
0.999968
1.000010
1.000054
0.999891
1.000010
1.000045
0.999910
1.000051
1.000032
1.000023
0.999917
0.999889
1.000037
1.000047
0.999989
1.000013
0.999969
0.999956
0.999947
1.000040
1.000013
0.999962
0.999963
0.999930
1.000028
1.000015
1.000020
1.000044
0.999904
0.999987
1.000050
0.999892
1.000087
0.999992
0.999988
0.999953
0.999964
1.000008
1.000018
1.000028
1.000017
0.999957
0.999963
0.999964
0.999987
1.000025
0.999990
0.999964
0.999950
1.000058
1.000011
0.999996
1.000028
0.999935
0.999983
0.999985
0.999963
1.000081
0.999984
1.000001
0.999955
0.999940
1.000050
0.999997
1.000002
1.000029
0.999921
0.999981
0.999883
1.000005
1.000047
0.999959
0.999925
0.999974
1.000048
0.999997
1.000029
1.000050
0.999906
0.999991
1.000086
0.999929
0.999975
1.000033
0.999989
0.999997
0.999938
0.999955
1.000003
1.000016
0.999932
0.999954
1.000016
0.999998
0.999989
0.999992
0.999956
0.999960
0.999969
0.999936
0.999937
1.000021
0.999982
0.999902
1.000014
0.999998
0.999890
0.999962
1.000057
0.999999
0.999922
0.999879
1.000014
1.000045
0.999999
0.999943
0.999936
1.000009
0.999989
0.999974
0.999952
1.000029
0.999999
0.999897
0.999971
0.999998
1.000029
1.000075
0.999878
0.999935
1.000038
0.999949
0.999947
1.000003
1.000012
0.999922
0.999925
1.000035
0.999993
0.999979
0.999948
0.999956
0.999946
0.999995
0.999986
1.000010
0.999969
0.999989
0.999945
0.999937
0.999993
1.000001
0.999999
0.999892
0.999982
0.999970
0.999969
1.000041
1.000001
1.000041
0.999892
0.999910
1.000103
0.999990
0.999945
0.999971
0.999928
1.000052
0.999973
0.999933
1.000019
0.999989
0.999951
0.999951
0.999966
0.999975
1.000042
1.000045
0.999867
0.999951
1.000061
0.999921
0.999791
0.999791
0.999675
0.999605
0.999759
0.999771
0.999635
0.999662
0.999692
0.999716
0.999704
0.999792
0.999726
0.999707
0.999772
0.999675
0.999657
0.999711
0.999706
0.999542
0.999644
0.999707
0.999674
0.999684
0.999806
0.999794
0.999759
0.999686
0.999674
0.999800
0.999791
0.999605
0.999644
0.999671
0.999695
0.999705
0.999790
0.999716
0.999687
0.999814
0.999725
0.999692
0.999717
0.999691
0.999628
0.999736
0.999707
0.999596
0.999619
0.999795
0.999760
0.999733
0.999689
0.999630
0.999728
0.999721
0.999615
0.999694
0.999703
0.999677
0.999698
0.999773
0.999708
0.999722
0.999767
0.999701
0.999665
0.999665
0.999708
0.999625
0.999728
0.999719
0.999620
0.999651
0.999694
0.999636
0.999676
0.999658
0.999641
0.999777
0.999817
0.999663
0.999691
0.999695
0.999629
0.999641
0.999801
0.999720
0.999707
0.999750
0.999679
0.999669
0.999676
0.999662
0.999638
0.999736
0.999715
0.999602
0.999619
0.999746
0.999653
0.999652
0.999727
0.999578
0.999559
0.999672
0.999647
0.999530
0.999577
0.999610
0.999621
0.999549
0.999511
0.999506
0.999583
0.999675
0.999635
0.999587
0.999552
0.999629
0.999647
0.999582
0.999549
0.999707
0.999642
0.999682
0.999696
0.999751
0.999621
0.999584
0.999630
0.999590
0.999526
0.999582
0.999619
0.999636
0.999554
0.999502
0.999558
0.999626
0.999675
0.999607
0.999556
0.999546
0.999652
0.999674
0.999571
0.999673
0.999750
0.999647
0.999675
0.999670
0.999753
0.999705
0.999687
0.999720
0.999651
0.999534
0.999554
0.999639
0.999697
0.999566
0.999502
0.999553
0.999619
0.999751
0.999676
0.999543
0.999542
0.999607
0.999603
0.999552
0.999631
0.999731
0.999676
0.999722
0.999676
0.999729
0.999669
0.999552
0.999609
0.999594
0.999533
0.999592
0.999632
0.999650
0.999580
0.999538
0.999536
0.999571
0.999727
0.999677
0.999602
0.999564
0.999581
0.999541
0.999563
0.999651
0.999747
0.999639
0.999877
0.999907
1.000059
1.000072
0.999978
0.999960
1.000025
1.000051
0.999941
0.999875
1.000070
1.000078
0.999936
0.999926
1.000078
1.000072
0.999862
0.999939
1.000079
1.000038
1.000001
0.999977
1.000016
1.000081
0.999909
0.999885
0.999965
1.000057
1.000042
0.999952
0.999939
1.000065
1.000089
0.999935
0.999877
1.000039
1.000038
0.999958
0.999917
1.000039
1.000071
0.999879
0.999922
1.000049
1.000076
0.999940
0.999914
1.000079
1.000072
0.999938
0.999899
0.999984
1.000017
1.000058
0.999993
0.999938
1.000057
1.000066
0.999892
0.999889
1.000072
1.000071
0.999939
0.999947
1.000046
1.000055
0.999784
0.999931
1.000070
1.000154
0.999912
0.999915
1.000102
1.000071
0.999910
0.999935
0.999955
1.000022
1.000139
0.999955
0.999912
1.000068
1.000119
0.999899
0.999885
1.000080
1.000024
0.999944
0.999948
1.000068
1.000067
0.999765
0.999964
1.000056
1.000111
0.999959
0.999946
1.000046
1.000114
0.999936
0.999890
0.999842
0.999841
0.999980
0.999974
0.999961
1.000001
1.000050
1.000010
0.999905
0.999828
1.000040
0.999901
0.999931
1.000025
0.999881
0.999851
1.000034
1.000040
0.999999
0.999960
0.999951
0.999964
0.999861
0.999862
0.999923
0.999816
0.999841
0.999967
0.999990
0.999884
1.000023
1.000051
1.000044
0.999892
0.999886
1.000042
0.999952
0.999916
1.000002
0.999881
0.999931
1.000016
1.000007
1.000053
0.999919
0.999928
0.999944
0.999861
0.999841
0.999869
0.999820
0.999859
0.999986
0.999887
0.999909
0.999998
1.000038
0.999995
0.999967
0.999804
1.000013
0.999921
0.999905
1.000030
0.999882
0.999897
1.000011
1.000034
1.000146
0.999938
0.999901
0.999954
0.999847
0.999843
0.999877
0.999839
0.999830
0.999965
0.999883
0.999915
1.000013
1.000080
0.999970
0.999958
0.999876
1.000011
0.999920
0.999971
1.000018
0.999846
0.999887
1.000008
0.999977
1.000039
0.999924
0.999942
0.999959
0.999850
0.999808
0.999689
0.999667
0.999582
0.999617
0.999642
0.999605
0.999650
0.999610
0.999647
0.999746
0.999733
0.999664
0.999680
0.999690
0.999696
0.999689
0.999707
0.999625
0.999534
0.999548
0.999567
0.999667
0.999603
0.999645
0.999696
0.999701
0.999685
0.999596
0.999677
0.999714
0.999640
0.999639
0.999567
0.999612
0.999663
0.999674
0.999636
0.999656
0.999658
0.999635
0.999646
0.999667
0.999636
0.999579
0.999589
0.999593
0.999701
0.999634
0.999608
0.999701
0.999710
0.999677
0.999555
0.999635
0.999751
0.999714
0.999705
0.999627
0.999647
0.999695
0.999705
0.999642
0.999636
0.999653
0.999652
0.999681
0.999678
0.999650
0.999646
0.999649
0.999619
0.999701
0.999634
0.999631
0.999712
0.999711
0.999672
0.999546
0.999639
0.999737
0.999626
0.999686
0.999613
0.999624
0.999703
0.999700
0.999629
0.999664
0.999650
0.999615
0.999670
0.999684
0.999640
0.999544
0.999543
0.999581
0.999699
0.999664
0.999608
0.999673
1.000077
1.000059
0.999774
0.999919
0.999990
0.999866
0.999816
0.999855
0.999856
0.999901
0.999853
0.999780
0.999913
0.999893
0.999783
0.999868
0.999933
0.999859
0.999812
0.999789
0.999842
1.000025
0.999948
0.999781
0.999995
1.000040
1.000020
0.999767
0.999908
0.999990
0.999862
0.999823
0.999859
0.999872
0.999946
0.999930
0.999842
0.999909
0.999928
0.999805
0.999903
0.999933
0.999852
0.999807
0.999791
0.999868
0.999991
0.999910
0.999818
0.999999
1.000058
1.000053
0.999806
0.999910
1.000010
0.999866
0.999803
0.999834
0.999868
0.999951
0.999934
0.999770
0.999939
0.999949
0.999834
0.999928
0.999944
0.999868
0.999844
0.999813
0.999928
1.000001
0.999937
0.999789
0.999996
1.000059
1.000052
0.999798
0.999907
0.999958
0.999808
0.999756
0.999813
0.999879
0.999971
0.999962
0.999852
0.999916
0.999921
0.999852
0.999999
0.999983
0.999872
0.999834
0.999815
0.999840
0.999966
0.999936
0.999810
1.000048
0.758044
0.757039
0.756051
0.758021
0.756615
0.756067
0.756689
0.757873
0.756163
0.756923
0.756684
0.757834
0.755944
0.758012
0.755934
0.756690
0.757887
0.755984
0.756971
0.758105
0.756689
0.756718
0.756072
0.757735
0.756265
0.758035
0.755932
0.757926
0.756087
0.756564
0.757962
0.755962
0.756744
0.758031
0.755965
0.757811
0.755938
0.756723
0.757858
0.755935
0.757058
0.757906
0.755990
0.757903
0.755796
0.757990
0.755689
0.758031
0.755882
0.758175
0.756161
0.756865
0.758119
0.755933
0.757695
0.755703
0.756866
0.758036
0.756884
0.755786
0.757987
0.756855
0.756701
0.755951
0.757037
0.757653
0.755972
0.758039
0.755823
0.758034
0.755924
0.756613
0.758014
0.755862
0.758168
0.756154
0.758004
0.756075
0.757685
0.755843
0.757967
0.755961
0.757717
0.755972
0.757056
0.757613
0.756851
0.755942
0.756886
0.758000
0.755912
0.756878
0.757852
0.755850
0.758093
0.755766
0.757907
0.755749
0.758116
0.755931
0.504440
0.502622
0.500864
0.504219
0.502289
0.500711
0.502627
0.504344
0.500812
0.502468
0.502462
0.504275
0.500803
0.504290
0.500819
0.502472
0.504248
0.500791
0.502506
0.504301
0.502431
0.502200
0.500645
0.504373
0.500930
0.504434
0.500875
0.504333
0.500623
0.502154
0.504121
0.500774
0.502454
0.504207
0.500763
0.504280
0.500823
0.502493
0.504271
0.500821
0.502488
0.504242
0.500812
0.504336
0.500816
0.504141
0.500645
0.504224
0.500895
0.504418
0.500916
0.502508
0.504267
0.500576
0.503925
0.500667
0.502576
0.504335
0.502490
0.500768
0.504269
0.502507
0.502478
0.500781
0.502484
0.504250
0.500757
0.504203
0.500763
0.504290
0.500650
0.502289
0.504219
0.500895
0.504418
0.500939
0.504373
0.500839
0.504181
0.500647
0.504141
0.500786
0.504296
0.500804
0.502476
0.504252
0.502502
0.500798
0.502466
0.504253
0.500754
0.502432
0.504205
0.500763
0.504290
0.500657
0.503949
0.500594
0.504267
0.500859
