1.034721
1.026139
1.017394
1.025804
1.034566
1.017601
1.026205
1.034482
1.017466
1.034725
1.026053
1.025999
1.017546
1.026137
1.034509
1.017436
1.034772
1.026033
1.017367
1.034706
1.017613
1.034558
1.017277
1.034450
1.017534
1.034785
1.017525
1.034359
1.025954
1.017510
1.034719
1.017528
1.034534
1.026073
1.017598
1.034558
1.017400
1.034689
1.017551
1.025995
1.034573
1.017604
1.034546
1.025977
1.017556
1.034810
1.026015
1.017272
1.025959
1.026151
1.034721
1.026167
1.017319
1.034427
1.017503
1.034719
1.017568
1.034521
1.017468
1.026204
1.034546
1.017414
1.026167
1.034690
1.025980
1.017436
1.034741
1.017464
1.034521
1.017540
1.034719
1.017532
1.034427
1.017333
1.034677
1.017643
1.034670
1.025974
1.017276
1.034598
1.026164
1.026143
1.017378
1.034562
1.017612
1.034558
1.017400
1.034689
1.017559
1.025983
1.034573
1.017598
1.026069
1.025984
1.034653
1.026333
1.025989
1.025818
1.017349
1.026180
1.008683
1.005207
1.001661
1.004996
1.008478
1.001779
1.005204
1.008452
1.001744
1.008643
1.005136
1.005034
1.001809
1.005240
1.008368
1.001719
1.008659
1.005100
1.001685
1.008530
1.001809
1.008458
1.001592
1.008320
1.001810
1.008726
1.001819
1.008325
1.005016
1.001752
1.008546
1.001781
1.008452
1.005137
1.001876
1.008465
1.001616
1.008591
1.001830
1.005021
1.008494
1.001873
1.008494
1.005078
1.001821
1.008538
1.005079
1.001625
1.005009
1.005243
1.008703
1.005232
1.001577
1.008360
1.001769
1.008547
1.001791
1.008468
1.001726
1.005287
1.008474
1.001636
1.005249
1.008579
1.005018
1.001725
1.008651
1.001718
1.008498
1.001794
1.008537
1.001780
1.008335
1.001604
1.008580
1.001920
1.008591
1.005035
1.001594
1.008490
1.005203
1.005203
1.001656
1.008484
1.001889
1.008470
1.001616
1.008575
1.001856
1.005017
1.008469
1.001873
1.005117
1.005097
1.008536
1.005220
1.005065
1.005006
1.001590
1.005259
1.000209
1.000091
0.999991
1.000058
1.000212
1.000080
0.999963
0.999889
1.000083
1.000189
1.000048
0.999905
1.000105
1.000114
0.999876
1.000059
1.000195
1.000023
0.999901
0.999943
1.000072
1.000149
1.000053
0.999992
1.000125
1.000242
1.000108
1.000000
1.000032
1.000212
1.000034
0.999938
0.999945
1.000050
1.000208
1.000036
0.999898
1.000122
1.000089
0.999916
1.000048
1.000179
1.000102
0.999939
0.999942
1.000011
1.000260
1.000132
0.999987
1.000107
1.000239
1.000161
0.999988
1.000004
1.000204
0.999962
0.999960
0.999997
1.000077
1.000197
1.000011
0.999905
1.000133
1.000085
0.999913
1.000063
1.000191
0.999995
0.999976
0.999988
1.000029
1.000279
0.999990
0.999981
1.000116
1.000185
1.000111
0.999995
1.000069
1.000206
1.000046
0.999974
0.999950
1.000008
1.000196
1.000044
0.999896
1.000080
1.000135
0.999923
1.000046
1.000196
0.999954
0.999974
0.999974
1.000029
1.000197
1.000077
0.999991
1.000126
1.000108
1.000059
0.999888
1.000015
1.000121
1.000083
0.999988
0.999920
1.000038
1.000072
1.000098
0.999956
0.999946
1.000093
0.999969
1.000081
1.000154
1.000035
0.999915
1.000092
1.000009
1.000075
1.000002
0.999902
1.000065
1.000145
1.000046
0.999910
1.000017
1.000102
0.999986
0.999994
0.999981
1.000023
1.000157
1.000063
0.999913
1.000022
1.000013
0.999977
1.000061
1.000118
1.000047
0.999989
1.000001
0.999934
1.000181
1.000064
0.999877
1.000063
1.000131
1.000067
0.999878
1.000029
1.000089
0.999948
1.000054
1.000023
1.000025
1.000141
0.999984
0.999948
1.000069
0.999978
0.999956
1.000072
1.000133
0.999997
0.999926
1.000074
1.000036
1.000097
1.000020
0.999876
1.000074
1.000098
1.000078
0.999878
0.999964
1.000134
1.000065
1.000033
0.999991
0.999953
1.000100
1.000074
0.999974
1.000013
0.999992
0.999981
1.000071
1.000103
0.999934
0.999977
1.000042
1.000032
1.000132
1.000010
0.999889
1.000062
0.999978
1.000010
1.000029
1.000112
1.000067
1.000146
1.000182
1.000177
1.000233
1.000036
1.000037
1.000084
1.000001
1.000015
1.000110
1.000070
1.000009
1.000213
1.000183
1.000112
0.999964
0.999996
1.000101
1.000073
1.000039
1.000002
1.000003
1.000044
1.000087
0.999986
1.000031
1.000088
1.000177
1.000186
1.000016
1.000031
1.000040
1.000020
1.000001
1.000066
1.000042
1.000028
1.000195
1.000244
1.000104
0.999944
1.000007
1.000143
1.000027
1.000046
1.000002
1.000012
1.000024
1.000123
1.000025
1.000070
1.000171
1.000208
1.000181
1.000007
1.000010
1.000049
1.000045
1.000017
1.000072
1.000042
1.000053
1.000205
1.000157
1.000143
1.000021
1.000022
1.000142
1.000012
1.000024
0.999978
1.000014
0.999998
1.000056
1.000038
1.000073
1.000167
1.000160
1.000160
1.000000
1.000006
1.000064
0.999994
1.000004
1.000076
1.000028
1.000023
1.000192
1.000152
1.000141
1.000060
1.000069
1.000139
1.000033
1.000007
1.000054
1.000133
1.000280
1.000360
1.000187
1.000140
1.000235
1.000206
1.000122
1.000160
1.000213
1.000182
1.000203
1.000226
1.000255
1.000150
1.000107
1.000110
1.000249
1.000361
1.000146
1.000214
1.000321
1.000291
1.000146
1.000041
1.000126
1.000250
1.000287
1.000146
1.000118
1.000352
1.000256
1.000160
1.000194
1.000228
1.000262
1.000225
1.000205
1.000195
1.000165
1.000209
1.000160
1.000273
1.000299
1.000168
1.000250
1.000287
1.000199
1.000074
1.000046
1.000112
1.000246
1.000379
1.000181
1.000094
1.000214
1.000206
1.000163
1.000191
1.000162
1.000244
1.000216
1.000212
1.000212
1.000177
1.000162
1.000109
1.000216
1.000220
1.000120
1.000225
1.000405
1.000314
1.000160
1.000051
1.000126
1.000255
1.000409
1.000270
1.000184
1.000277
1.000234
1.000134
1.000179
1.000211
1.000209
1.000198
1.000222
1.000224
1.000202
1.000169
1.000114
1.000194
1.000252
1.000055
1.000057
1.000268
1.000254
1.000112
0.999953
1.000006
1.000156
1.000009
0.999928
1.000045
1.000054
1.000041
0.999927
0.999871
1.000129
1.000127
0.999900
0.999913
1.000049
1.000106
0.999995
0.999949
0.999996
1.000099
1.000056
0.999923
1.000007
1.000123
0.999998
0.999936
1.000006
1.000131
1.000023
0.999933
1.000135
1.000064
0.999993
0.999962
0.999936
1.000106
1.000072
0.999926
0.999908
1.000111
1.000143
0.999906
0.999933
1.000004
1.000048
1.000059
0.999998
0.999939
1.000166
0.999994
0.999965
0.999957
1.000064
1.000122
0.999948
1.000036
1.000066
1.000036
0.999892
0.999902
1.000121
1.000135
0.999836
0.999926
1.000042
1.000144
0.999987
0.999907
1.000051
1.000065
1.000034
0.999939
1.000023
1.000136
1.000000
0.999927
1.000002
1.000157
0.999995
0.999957
1.000084
1.000025
0.999990
0.999907
1.000009
1.000157
1.000022
0.999903
0.999911
1.000022
1.000157
1.000009
0.999905
0.999993
1.000050
1.000031
0.999965
1.000053
1.000142
0.999958
1.000025
1.000068
1.000010
0.999894
0.999974
1.000090
0.999989
1.000031
0.999949
0.999841
1.000039
1.000111
0.999919
0.999887
1.000036
1.000061
0.999927
0.999985
1.000005
0.999961
1.000104
0.999977
0.999913
0.999979
0.999989
1.000013
1.000008
0.999976
0.999912
0.999946
1.000080
0.999932
1.000024
1.000003
0.999895
1.000013
1.000056
0.999907
0.999938
1.000104
1.000038
0.999857
0.999949
0.999991
0.999964
1.000044
1.000005
0.999895
0.999955
1.000013
1.000007
1.000017
0.999905
0.999971
0.999998
1.000057
0.999946
1.000061
0.999929
0.999894
1.000003
1.000171
0.999918
0.999951
1.000080
1.000006
0.999955
0.999938
1.000038
0.999988
1.000087
0.999953
0.999915
1.000055
0.999984
0.999992
1.000013
1.000025
0.999909
0.999932
1.000078
1.000002
1.000008
0.999937
0.999977
1.000041
1.000028
0.999922
0.999949
1.000030
1.000039
0.999974
0.999946
1.000004
0.999956
1.000063
0.999986
0.999939
1.000001
0.999960
1.000261
1.000270
1.000185
1.000284
1.000223
1.000275
1.000262
1.000218
1.000173
1.000272
1.000351
1.000273
1.000334
1.000319
1.000270
1.000338
1.000262
1.000152
1.000208
1.000198
1.000276
1.000225
1.000276
1.000298
1.000400
1.000261
1.000351
1.000277
1.000284
1.000172
1.000243
1.000224
1.000240
1.000174
1.000248
1.000341
1.000270
1.000327
1.000406
1.000305
1.000353
1.000261
1.000184
1.000285
1.000310
1.000323
1.000237
1.000307
1.000289
1.000404
1.000288
1.000334
1.000248
1.000315
1.000234
1.000317
1.000209
1.000173
1.000130
1.000245
1.000266
1.000230
1.000390
1.000348
1.000285
1.000345
1.000249
1.000159
1.000254
1.000328
1.000299
1.000207
1.000265
1.000255
1.000319
1.000256
1.000345
1.000261
1.000279
1.000225
1.000317
1.000313
1.000234
1.000149
1.000249
1.000311
1.000259
1.000334
1.000354
1.000305
1.000369
1.000258
1.000190
1.000235
1.000227
1.000274
1.000234
1.000288
1.000255
1.000331
1.000243
1.000212
1.000345
1.000214
1.000214
1.000322
1.000376
1.000373
1.000280
1.000305
1.000198
1.000105
1.000118
1.000159
1.000164
1.000229
1.000370
1.000346
1.000370
1.000357
1.000283
1.000201
1.000234
1.000308
1.000185
1.000265
1.000124
1.000254
1.000223
1.000203
1.000322
1.000376
1.000371
1.000294
1.000286
1.000192
1.000109
1.000115
1.000086
1.000065
1.000195
1.000283
1.000307
1.000428
1.000383
1.000294
1.000169
1.000190
1.000230
1.000141
1.000282
1.000195
1.000307
1.000262
1.000219
1.000243
1.000313
1.000407
1.000332
1.000267
1.000220
1.000099
1.000080
1.000139
1.000149
1.000224
1.000301
1.000325
1.000358
1.000327
1.000332
1.000287
1.000287
1.000338
1.000221
1.000247
1.000177
1.000308
1.000205
1.000207
1.000316
1.000341
1.000373
1.000329
1.000299
1.000230
1.000148
1.000145
1.000131
1.000110
1.000195
1.000305
1.000288
1.000394
1.000302
1.000234
1.000177
1.000206
1.000304
1.000197
1.000102
1.000093
1.000183
1.000224
1.000296
1.000200
1.000106
1.000306
1.000359
1.000111
1.000031
1.000178
1.000182
1.000204
1.000187
1.000024
1.000086
1.000265
1.000262
1.000089
1.000241
1.000280
1.000234
1.000231
1.000064
1.000032
1.000015
1.000239
1.000211
1.000294
1.000247
1.000054
1.000245
1.000308
1.000128
1.000053
1.000187
1.000198
1.000187
1.000173
1.000041
1.000111
1.000294
1.000302
1.000105
1.000219
1.000362
1.000288
1.000263
0.999989
1.000131
1.000012
1.000184
1.000215
1.000278
1.000240
1.000059
1.000242
1.000294
1.000139
1.000080
1.000183
1.000180
1.000171
1.000187
1.000063
1.000104
1.000252
1.000253
1.000035
1.000160
1.000229
1.000192
1.000195
1.000086
1.000083
1.000074
1.000191
1.000234
1.000293
1.000173
1.000063
1.000267
1.000261
1.000114
1.000065
1.000182
1.000184
1.000173
1.000190
1.000024
1.000090
1.000321
1.000280
1.000097
1.000242
1.000301
1.000206
1.000169
1.000053
1.000150
1.000181
1.000014
1.000071
0.999963
1.000088
1.000041
0.999912
1.000106
1.000102
1.000009
1.000054
1.000133
1.000173
1.000074
1.000000
1.000095
1.000094
0.999968
1.000090
1.000073
0.999957
1.000065
1.000015
1.000155
1.000114
1.000242
0.999996
1.000052
0.999945
1.000078
1.000168
1.000012
1.000110
1.000072
1.000082
1.000089
1.000141
1.000138
1.000093
1.000053
1.000127
1.000188
0.999935
1.000040
1.000115
0.999953
1.000082
1.000106
1.000130
1.000173
1.000072
1.000018
1.000077
0.999946
1.000110
1.000170
1.000002
1.000032
1.000105
1.000039
1.000026
1.000149
1.000147
1.000044
1.000034
1.000092
1.000144
1.000004
1.000073
1.000050
0.999997
1.000038
0.999973
1.000181
1.000149
1.000066
1.000041
1.000081
0.999948
1.000070
0.999988
0.999967
1.000160
1.000064
1.000023
1.000084
1.000163
1.000145
1.000053
1.000033
1.000115
1.000183
1.000004
1.000087
1.000084
0.999982
1.000064
1.000024
1.000066
1.000127
1.000017
0.999924
1.000035
1.000011
1.000045
1.000177
0.999910
1.000017
1.000073
1.000002
1.000027
1.000048
1.000013
0.999993
1.000011
1.000143
1.000006
0.999893
1.000210
1.000038
0.999984
0.999985
0.999866
1.000093
1.000127
1.000064
0.999928
0.999975
0.999947
1.000009
1.000175
0.999992
1.000027
1.000074
0.999955
0.999974
1.000032
1.000031
0.999989
1.000018
1.000103
0.999973
0.999976
1.000333
1.000017
0.999959
0.999894
0.999918
1.000133
1.000115
1.000186
0.999911
0.999968
0.999975
1.000030
1.000153
1.000015
1.000048
1.000083
1.000000
0.999971
1.000046
1.000031
0.999969
0.999986
1.000073
0.999992
0.999916
1.000118
1.000069
0.999962
0.999981
0.999919
1.000031
1.000127
1.000134
0.999901
0.999995
0.999971
1.000058
1.000250
0.999947
1.000088
1.000080
0.999966
0.999977
1.000022
1.000027
0.999981
1.000010
1.000088
0.999949
0.999960
1.000303
0.999992
0.999958
0.999970
0.999924
1.000134
1.000078
1.000072
1.000020
1.000133
1.000196
1.000104
1.000134
1.000248
1.000122
1.000087
1.000121
1.000067
0.999991
1.000005
1.000116
1.000128
1.000097
1.000144
1.000344
1.000147
1.000089
1.000226
1.000163
1.000047
1.000035
1.000061
1.000151
1.000078
1.000050
1.000209
1.000093
1.000148
1.000278
1.000102
1.000090
1.000087
1.000050
1.000027
1.000000
1.000057
1.000123
1.000048
1.000081
1.000427
1.000210
1.000090
1.000404
1.000144
1.000081
1.000078
1.000016
1.000123
1.000067
1.000146
1.000222
1.000105
1.000163
1.000378
1.000113
1.000060
1.000094
1.000112
1.000004
1.000015
1.000102
1.000119
1.000093
1.000101
1.000244
1.000124
1.000083
1.000237
1.000081
1.000066
1.000074
1.000078
1.000071
1.000033
1.000144
1.000210
1.000081
1.000127
1.000334
1.000129
1.000097
1.000104
1.000102
1.000021
0.999997
1.000099
1.000111
1.000121
1.000146
1.000326
1.000214
1.000083
1.000197
1.000047
1.000053
1.000073
1.000045
1.000018
1.000114
1.000151
1.000002
0.999976
0.999984
1.000088
1.000071
1.000003
1.000043
1.000084
0.999961
0.999970
1.000060
1.000044
1.000037
1.000057
1.000013
1.000053
0.999874
0.999951
1.000150
1.000201
0.999971
1.000023
1.000036
1.000176
1.000077
0.999924
0.999937
1.000000
0.999997
1.000082
1.000028
1.000049
1.000084
0.999967
0.999954
1.000084
1.000031
1.000038
1.000108
1.000052
1.000034
0.999856
0.999977
1.000149
1.000222
0.999964
0.999997
1.000018
1.000123
1.000218
1.000029
0.999937
1.000022
1.000056
1.000125
0.999999
1.000040
1.000047
0.999957
0.999993
1.000038
1.000052
1.000006
1.000224
1.000083
0.999979
0.999971
0.999905
1.000152
1.000209
0.999984
1.000044
1.000019
1.000172
1.000153
0.999980
0.999897
1.000049
1.000036
1.000110
1.000003
1.000056
1.000060
0.999992
0.999958
1.000087
1.000037
1.000001
1.000065
1.000047
1.000033
0.999921
0.999924
1.000079
1.000141
1.000022
1.000027
1.000012
1.000005
0.999993
0.999984
0.999989
1.000014
1.000033
0.999929
1.000041
0.999976
1.000026
1.000040
1.000038
1.000015
0.999974
1.000057
1.000004
1.000059
1.000020
0.999900
0.999966
1.000103
1.000030
1.000006
1.000013
1.000001
1.000030
1.000146
0.999962
0.999951
0.999977
1.000011
1.000025
1.000010
1.000001
1.000055
1.000033
1.000037
1.000027
0.999955
1.000030
1.000008
1.000051
1.000011
0.999917
0.999978
1.000086
1.000028
0.999933
1.000013
1.000030
1.000004
1.000000
1.000008
1.000014
1.000006
0.999957
0.999984
1.000054
1.000002
1.000030
1.000016
1.000046
1.000026
1.000052
1.000038
0.999985
1.000013
0.999975
1.000005
0.999925
1.000069
1.000072
1.000032
0.999995
1.000084
0.999982
0.999992
1.000041
0.999956
1.000055
1.000024
0.999943
1.000012
0.999965
1.000024
1.000037
1.000023
1.000041
0.999922
1.000044
0.999985
1.000020
1.000032
0.999930
1.000001
1.000067
0.999948
1.000012
0.999993
1.000005
0.999973
1.000015
0.999979
0.999999
1.000047
1.000197
1.000041
1.000072
1.000012
1.000156
1.000047
1.000042
1.000160
1.000067
0.999972
0.999984
1.000151
1.000019
0.999980
0.999980
1.000084
0.999994
0.999959
1.000038
0.999978
0.999971
1.000080
0.999992
1.000035
1.000064
1.000247
0.999959
0.999984
1.000087
1.000120
1.000047
1.000044
1.000117
1.000021
1.000037
1.000026
1.000147
1.000016
1.000057
0.999980
1.000058
1.000001
0.999947
1.000045
0.999959
0.999974
1.000015
0.999994
1.000042
1.000018
1.000137
1.000006
1.000045
1.000072
1.000145
1.000033
1.000018
1.000126
1.000117
0.999988
0.999960
1.000245
1.000041
1.000098
1.000085
1.000065
0.999995
0.999957
1.000023
1.000035
0.999975
0.999960
1.000012
1.000025
1.000100
1.000170
0.999969
0.999971
0.999987
1.000102
1.000017
1.000041
1.000117
1.000033
1.000070
0.999925
1.000151
1.000058
1.000027
1.000050
1.000012
0.999938
1.000005
0.999964
1.000075
1.000204
1.000416
1.000136
1.000043
1.000262
1.000088
1.000128
1.000050
1.000236
0.999971
0.999947
0.999940
1.000015
1.000202
1.000017
1.000305
1.000233
1.000361
1.000100
1.000163
1.000242
1.000077
0.999978
1.000017
1.000094
1.000145
1.000266
1.000098
0.999996
1.000170
1.000141
1.000215
1.000005
1.000147
1.000043
0.999899
0.999961
1.000022
1.000231
0.999987
1.000192
1.000164
1.000179
1.000054
1.000119
1.000340
1.000207
1.000069
1.000006
0.999986
1.000237
1.000416
1.000189
1.000127
1.000125
0.999934
1.000049
1.000045
1.000149
1.000045
0.999929
0.999873
1.000037
1.000143
1.000015
1.000215
1.000150
1.000181
1.000010
1.000049
1.000323
1.000187
1.000015
1.000051
1.000104
1.000137
1.000260
1.000130
1.000113
1.000332
1.000130
1.000190
1.000017
1.000245
1.000053
0.999952
0.999969
0.999980
1.000237
1.000044
1.000174
1.000078
1.000296
1.000147
1.000164
1.000389
1.000215
1.000075
1.000118
1.000396
1.000540
1.000197
1.000203
1.000210
1.000215
0.999970
1.000135
1.000071
0.999989
1.000083
0.999993
0.999980
1.000151
1.000009
1.000072
1.000090
0.999942
1.000179
1.000166
1.000204
1.000297
1.000579
1.000405
1.000040
1.000348
1.000429
1.000186
1.000295
1.000270
1.000307
1.000005
1.000033
1.000064
1.000043
1.000102
0.999985
0.999980
1.000180
0.999987
0.999982
1.000017
1.000013
1.000267
1.000074
1.000135
1.000081
1.000365
1.000351
1.000011
1.000397
1.000388
1.000099
1.000190
1.000117
1.000318
1.000055
1.000203
1.000075
1.000034
1.000090
0.999992
0.999977
1.000193
1.000119
1.000124
1.000044
0.999947
1.000328
1.000203
1.000219
1.000155
1.000399
1.000318
1.000066
1.000417
1.000549
1.000221
1.000143
1.000138
1.000165
1.000018
1.000043
1.000055
1.000002
1.000150
0.999973
0.999991
1.000073
1.000028
1.000141
1.000063
1.000003
1.000144
1.000109
1.000162
1.000176
1.000484
1.000423
1.000167
1.000312
1.000048
1.000061
0.999998
1.000214
1.000079
1.000074
0.999982
1.000020
0.999940
1.000053
1.000067
1.000059
1.000064
1.000008
0.999983
0.999984
1.000079
1.000063
1.000185
1.000057
0.999967
0.999985
1.000261
1.000243
1.000378
1.000068
0.999967
0.999990
1.000200
1.000190
1.000148
0.999957
1.000026
0.999970
1.000011
1.000059
1.000064
1.000058
0.999970
0.999997
1.000031
1.000067
1.000002
1.000099
1.000011
1.000064
1.000149
1.000303
1.000261
1.000361
1.000125
0.999981
0.999978
1.000122
1.000072
1.000025
0.999986
1.000036
0.999962
1.000012
1.000055
1.000055
1.000057
0.999998
0.999981
0.999975
1.000071
1.000060
1.000116
1.000001
0.999996
1.000054
1.000335
1.000202
1.000202
1.000055
1.000028
1.000010
1.000180
1.000053
1.000101
1.000010
0.999969
1.000007
1.000066
1.000059
1.000062
1.000042
0.999971
1.000007
1.000010
1.000084
1.000039
1.000155
1.000073
0.999973
1.000064
1.000298
1.000086
1.000030
0.999977
1.000091
0.999984
0.999891
1.000041
1.000085
1.000034
1.000056
1.000041
1.000041
1.000002
0.999961
1.000059
1.000102
1.000065
1.000095
1.000140
1.000011
0.999939
1.000178
1.000018
0.999914
1.000068
1.000098
1.000015
0.999975
1.000007
1.000074
0.999954
1.000091
1.000073
1.000061
1.000065
1.000087
1.000016
0.999993
0.999968
1.000029
1.000096
1.000070
1.000046
1.000091
1.000100
1.000029
1.000011
1.000050
0.999934
0.999981
1.000090
0.999987
0.999972
1.000039
1.000154
1.000010
1.000051
1.000162
1.000078
1.000074
1.000087
1.000016
0.999997
0.999973
1.000050
1.000116
1.000068
1.000061
1.000095
1.000109
1.000012
1.000169
1.000016
0.999923
1.000008
1.000123
0.999962
0.999983
1.000048
1.000019
0.999952
0.999992
1.000132
1.000091
1.000045
1.000084
1.000052
0.999988
1.000013
1.000018
1.000068
1.000052
1.000092
1.000133
1.000074
0.999983
1.000062
0.999996
0.999963
1.000019
1.000046
1.000038
1.000011
1.000011
1.000296
1.000079
1.000318
1.000155
1.000162
1.000261
1.000167
1.000253
1.000309
1.000247
1.000222
1.000162
1.000231
1.000132
1.000182
1.000386
0.999989
1.000091
1.000039
1.000009
1.000038
1.000095
1.000007
1.000033
1.000031
1.000196
0.999939
1.000184
1.000156
1.000159
1.000272
1.000182
1.000205
1.000270
1.000336
1.000310
1.000221
1.000270
1.000159
1.000160
1.000156
0.999962
1.000254
0.999988
0.999957
1.000032
1.000090
1.000006
0.999996
1.000011
1.000136
1.000008
1.000251
1.000142
1.000162
1.000303
1.000206
1.000191
1.000226
1.000259
1.000213
1.000176
1.000272
1.000159
1.000160
1.000156
0.999951
1.000112
1.000047
1.000001
1.000049
1.000117
1.000009
0.999969
1.000049
1.000243
1.000041
1.000304
1.000168
1.000133
1.000223
1.000153
1.000167
1.000217
1.000230
1.000177
1.000174
1.000229
1.000134
1.000166
1.000186
0.999967
1.000244
0.999991
0.999951
1.000012
1.000359
1.000140
1.000007
1.000075
1.000083
1.000142
1.000098
1.000096
1.000076
1.000198
1.000092
1.000089
1.000346
1.000379
1.000040
1.000055
1.000233
0.999974
1.000080
1.000138
1.000088
1.000047
1.000137
1.000070
1.000101
1.000269
1.000098
1.000093
1.000104
1.000062
1.000130
1.000087
1.000061
1.000000
1.000114
1.000041
1.000093
1.000398
1.000319
1.000046
0.999997
1.000105
1.000000
1.000059
1.000114
1.000086
1.000057
1.000141
0.999997
1.000145
1.000322
1.000136
0.999978
1.000084
1.000089
1.000161
1.000147
1.000057
1.000007
1.000172
1.000080
1.000083
1.000418
1.000375
1.000043
1.000011
1.000106
1.000000
1.000059
1.000111
1.000145
1.000105
1.000176
1.000092
1.000101
1.000245
1.000110
1.000016
1.000159
1.000093
1.000137
1.000104
1.000095
0.999988
1.000231
1.000051
1.000069
1.000390
1.000405
1.000054
1.000053
1.000236
0.999980
1.000128
1.000170
1.000177
1.000115
1.000165
1.000018
1.000190
0.999918
1.000109
1.000043
1.000093
0.999999
1.000024
0.999991
1.000030
1.000132
0.999904
0.999953
1.000136
1.000074
1.000050
1.000162
1.000024
0.999846
0.999969
1.000036
1.000057
1.000011
0.999942
1.000186
1.000048
1.000014
0.999978
1.000015
1.000070
1.000223
0.999943
1.000047
1.000016
1.000033
1.000002
0.999992
1.000174
1.000169
1.000034
1.000063
1.000150
1.000249
0.999965
1.000031
1.000033
1.000026
1.000024
0.999979
1.000112
1.000038
1.000077
0.999989
1.000078
1.000023
1.000123
0.999984
1.000045
1.000057
0.999995
1.000022
0.999897
1.000008
1.000165
1.000076
1.000051
1.000128
1.000192
0.999974
1.000011
1.000033
1.000020
1.000046
0.999979
1.000186
1.000013
0.999999
0.999993
1.000130
1.000017
1.000159
0.999992
1.000025
1.000031
1.000040
0.999934
0.999932
1.000110
1.000196
1.000058
1.000044
1.000239
1.000147
0.999918
1.000017
1.000043
1.000035
1.000040
0.999974
1.000218
1.000056
1.000023
0.999887
1.000031
1.000164
0.999999
0.999977
1.000015
1.000037
0.999977
1.000099
0.999913
1.000159
1.000089
1.000009
0.999969
1.000115
1.000194
0.999913
1.000121
1.000001
1.000034
1.000033
0.999965
1.000001
1.000125
0.999997
0.999898
0.999996
1.000131
1.000000
0.999954
1.000051
1.000019
0.999979
1.000067
1.000006
1.000098
1.000006
1.000010
0.999991
1.000102
1.000036
0.999943
1.000144
0.999988
1.000022
1.000024
0.999976
0.999999
1.000184
1.000011
0.999919
1.000005
1.000122
1.000036
0.999971
1.000006
1.000046
0.999987
1.000090
0.999915
1.000191
1.000111
0.999978
0.999977
1.000092
1.000088
0.999992
1.000148
0.999974
1.000057
1.000004
0.999964
1.000017
1.000108
0.999990
0.999907
1.000019
1.000229
0.999996
0.999974
1.000015
1.000046
1.000019
1.000133
0.999992
1.000135
1.000022
1.000026
0.999971
1.000037
1.000126
0.999968
1.000067
0.999998
1.000060
1.000029
0.999955
0.999994
1.000253
0.999968
1.000285
1.000431
1.000216
1.000036
0.999983
1.000017
1.000010
0.999932
1.000232
1.000193
1.000045
1.000051
1.000001
0.999986
1.000036
1.000073
1.000194
1.000190
0.999969
1.000033
1.000032
0.999986
1.000014
1.000244
1.000424
1.000221
1.000378
1.000226
1.000055
0.999962
1.000027
1.000057
0.999959
1.000186
1.000211
1.000076
0.999955
1.000018
0.999991
1.000025
1.000055
1.000209
1.000185
0.999995
1.000004
1.000025
0.999982
1.000026
1.000197
1.000432
1.000264
1.000359
1.000226
1.000038
0.999964
1.000031
1.000054
0.999955
1.000217
1.000354
1.000047
1.000042
0.999986
1.000005
1.000016
1.000050
1.000347
1.000196
0.999931
1.000020
1.000026
0.999983
1.000045
1.000236
1.000455
1.000357
1.000427
1.000174
1.000044
0.999975
1.000001
1.000028
1.000007
1.000182
1.000269
1.000117
0.999969
1.000021
0.999985
0.999995
1.000073
1.000199
1.000207
0.999935
1.000019
1.000020
0.999961
1.000029
1.000183
1.000361
1.000461
1.000269
1.000169
1.000289
1.000062
1.000041
1.000000
1.000055
1.000079
1.000440
1.000127
0.999966
0.999989
1.000060
0.999983
1.000025
1.000468
1.000158
1.000153
1.000005
1.000023
1.000060
1.000243
1.000163
1.000310
1.000489
1.000282
1.000171
1.000211
1.000044
1.000027
1.000001
1.000123
1.000150
1.000439
1.000038
0.999934
1.000038
1.000019
0.999946
1.000040
1.000455
1.000169
1.000112
0.999992
1.000043
1.000062
1.000250
1.000167
1.000272
1.000408
1.000280
1.000171
1.000211
1.000051
1.000043
0.999999
1.000119
1.000093
1.000226
1.000029
1.000007
1.000038
1.000011
0.999959
0.999997
1.000207
1.000090
1.000053
0.999999
1.000028
1.000088
1.000339
1.000174
1.000269
1.000408
1.000269
1.000162
1.000326
1.000087
0.999995
1.000012
1.000076
1.000135
1.000383
1.000037
0.999948
0.999993
1.000045
0.999999
1.000077
1.000428
1.000124
1.000111
1.000001
1.000027
1.000057
1.000288
1.000156
1.000319
1.000018
0.999966
1.000005
1.000028
1.000195
1.000124
1.000077
1.000051
0.999971
0.999996
1.000084
0.999955
1.000025
1.000053
0.999985
1.000110
1.000000
0.999963
1.000047
1.000094
1.000153
1.000241
1.000009
1.000049
1.000016
0.999991
0.999978
1.000009
1.000036
1.000279
1.000196
1.000078
1.000001
0.999979
1.000045
1.000074
0.999921
1.000051
1.000032
0.999934
1.000096
1.000007
0.999990
1.000009
1.000052
1.000147
1.000250
1.000040
1.000031
0.999980
0.999990
0.999974
1.000010
1.000034
1.000203
1.000128
1.000065
1.000012
0.999975
0.999990
1.000055
0.999990
1.000035
1.000030
0.999941
1.000114
0.999995
0.999985
1.000040
1.000040
1.000155
1.000164
1.000036
0.999963
0.999980
0.999993
0.999988
0.999980
1.000021
1.000165
1.000155
1.000067
1.000047
0.999973
0.999986
1.000094
0.999973
1.000026
1.000042
0.999990
1.000051
1.000008
0.999979
1.000001
1.000077
1.000171
1.000263
1.000030
0.999976
1.000025
0.999977
0.999999
0.999986
0.999949
1.000061
1.000210
1.000309
1.000180
1.000140
1.000006
1.000135
1.000146
1.000166
1.000225
1.000249
1.000112
0.999999
1.000125
1.000240
1.000395
1.000265
1.000056
0.999991
1.000058
0.999990
0.999899
0.999961
0.999977
0.999976
1.000066
1.000208
1.000308
1.000187
1.000111
1.000013
1.000104
1.000178
1.000191
1.000196
1.000177
1.000086
1.000007
1.000130
1.000211
1.000307
1.000208
1.000059
0.999983
1.000010
1.000026
0.999941
0.999950
1.000003
1.000003
1.000070
1.000217
1.000318
1.000214
1.000174
1.000000
1.000129
1.000184
1.000208
1.000192
1.000169
1.000088
0.999987
1.000204
1.000263
1.000382
1.000204
1.000107
0.999984
1.000014
0.999967
0.999923
1.000024
0.999983
0.999978
1.000102
1.000191
1.000355
1.000248
1.000143
0.999986
1.000102
1.000188
1.000203
1.000214
1.000184
1.000132
0.999991
1.000125
1.000212
1.000320
1.000224
1.000068
0.999965
0.999969
1.000055
0.999990
1.000164
1.000063
1.000082
1.000070
1.000077
1.000052
1.000035
1.000120
1.000196
1.000110
1.000182
0.999963
0.999989
1.000036
1.000053
1.000256
1.000144
1.000030
1.000012
1.000061
1.000094
1.000031
1.000046
1.000234
1.000017
1.000185
1.000014
1.000079
1.000078
1.000052
1.000053
1.000044
1.000084
1.000165
1.000121
1.000121
0.999974
0.999972
1.000138
1.000124
1.000188
1.000096
1.000030
1.000069
1.000067
1.000059
1.000032
1.000016
1.000119
1.000120
1.000345
1.000046
1.000038
1.000071
1.000046
1.000054
1.000040
1.000100
1.000268
1.000128
1.000135
0.999974
0.999973
1.000198
1.000164
1.000184
1.000066
1.000024
1.000048
1.000061
1.000061
1.000032
1.000090
1.000209
1.000024
1.000138
1.000054
1.000057
1.000087
1.000054
1.000019
1.000026
1.000100
1.000244
1.000160
1.000117
0.999964
0.999979
1.000113
1.000076
1.000183
1.000105
1.000033
1.000047
1.000045
1.000089
1.000096
1.000045
1.000103
1.000260
1.000059
1.000230
1.000140
1.000056
1.000014
0.999965
1.000033
1.000003
1.000115
1.000064
1.000097
1.000057
1.000092
1.000124
1.000058
1.000029
1.000055
1.000038
0.999965
1.000003
1.000033
1.000134
1.000196
1.000108
1.000299
1.000080
1.000199
1.000132
1.000053
0.999997
0.999948
1.000027
1.000040
1.000141
1.000071
1.000144
1.000093
1.000057
1.000098
1.000064
1.000116
1.000019
1.000021
0.999956
1.000022
1.000033
1.000156
1.000170
1.000051
1.000289
1.000101
1.000200
1.000156
1.000039
1.000011
0.999965
1.000038
1.000036
1.000059
1.000081
1.000079
1.000054
1.000051
1.000040
1.000078
1.000113
0.999982
1.000032
0.999963
1.000023
1.000052
1.000139
1.000182
1.000082
1.000290
1.000105
1.000236
1.000169
1.000051
1.000012
0.999965
1.000042
1.000023
1.000078
1.000047
1.000098
1.000057
1.000084
1.000123
1.000073
1.000113
1.000003
1.000038
0.999966
1.000006
1.000031
1.000140
1.000175
1.000051
0.999981
0.999970
0.999977
1.000017
1.000141
1.000101
0.999982
1.000049
1.000040
0.999969
0.999999
0.999998
1.000179
1.000128
1.000026
0.999957
0.999985
1.000035
1.000050
0.999981
1.000070
1.000159
1.000032
0.999973
1.000061
1.000014
1.000016
0.999996
1.000008
1.000102
1.000098
0.999959
1.000008
1.000059
1.000006
0.999947
1.000025
1.000125
1.000172
0.999999
0.999999
0.999967
1.000078
1.000033
0.999966
1.000104
1.000130
1.000001
0.999987
1.000068
0.999976
0.999976
1.000024
0.999998
1.000131
1.000070
0.999977
1.000051
1.000042
1.000025
1.000007
0.999987
1.000179
1.000166
0.999982
1.000026
1.000000
1.000006
1.000031
0.999984
1.000069
1.000146
1.000087
0.999965
1.000002
1.000091
1.000011
0.999962
1.000063
1.000131
1.000103
0.999958
1.000032
1.000069
0.999962
0.999999
0.999997
1.000179
1.000129
1.000039
0.999981
0.999971
1.000042
1.000042
0.999972
1.000072
1.000147
1.000027
0.999985
1.000048
0.999975
1.000013
0.999999
1.000060
1.000050
1.000190
1.000081
1.000035
1.000101
0.999963
0.999976
1.000011
0.999979
1.000020
1.000034
0.999985
1.000029
1.000282
1.000014
1.000084
1.000173
1.000044
1.000076
0.999966
0.999978
0.999990
1.000012
0.999997
1.000048
1.000097
1.000214
1.000131
0.999986
1.000308
1.000042
0.999957
1.000025
1.000021
0.999989
1.000011
0.999992
0.999959
1.000190
1.000036
1.000138
1.000191
1.000056
1.000050
1.000018
1.000071
0.999976
0.999993
1.000017
1.000072
1.000049
1.000183
1.000093
1.000035
1.000240
1.000038
0.999988
1.000010
1.000004
1.000005
1.000001
1.000000
0.999992
1.000213
1.000022
1.000103
1.000199
1.000063
1.000061
1.000002
1.000017
1.000004
0.999988
1.000025
1.000061
1.000049
1.000176
1.000129
1.000033
1.000187
0.999957
0.999995
1.000007
0.999981
1.000030
1.000028
0.999971
0.999990
1.000176
0.999999
1.000053
1.000154
1.000049
1.000058
0.999993
1.000012
1.000316
1.000081
1.000197
1.000049
1.000035
0.999978
1.000050
1.000155
1.000284
1.000333
1.000133
1.000058
0.999965
0.999999
1.000079
1.000111
1.000323
1.000257
1.000226
1.000186
0.999970
1.000010
1.000020
1.000389
1.000160
1.000324
1.000146
1.000371
1.000021
1.000022
0.999994
1.000084
1.000134
1.000206
1.000250
1.000069
1.000046
0.999985
0.999997
1.000094
1.000077
1.000249
1.000281
1.000208
1.000114
0.999961
1.000012
1.000053
1.000157
1.000045
1.000152
1.000052
1.000148
1.000029
1.000018
0.999958
1.000099
1.000188
1.000297
1.000271
1.000091
1.000040
0.999985
0.999990
1.000024
1.000101
1.000322
1.000256
1.000228
1.000122
0.999955
0.999995
1.000065
1.000100
1.000013
1.000128
1.000023
1.000308
1.000012
0.999976
0.999983
1.000164
1.000211
1.000304
1.000281
1.000082
1.000040
0.999969
1.000004
1.000076
1.000078
1.000254
1.000245
1.000179
1.000048
0.999992
1.000030
1.000004
1.000416
1.000188
1.000148
1.000303
1.000365
1.000173
1.000000
0.999936
1.000066
1.000418
0.999980
1.000024
1.000088
1.000263
1.000018
1.000012
1.000133
1.000058
0.999989
0.999990
1.000170
1.000014
0.999941
0.999992
1.000248
1.000361
1.000462
1.000335
1.000394
1.000327
1.000254
0.999987
0.999922
1.000073
1.000357
0.999998
1.000023
1.000057
1.000263
1.000019
1.000012
1.000137
1.000079
1.000025
0.999969
1.000388
1.000116
0.999929
0.999953
1.000172
1.000357
1.000291
1.000153
1.000316
1.000490
1.000387
0.999972
0.999932
1.000033
1.000256
0.999981
1.000005
1.000047
1.000186
1.000018
1.000034
1.000285
1.000082
1.000019
0.999991
1.000186
1.000045
0.999930
0.999979
1.000369
1.000532
1.000495
1.000318
1.000349
1.000304
1.000234
0.999958
0.999966
1.000052
1.000384
0.999957
1.000008
1.000057
1.000250
1.000012
1.000012
1.000137
1.000081
1.000001
0.999968
1.000302
1.000084
0.999950
1.000000
1.000147
1.000185
1.000250
1.000027
1.000269
1.000148
1.000308
1.000335
1.000219
1.000118
1.000043
0.999976
0.999983
1.000027
1.000055
1.000333
1.000252
1.000062
1.000067
0.999937
1.000008
1.000089
1.000106
1.000200
1.000367
1.000298
1.000089
1.000103
0.999960
1.000115
1.000075
1.000264
1.000383
1.000233
1.000148
1.000068
0.999952
0.999957
1.000125
1.000028
1.000176
1.000217
1.000055
1.000050
0.999946
0.999973
1.000066
1.000151
1.000260
1.000293
1.000231
1.000129
1.000267
1.000017
1.000271
1.000051
1.000179
1.000294
1.000220
1.000131
1.000090
0.999978
0.999949
1.000139
1.000121
1.000331
1.000217
0.999993
1.000060
0.999961
0.999978
1.000055
1.000121
1.000271
1.000330
1.000157
1.000041
1.000128
0.999971
1.000210
1.000129
1.000260
1.000395
1.000268
1.000127
1.000057
0.999979
0.999956
1.000111
1.000093
1.000327
1.000224
1.000055
1.000060
0.999939
0.999971
1.000069
1.000155
1.000235
1.000418
1.000271
1.000147
1.000280
0.999986
1.000078
1.000161
0.999978
1.000091
1.000200
1.000022
1.000003
1.000134
1.000067
1.000060
0.999992
1.000241
1.000407
0.999993
1.000099
1.000038
1.000090
0.999998
0.999992
1.000245
1.000108
1.000058
1.000046
0.999939
0.999984
1.000015
1.000057
1.000079
1.000027
1.000174
1.000047
0.999996
1.000063
1.000092
1.000075
0.999969
1.000394
1.000398
0.999990
1.000087
1.000038
1.000087
1.000055
1.000048
1.000215
1.000182
1.000025
1.000213
1.000010
1.000012
0.999932
1.000043
1.000083
1.000137
1.000275
1.000059
1.000017
1.000070
1.000077
1.000068
1.000000
1.000267
1.000421
0.999968
1.000165
1.000057
1.000124
1.000015
1.000002
1.000238
1.000117
0.999956
1.000067
1.000077
0.999930
0.999934
1.000096
1.000079
1.000034
1.000170
1.000033
1.000021
1.000072
1.000080
1.000068
1.000001
1.000252
1.000400
0.999976
1.000126
1.000097
1.000159
1.000067
1.000085
1.000258
1.000046
1.000097
1.000147
0.999939
0.999999
1.000027
1.000009
1.000063
0.999963
1.000001
1.000041
1.000000
1.000492
1.000502
1.000069
1.000108
1.000116
1.000056
1.000083
1.000023
1.000428
1.000531
1.000098
1.000111
1.000011
0.999982
1.000052
0.999947
0.999986
1.000037
1.000007
0.999981
1.000109
0.999991
0.999974
1.000084
1.000087
1.000555
1.000403
1.000026
1.000032
1.000103
1.000110
1.000048
0.999984
1.000418
1.000531
1.000007
1.000029
0.999978
1.000009
1.000086
0.999988
1.000015
1.000032
0.999984
0.999981
1.000122
0.999975
0.999918
1.000101
1.000020
1.000477
1.000409
1.000026
1.000036
1.000103
1.000053
0.999975
1.000049
1.000505
1.000381
0.999989
1.000052
1.000038
0.999983
1.000049
1.000032
1.000052
0.999965
0.999987
1.000014
1.000123
0.999983
0.999920
1.000051
1.000019
1.000465
1.000400
1.000026
1.000036
1.000094
1.000105
1.000038
1.000122
1.000501
1.000377
0.999988
1.000064
0.999922
0.999971
1.000128
1.000009
1.000001
1.000126
0.999998
0.999976
1.000028
1.000236
1.000083
1.000177
1.000158
1.000145
1.000169
1.000207
1.000220
0.999941
0.999979
1.000293
1.000221
1.000236
1.000192
1.000171
1.000111
1.000089
1.000159
1.000078
0.999966
0.999987
1.000182
0.999989
0.999964
1.000087
1.000136
1.000062
1.000132
1.000177
1.000160
1.000199
1.000197
1.000390
0.999971
0.999971
1.000470
1.000356
1.000307
1.000187
1.000183
1.000181
1.000052
1.000126
1.000079
0.999946
1.000003
1.000205
0.999983
0.999966
1.000110
1.000151
1.000046
1.000117
1.000146
1.000222
1.000212
1.000194
1.000468
0.999961
0.999963
1.000517
1.000265
1.000158
1.000259
1.000213
1.000112
1.000084
1.000194
0.999989
0.999996
0.999993
1.000265
0.999987
0.999973
1.000121
1.000177
1.000073
1.000182
1.000154
1.000214
1.000218
1.000217
1.000498
0.999963
0.999952
1.000499
1.000136
1.000118
1.000197
1.000141
1.000140
1.000061
1.000179
1.000117
0.999966
0.999977
1.000272
1.000118
1.000202
1.000281
1.000299
1.000341
1.000213
1.000059
0.999966
0.999993
1.000078
1.000123
0.999998
1.000049
1.000108
1.000107
1.000016
0.999944
1.000130
1.000217
1.000342
1.000390
1.000331
1.000235
1.000118
1.000220
1.000064
1.000298
1.000343
1.000452
1.000375
1.000212
1.000132
0.999952
1.000040
1.000110
1.000063
1.000003
1.000045
1.000065
1.000039
0.999994
0.999945
1.000126
1.000218
1.000383
1.000515
1.000394
1.000173
1.000075
1.000187
1.000047
1.000217
1.000346
1.000436
1.000348
1.000198
1.000159
0.999924
1.000036
1.000108
1.000039
1.000034
1.000029
1.000044
1.000065
1.000009
0.999935
1.000061
1.000193
1.000329
1.000305
1.000272
1.000208
1.000101
1.000144
1.000072
1.000256
1.000392
1.000460
1.000341
1.000207
1.000155
0.999961
1.000033
1.000118
1.000040
1.000023
1.000008
1.000041
1.000129
1.000009
0.999956
1.000099
1.000186
1.000340
1.000396
1.000332
1.000295
1.000079
1.000004
1.000008
1.000301
1.000100
0.999961
1.000003
1.000010
1.000095
0.999995
1.000013
1.000009
1.000043
1.000113
1.000198
1.000030
1.000041
1.000078
0.999967
1.000045
1.000036
0.999998
0.999973
1.000064
1.000201
1.000049
0.999970
0.999994
1.000225
1.000085
0.999977
1.000007
1.000029
1.000027
0.999947
1.000048
1.000050
1.000026
1.000166
1.000142
1.000052
1.000004
1.000034
0.999993
1.000039
1.000023
0.999990
1.000001
1.000047
1.000313
1.000040
0.999977
1.000049
1.000351
1.000084
0.999972
1.000003
1.000039
1.000053
0.999953
1.000066
1.000015
1.000019
1.000141
1.000130
1.000016
1.000031
1.000081
0.999960
1.000093
1.000035
1.000009
0.999950
1.000108
1.000297
1.000013
0.999990
0.999988
1.000187
1.000047
1.000004
0.999991
1.000025
1.000042
0.999988
1.000021
1.000023
1.000036
1.000188
1.000174
1.000042
1.000006
1.000012
0.999993
1.000112
1.000020
0.999990
0.999979
1.000092
1.000218
0.999987
1.000128
1.000054
1.000021
0.999999
0.999986
1.000021
1.000024
0.999985
1.000137
1.000213
1.000356
1.000249
1.000369
1.000284
1.000081
1.000231
1.000205
1.000055
1.000018
1.000062
1.000010
1.000008
0.999975
1.000040
1.000035
1.000131
1.000081
1.000019
0.999977
1.000006
1.000021
1.000029
1.000024
1.000147
1.000220
1.000249
1.000114
1.000304
1.000367
1.000254
1.000367
1.000241
1.000189
1.000006
1.000002
0.999985
0.999998
0.999987
1.000023
1.000045
1.000138
1.000047
1.000033
0.999978
1.000027
1.000043
1.000037
1.000003
1.000071
1.000220
1.000304
1.000242
1.000355
1.000368
1.000250
1.000331
1.000173
0.999992
0.999987
1.000058
1.000015
0.999972
0.999997
1.000015
1.000057
1.000168
1.000074
1.000010
0.999968
0.999996
1.000038
1.000007
1.000006
1.000149
1.000188
1.000280
1.000116
1.000304
1.000302
1.000176
1.000345
1.000213
1.000152
0.999997
1.000005
0.999995
0.999992
0.999988
1.000030
1.000052
1.000023
1.000108
1.000075
1.000072
1.000114
1.000211
1.000033
0.999952
1.000191
1.000182
0.999910
1.000070
1.000082
1.000071
1.000083
0.999969
1.000130
1.000344
0.999976
1.000046
1.000298
1.000127
1.000063
1.000066
1.000187
1.000054
1.000253
1.000021
1.000059
1.000118
1.000211
1.000031
0.999981
1.000229
1.000263
1.000004
1.000088
1.000068
1.000095
0.999967
0.999904
1.000113
1.000219
0.999984
1.000008
1.000307
1.000162
1.000045
1.000048
1.000215
1.000049
1.000221
1.000042
1.000056
1.000129
1.000204
1.000027
0.999983
1.000337
1.000115
0.999966
1.000052
1.000076
1.000078
1.000056
0.999928
1.000232
1.000353
0.999979
1.000016
1.000269
1.000166
1.000032
1.000031
1.000111
1.000022
1.000291
1.000084
1.000066
1.000144
1.000175
0.999995
0.999999
1.000210
1.000117
0.999988
1.000085
1.000071
1.000082
1.000061
0.999916
1.000011
1.000189
0.999988
1.000048
1.000358
1.000166
1.000046
1.000043
1.000220
0.999993
1.000276
1.000177
0.999989
0.999936
1.000049
1.000084
0.999934
1.000065
1.000027
0.999941
1.000043
1.000398
1.000361
1.000019
0.999931
1.000052
1.000023
0.999987
1.000084
0.999976
0.999958
1.000012
1.000204
1.000226
0.999952
1.000081
1.000147
0.999987
0.999925
1.000054
1.000096
0.999970
1.000034
0.999994
0.999991
0.999981
1.000240
1.000262
1.000001
0.999944
1.000084
1.000064
0.999999
1.000100
0.999996
0.999956
0.999993
1.000152
1.000115
0.999984
1.000141
1.000176
0.999995
0.999956
1.000007
1.000115
1.000004
1.000002
1.000039
0.999963
0.999988
1.000243
1.000342
1.000032
0.999947
1.000042
1.000031
0.999973
1.000092
1.000060
0.999953
0.999964
1.000175
1.000261
0.999993
1.000104
1.000201
0.999986
0.999946
1.000021
1.000098
0.999991
1.000044
1.000014
0.999945
1.000019
1.000351
1.000362
1.000033
0.999981
1.000076
1.000040
0.999987
1.000140
1.000033
0.999927
0.999984
1.000161
1.000112
1.000071
1.000013
1.000052
1.000101
0.999992
1.000074
1.000008
1.000006
1.000064
1.000022
1.000077
1.000066
1.000057
1.000175
1.000130
1.000125
0.999986
1.000039
1.000006
1.000024
1.000014
0.999955
1.000049
1.000074
0.999972
1.000154
1.000072
1.000089
1.000044
0.999937
1.000035
1.000067
1.000106
1.000135
0.999968
1.000049
1.000150
1.000237
1.000172
1.000104
1.000084
1.000008
1.000132
1.000090
1.000018
1.000030
0.999970
1.000095
1.000064
1.000015
1.000169
1.000043
1.000073
1.000097
1.000012
1.000099
0.999995
1.000002
1.000022
0.999940
1.000058
1.000169
1.000228
1.000112
1.000114
1.000072
1.000019
1.000050
0.999967
1.000059
1.000043
0.999935
1.000032
1.000084
1.000037
1.000073
1.000018
1.000064
1.000085
1.000010
1.000100
0.999988
1.000057
1.000154
0.999998
1.000125
1.000143
1.000129
1.000114
1.000155
1.000043
0.999954
1.000113
1.000075
0.999981
1.000102
0.999992
1.000040
1.000070
1.000016
1.000247
1.000079
1.000228
1.000453
1.000476
1.000157
1.000071
1.000189
1.000460
1.000290
1.000323
1.000295
0.999914
1.000044
1.000116
1.000349
1.000269
1.000250
1.000075
1.000053
1.000207
1.000559
1.000459
1.000209
1.000095
1.000201
1.000049
1.000212
1.000459
1.000556
1.000190
1.000052
1.000067
1.000239
1.000279
1.000416
1.000150
1.000009
0.999925
1.000370
1.000473
1.000249
1.000171
1.000118
1.000042
1.000175
1.000576
1.000441
1.000206
1.000074
1.000173
1.000050
1.000184
1.000431
1.000501
1.000153
1.000022
1.000087
1.000270
1.000337
1.000438
1.000150
0.999972
0.999978
1.000116
1.000335
1.000250
1.000249
1.000074
1.000086
1.000228
1.000548
1.000475
1.000217
1.000030
1.000212
1.000057
1.000206
1.000457
1.000594
1.000191
1.000038
1.000137
1.000277
1.000236
1.000333
1.000284
0.999963
0.999979
1.000131
1.000421
1.000284
1.000279
1.000137
1.000024
1.000153
1.000503
1.000463
1.000236
1.000076
1.000048
1.000215
1.000106
1.000047
1.000166
1.000208
1.000152
1.000243
1.000073
0.999970
1.000067
1.000266
1.000232
1.000207
1.000364
1.000076
1.000003
0.999976
1.000344
1.000167
1.000257
1.000189
1.000050
1.000132
1.000215
0.999985
1.000146
1.000125
1.000069
1.000136
1.000279
1.000162
1.000357
1.000006
1.000001
1.000102
1.000384
1.000189
1.000099
1.000235
1.000079
0.999990
0.999932
1.000298
1.000095
1.000180
1.000109
1.000079
1.000099
1.000158
0.999988
1.000148
1.000112
1.000062
1.000227
1.000371
1.000178
1.000364
0.999971
0.999988
1.000087
1.000405
1.000183
1.000185
1.000364
1.000076
1.000003
0.999979
1.000358
1.000156
1.000335
1.000225
1.000048
1.000087
1.000127
0.999997
1.000143
1.000101
1.000059
1.000119
1.000290
1.000185
1.000242
1.000045
0.999945
1.000064
1.000232
1.000214
1.000332
1.000483
1.000080
0.999956
1.000053
1.000238
1.000188
1.000369
1.000224
1.000067
1.000140
1.000226
1.000018
1.000008
1.000063
0.999999
0.999982
0.999999
1.000011
1.000032
1.000075
0.999999
0.999972
1.000014
1.000298
1.000384
0.999999
0.999999
1.000012
1.000029
0.999994
1.000128
1.000019
0.999984
0.999997
1.000089
0.999977
1.000001
1.000033
1.000058
0.999994
1.000016
0.999976
1.000086
1.000022
1.000072
1.000033
0.999970
1.000007
1.000330
1.000394
0.999995
1.000021
1.000031
1.000071
1.000014
1.000069
0.999977
0.999984
1.000016
1.000026
0.999977
1.000015
1.000016
1.000091
1.000010
0.999965
0.999969
1.000046
1.000033
1.000030
1.000002
1.000010
1.000011
1.000328
1.000382
0.999999
1.000004
1.000012
1.000058
1.000015
1.000056
0.999979
1.000036
0.999989
1.000064
1.000027
1.000033
1.000010
1.000029
1.000018
0.999987
0.999956
1.000048
1.000074
1.000056
0.999971
1.000017
1.000004
1.000296
1.000217
1.000025
0.999973
0.999980
1.000066
1.000049
1.000048
0.999978
1.000019
1.000006
1.000033
0.999981
0.999970
1.000039
1.000066
1.000371
1.000217
0.999960
1.000119
1.000038
1.000092
1.000149
1.000032
1.000120
1.000000
1.000011
1.000088
0.999998
1.000170
1.000082
1.000075
1.000014
0.999972
1.000145
1.000259
0.999973
0.999991
1.000004
1.000007
1.000071
1.000306
1.000033
0.999980
1.000008
1.000027
1.000078
1.000154
1.000013
1.000033
1.000027
0.999989
1.000103
1.000014
1.000163
1.000090
1.000007
1.000085
0.999973
1.000089
1.000219
1.000023
0.999965
1.000012
1.000022
1.000085
1.000353
1.000094
0.999989
1.000077
1.000067
1.000086
1.000204
1.000059
1.000023
1.000034
1.000014
1.000087
1.000007
1.000202
1.000076
1.000040
1.000032
0.999956
1.000063
1.000329
1.000065
1.000036
1.000007
0.999977
1.000127
1.000384
1.000144
0.999983
1.000019
1.000064
1.000084
1.000256
1.000047
1.000086
1.000010
1.000011
1.000039
1.000080
1.000200
1.000096
1.000044
1.000013
0.999969
1.000074
1.000357
1.000125
0.999934
1.000009
1.000093
1.000141
1.000062
1.000118
0.999960
1.000018
1.000033
1.000117
1.000167
1.000139
1.000043
0.999993
1.000032
1.000093
1.000180
1.000195
1.000104
1.000093
1.000068
1.000022
1.000176
1.000118
1.000111
1.000179
1.000036
1.000147
1.000182
1.000080
1.000158
1.000005
1.000056
1.000080
1.000087
1.000155
1.000177
1.000177
0.999993
1.000011
1.000041
1.000145
1.000207
1.000160
1.000055
1.000049
1.000094
1.000229
1.000149
1.000122
1.000221
1.000037
1.000119
1.000158
1.000082
1.000174
1.000022
1.000041
1.000068
1.000105
1.000185
1.000137
1.000127
0.999994
1.000063
1.000100
1.000152
1.000109
1.000018
1.000061
1.000065
1.000010
1.000152
1.000071
1.000158
1.000118
1.000024
1.000129
1.000102
1.000030
1.000203
1.000118
1.000059
1.000055
1.000100
1.000141
1.000157
1.000083
1.000039
0.999985
1.000163
1.000149
1.000174
1.000119
1.000034
1.000043
1.000002
1.000193
1.000087
1.000171
1.000224
1.000108
1.000358
1.000040
0.999951
0.999975
1.000265
0.999984
0.999986
1.000198
1.000036
0.999967
0.999977
1.000329
1.000241
1.000022
0.999937
1.000016
1.000262
0.999985
0.999953
1.000337
1.000015
0.999964
0.999999
1.000129
1.000031
1.000260
1.000058
0.999960
0.999951
1.000350
0.999999
0.999972
1.000274
1.000023
0.999990
0.999984
1.000329
1.000311
0.999985
0.999968
1.000028
1.000083
0.999986
0.999955
1.000241
1.000034
0.999956
0.999999
1.000146
0.999999
1.000216
1.000073
0.999953
0.999948
1.000402
0.999955
0.999977
1.000293
1.000019
0.999970
0.999995
1.000310
1.000294
0.999994
0.999947
1.000029
1.000254
0.999987
0.999956
1.000343
0.999985
0.999951
1.000057
1.000199
1.000031
1.000360
1.000031
0.999957
0.999990
1.000360
0.999991
0.999957
1.000136
1.000010
0.999962
1.000033
1.000242
1.000335
0.999979
0.999966
1.000030
1.000219
0.999976
0.999984
1.000357
0.999971
0.999981
1.000021
1.000153
1.000038
1.000135
1.000179
1.000069
1.000116
1.000102
1.000070
1.000061
1.000057
1.000144
1.000144
1.000149
0.999989
1.000053
1.000068
1.000140
1.000160
1.000086
1.000071
1.000064
1.000062
1.000135
1.000148
1.000122
1.000221
1.000015
1.000103
1.000151
1.000236
1.000204
1.000109
1.000064
1.000036
1.000067
1.000166
1.000128
1.000015
1.000008
1.000004
1.000043
1.000143
1.000189
1.000171
1.000086
1.000012
0.999995
1.000130
1.000027
1.000104
1.000223
1.000074
1.000161
1.000176
1.000211
1.000174
1.000033
1.000054
1.000058
1.000020
1.000102
1.000177
1.000122
1.000043
0.999992
1.000141
1.000135
1.000155
1.000119
1.000050
1.000050
1.000048
1.000155
1.000071
1.000144
1.000122
1.000033
1.000169
1.000113
1.000143
1.000130
0.999954
1.000021
1.000072
1.000074
1.000110
1.000144
1.000085
1.000032
0.999991
1.000157
1.000141
1.000162
1.000085
1.000068
1.000064
1.000102
1.000168
1.000105
1.000102
1.000223
1.000008
0.999982
1.000121
1.000324
1.000156
0.999962
1.000089
1.000020
1.000068
1.000254
1.000077
1.000025
1.000022
1.000014
1.000087
1.000062
1.000203
1.000081
1.000054
1.000016
0.999943
1.000120
1.000222
1.000024
0.999965
1.000033
1.000057
1.000071
1.000184
1.000016
0.999968
1.000030
1.000027
1.000084
1.000139
0.999994
1.000085
0.999996
1.000000
1.000120
1.000032
1.000158
1.000081
1.000022
1.000100
0.999964
1.000155
1.000383
1.000172
0.999977
0.999960
0.999997
1.000037
1.000196
1.000084
0.999988
1.000025
1.000029
1.000073
1.000201
1.000022
1.000098
1.000007
1.000034
1.000026
1.000061
1.000196
1.000098
1.000043
1.000104
0.999963
1.000143
1.000353
1.000061
1.000036
1.000006
0.999977
1.000020
1.000264
1.000218
0.999953
1.000104
1.000066
1.000060
1.000194
1.000001
1.000086
0.999991
1.000031
1.000030
1.000064
1.000203
1.000081
1.000033
1.000098
0.999979
1.000112
1.000258
1.000054
0.999968
1.000011
0.999995
1.000009
1.000019
0.999979
0.999974
1.000077
1.000024
1.000037
0.999998
1.000013
1.000007
1.000336
1.000382
0.999992
0.999986
0.999993
1.000052
1.000084
1.000108
1.000023
1.000028
0.999996
1.000020
1.000007
1.000013
1.000006
1.000025
0.999994
1.000017
0.999970
1.000041
1.000045
1.000062
1.000001
1.000012
0.999999
1.000383
1.000280
1.000013
0.999974
1.000034
1.000079
1.000008
1.000042
0.999965
0.999983
1.000030
1.000030
1.000006
1.000018
0.999985
1.000070
0.999992
0.999982
1.000033
1.000157
1.000154
1.000103
0.999978
1.000001
1.000014
1.000276
1.000328
1.000001
0.999977
0.999996
1.000066
1.000037
0.999989
0.999976
1.000006
0.999998
1.000061
1.000013
1.000037
1.000010
1.000016
1.000016
0.999988
0.999973
1.000068
1.000006
1.000029
1.000015
0.999998
1.000006
1.000406
1.000235
1.000011
0.999975
0.999996
1.000054
1.000059
1.000020
0.999987
0.999957
1.000037
1.000037
0.999985
0.999995
1.000220
1.000141
1.000069
1.000196
1.000235
1.000117
1.000295
0.999931
0.999996
1.000071
1.000379
1.000181
1.000212
1.000403
1.000065
0.999959
1.000009
1.000179
1.000106
1.000235
1.000176
1.000037
1.000149
1.000147
0.999993
1.000144
1.000152
1.000053
1.000140
1.000301
1.000188
1.000236
1.000044
0.999954
1.000078
1.000367
1.000200
1.000234
1.000284
1.000089
0.999975
1.000028
1.000345
1.000156
1.000157
1.000101
1.000077
1.000183
1.000139
0.999991
1.000172
1.000121
1.000052
1.000078
1.000190
1.000129
1.000207
1.000006
0.999946
1.000065
1.000266
1.000233
1.000189
1.000347
1.000047
0.999969
1.000036
1.000242
1.000178
1.000292
1.000139
1.000061
1.000125
1.000150
1.000004
1.000119
1.000087
1.000069
1.000168
1.000270
1.000165
1.000364
0.999984
0.999981
1.000104
1.000241
1.000117
1.000240
1.000259
1.000052
1.000002
1.000011
1.000288
1.000145
1.000306
1.000130
1.000037
1.000180
1.000171
1.000103
1.000059
1.000209
1.000452
1.000543
1.000188
1.000080
1.000086
1.000151
1.000218
1.000458
1.000174
1.000000
0.999913
1.000280
1.000430
1.000233
1.000281
1.000153
1.000093
1.000204
1.000549
1.000457
1.000189
1.000119
1.000234
1.000063
1.000178
1.000446
1.000589
1.000180
1.000031
1.000136
1.000307
1.000241
1.000319
1.000108
1.000043
0.999920
1.000333
1.000421
1.000274
1.000299
1.000115
1.000039
1.000181
1.000561
1.000457
1.000197
1.000063
1.000082
1.000043
1.000212
1.000462
1.000573
1.000176
1.000056
1.000176
1.000300
1.000263
1.000341
1.000295
0.999943
1.000016
1.000187
1.000458
1.000291
1.000415
1.000196
1.000043
1.000209
1.000604
1.000481
1.000214
1.000047
1.000049
0.999999
1.000199
1.000459
1.000513
1.000117
0.999960
1.000131
1.000242
1.000214
1.000452
1.000368
0.999964
0.999988
1.000327
1.000385
1.000194
1.000255
1.000112
1.000059
1.000187
1.000570
1.000487
1.000199
1.000027
1.000189
1.000015
1.000064
1.000095
0.999931
1.000049
1.000074
1.000083
1.000185
1.000025
1.000084
1.000169
1.000296
1.000132
1.000120
1.000080
0.999963
1.000114
1.000067
1.000027
1.000027
0.999952
1.000089
1.000054
0.999966
1.000152
1.000042
1.000060
1.000085
0.999964
1.000042
1.000024
1.000073
1.000034
0.999981
1.000067
1.000120
1.000154
1.000147
1.000101
1.000066
0.999954
1.000111
1.000107
1.000073
1.000032
0.999948
1.000095
1.000058
1.000017
1.000267
1.000044
1.000088
1.000052
0.999967
1.000040
1.000028
1.000008
1.000040
0.999968
1.000141
1.000081
1.000065
1.000140
1.000154
1.000044
0.999993
1.000054
1.000036
1.000011
1.000044
0.999956
1.000026
1.000092
1.000071
1.000263
0.999993
1.000087
1.000066
1.000004
1.000086
1.000001
1.000042
1.000033
0.999985
1.000121
1.000102
1.000131
1.000201
1.000085
1.000149
1.000009
1.000091
1.000036
1.000027
1.000023
0.999952
1.000032
1.000085
1.000047
0.999978
1.000107
1.000201
0.999994
0.999903
1.000028
1.000075
0.999956
1.000044
1.000036
0.999916
0.999959
1.000236
1.000280
0.999997
0.999963
1.000023
1.000044
1.000008
1.000078
0.999997
0.999961
1.000002
1.000246
1.000274
0.999958
1.000097
1.000154
0.999975
0.999955
1.000064
1.000108
0.999970
1.000032
1.000066
1.000010
1.000096
1.000335
1.000260
0.999976
1.000005
1.000056
1.000007
0.999987
1.000063
1.000056
0.999947
0.999973
1.000154
1.000105
0.999978
1.000102
1.000209
1.000019
0.999955
0.999992
1.000120
1.000013
1.000009
1.000040
0.999958
1.000023
1.000398
1.000361
1.000025
0.999944
1.000032
1.000065
0.999977
1.000104
1.000007
0.999956
0.999976
1.000131
1.000087
0.999956
1.000256
1.000221
0.999990
0.999958
0.999990
1.000084
1.000023
0.999988
1.000068
0.999961
1.000070
1.000388
1.000265
0.999992
0.999937
1.000066
1.000059
0.999989
1.000079
1.000041
0.999974
0.999959
1.000146
1.000101
1.000044
1.000290
1.000085
1.000066
1.000144
1.000218
1.000002
0.999959
1.000191
1.000182
0.999900
1.000081
1.000077
1.000070
1.000082
0.999984
1.000118
1.000235
1.000016
1.000002
1.000297
1.000127
1.000055
1.000042
1.000134
1.000027
1.000301
1.000100
1.000039
1.000103
1.000195
1.000008
0.999981
1.000235
1.000117
0.999968
0.999976
1.000085
1.000083
1.000053
0.999979
1.000112
1.000230
0.999996
1.000065
1.000305
1.000137
1.000025
1.000088
1.000271
1.000041
1.000211
1.000029
1.000057
1.000129
1.000305
1.000013
1.000022
1.000270
1.000113
0.999986
1.000083
1.000073
1.000080
1.000067
0.999933
1.000243
1.000192
0.999985
1.000002
1.000289
1.000163
1.000049
1.000112
1.000301
1.000035
1.000132
1.000062
1.000071
1.000127
1.000195
1.000027
0.999985
1.000337
1.000130
0.999968
0.999986
1.000086
1.000083
0.999996
0.999910
1.000051
1.000300
0.999952
0.999991
1.000271
1.000159
1.000042
1.000043
1.000212
1.000162
1.000044
1.000025
0.999968
0.999983
1.000036
1.000012
1.000008
1.000137
1.000213
1.000356
1.000247
1.000367
1.000383
1.000199
1.000257
1.000175
1.000091
1.000014
1.000038
1.000012
1.000026
0.999977
1.000006
1.000062
1.000126
1.000038
1.000030
0.999950
1.000023
1.000048
1.000012
0.999994
1.000093
1.000151
1.000291
1.000186
1.000358
1.000282
1.000150
1.000350
1.000164
1.000112
1.000062
1.000033
1.000033
1.000028
0.999940
1.000041
1.000054
1.000156
1.000099
1.000028
0.999978
1.000035
1.000001
1.000004
1.000007
1.000161
1.000212
1.000239
1.000111
1.000304
1.000302
1.000178
1.000362
1.000252
1.000192
1.000026
1.000022
1.000036
1.000020
0.999955
1.000032
1.000046
1.000111
1.000038
1.000035
1.000003
1.000002
1.000055
1.000073
1.000003
1.000069
1.000210
1.000249
1.000127
1.000306
1.000355
1.000204
1.000310
1.000217
1.000080
1.000020
1.000043
1.000038
1.000024
0.999968
1.000020
1.000073
1.000005
0.999978
1.000206
1.000104
0.999977
1.000003
1.000019
1.000073
0.999999
1.000012
0.999993
1.000052
1.000141
1.000105
1.000028
1.000057
1.000036
0.999950
1.000038
1.000033
1.000001
0.999981
1.000109
1.000315
1.000033
0.999992
1.000028
1.000310
1.000082
0.999990
1.000011
1.000013
1.000093
0.999979
1.000003
1.000009
1.000046
1.000128
1.000208
1.000046
1.000008
1.000011
0.999972
1.000029
1.000039
0.999992
1.000002
1.000042
1.000238
1.000067
0.999978
0.999996
1.000228
1.000112
0.999972
0.999999
1.000020
1.000093
0.999958
1.000042
1.000050
1.000025
1.000171
1.000188
1.000042
1.000018
1.000009
1.000009
1.000092
1.000017
1.000008
0.999984
1.000104
1.000207
1.000017
0.999984
1.000003
1.000188
1.000077
0.999958
1.000009
1.000043
1.000038
0.999953
1.000053
1.000050
1.000026
1.000166
1.000138
1.000048
1.000003
1.000013
0.999986
1.000030
1.000040
1.000007
0.999977
1.000082
1.000215
1.000017
1.000150
1.000085
1.000298
1.000276
1.000327
1.000390
1.000215
1.000063
0.999972
1.000006
1.000096
1.000069
1.000038
1.000001
1.000104
1.000106
1.000008
0.999931
1.000198
1.000235
1.000314
1.000278
1.000259
1.000202
1.000109
1.000018
1.000038
1.000191
1.000312
1.000451
1.000378
1.000209
1.000059
0.999960
0.999999
1.000029
1.000067
1.000029
1.000038
1.000067
1.000096
1.000021
0.999954
1.000168
1.000194
1.000324
1.000482
1.000395
1.000241
1.000097
1.000142
1.000078
1.000287
1.000264
1.000323
1.000352
1.000198
1.000066
0.999941
1.000013
1.000067
1.000083
1.000002
1.000022
1.000036
1.000060
1.000001
0.999977
1.000052
1.000188
1.000350
1.000332
1.000257
1.000274
1.000082
1.000090
1.000046
1.000314
1.000374
1.000396
1.000279
1.000201
1.000132
0.999953
1.000040
1.000110
1.000058
1.000005
1.000037
1.000083
1.000064
0.999999
0.999940
1.000180
1.000208
1.000325
1.000417
1.000358
1.000321
1.000087
1.000237
0.999993
0.999984
1.000018
1.000166
1.000072
1.000157
1.000152
1.000146
1.000204
1.000235
1.000516
0.999965
0.999947
1.000226
1.000137
1.000210
1.000119
1.000103
1.000185
1.000104
1.000239
1.000019
0.999994
1.000032
1.000390
1.000058
0.999987
1.000087
1.000132
1.000047
1.000113
1.000198
1.000246
1.000165
1.000264
1.000471
0.999967
0.999970
1.000402
1.000223
1.000217
1.000213
1.000158
1.000132
1.000046
1.000128
1.000098
0.999970
1.000036
1.000267
0.999988
1.000028
1.000040
1.000214
1.000085
1.000106
1.000151
1.000155
1.000143
1.000158
1.000198
0.999954
0.999963
1.000433
1.000344
1.000265
1.000146
1.000159
1.000206
1.000093
1.000215
1.000026
0.999984
1.000019
1.000304
0.999994
0.999984
1.000028
1.000134
1.000082
1.000175
1.000173
1.000149
1.000199
1.000206
1.000315
0.999973
0.999972
1.000509
1.000294
1.000178
1.000219
1.000145
1.000110
1.000040
1.000130
1.000049
0.999959
0.999981
1.000001
1.000032
0.999952
1.000039
1.000015
0.999996
1.000005
1.000011
1.000489
1.000401
1.000012
0.999946
1.000060
1.000043
1.000081
1.000078
1.000389
1.000540
1.000054
1.000051
0.999998
0.999953
1.000044
1.000033
1.000008
0.999979
0.999973
1.000014
1.000097
1.000003
0.999964
1.000082
0.999972
1.000388
1.000505
1.000085
1.000055
1.000099
1.000038
1.000066
1.000058
1.000400
1.000465
1.000012
1.000082
0.999969
1.000003
1.000100
1.000014
0.999982
0.999980
0.999965
1.000074
1.000073
0.999915
1.000012
1.000126
1.000111
1.000553
1.000509
1.000130
1.000135
1.000109
1.000034
1.000065
1.000052
1.000394
1.000495
1.000000
1.000040
1.000001
0.999932
1.000111
1.000046
1.000016
0.999999
1.000044
1.000011
1.000034
0.999975
0.999987
1.000034
1.000023
1.000479
1.000401
1.000058
1.000065
1.000050
1.000060
0.999980
1.000047
1.000506
1.000447
1.000022
1.000089
0.999972
1.000064
1.000085
0.999941
1.000027
1.000037
1.000003
1.000089
1.000042
1.000098
1.000312
1.000063
0.999998
1.000130
1.000111
1.000131
0.999964
1.000413
1.000285
0.999994
1.000084
1.000077
1.000075
1.000020
1.000024
1.000205
1.000040
0.999979
1.000054
1.000021
0.999983
0.999980
1.000075
1.000067
1.000072
1.000300
1.000045
1.000038
1.000177
1.000050
1.000097
1.000024
1.000249
1.000405
0.999968
1.000144
1.000088
1.000072
1.000018
1.000046
1.000301
1.000079
1.000067
1.000091
0.999967
0.999914
0.999951
1.000126
1.000078
1.000017
1.000181
1.000022
0.999966
1.000055
1.000094
1.000066
1.000001
1.000229
1.000405
0.999966
1.000093
1.000089
1.000144
1.000008
1.000022
1.000205
1.000023
1.000035
1.000078
0.999977
0.999994
0.999995
1.000005
0.999992
1.000004
1.000263
1.000047
1.000036
1.000182
1.000079
1.000096
0.999962
1.000424
1.000412
0.999966
1.000163
1.000050
1.000083
1.000028
1.000062
1.000316
1.000164
1.000021
1.000096
1.000008
1.000034
1.000190
1.000164
1.000308
1.000405
1.000205
1.000140
1.000008
0.999976
0.999991
1.000056
0.999991
1.000223
1.000365
1.000107
1.000107
0.999959
0.999999
1.000057
1.000122
1.000234
1.000434
1.000327
1.000074
1.000140
0.999959
1.000131
1.000069
1.000246
1.000358
1.000163
1.000150
1.000058
0.999979
0.999929
1.000106
1.000092
1.000322
1.000248
1.000099
1.000104
0.999950
0.999990
1.000078
1.000156
1.000234
1.000463
1.000401
1.000199
1.000291
1.000038
1.000216
1.000102
1.000287
1.000413
1.000251
1.000144
1.000048
0.999973
0.999947
1.000132
1.000201
1.000384
1.000249
1.000127
1.000121
0.999952
0.999983
1.000055
1.000124
1.000234
1.000478
1.000440
1.000175
1.000265
1.000017
1.000273
1.000135
1.000333
1.000477
1.000235
1.000143
1.000091
0.999978
0.999933
1.000123
1.000053
1.000213
1.000199
1.000005
1.000071
0.999945
0.999973
1.000069
1.000127
1.000132
1.000286
1.000285
1.000117
1.000136
1.000303
1.000322
1.000176
1.000130
0.999999
0.999958
1.000053
1.000403
0.999986
1.000025
1.000097
1.000286
1.000026
1.000033
1.000219
1.000044
1.000015
0.999969
1.000366
1.000072
0.999923
0.999975
1.000252
1.000358
1.000452
1.000296
1.000449
1.000505
1.000318
0.999956
0.999940
1.000056
1.000384
0.999959
1.000011
1.000056
1.000229
1.000023
1.000010
1.000187
1.000059
0.999987
0.999988
1.000180
1.000078
0.999943
0.999961
1.000130
1.000304
1.000318
1.000223
1.000423
1.000372
1.000229
0.999972
0.999941
1.000070
1.000293
0.999973
1.000011
1.000050
1.000119
0.999996
0.999990
1.000120
1.000056
0.999996
0.999989
1.000187
1.000048
0.999921
0.999983
1.000123
1.000311
1.000290
1.000153
1.000316
1.000390
1.000214
0.999973
0.999953
1.000045
1.000298
0.999986
0.999994
1.000077
1.000222
1.000017
1.000039
1.000223
1.000067
1.000015
0.999973
1.000303
1.000033
0.999941
0.999990
1.000189
1.000435
1.000422
1.000368
1.000181
1.000418
1.000006
1.000014
0.999978
1.000163
1.000149
1.000202
1.000237
1.000062
1.000020
0.999972
0.999995
1.000129
1.000096
1.000254
1.000272
1.000187
1.000109
0.999966
0.999981
1.000022
1.000327
1.000108
1.000346
1.000074
1.000108
1.000051
0.999988
0.999970
1.000146
1.000190
1.000285
1.000336
1.000092
1.000087
0.999985
0.999982
1.000061
1.000092
1.000269
1.000342
1.000263
1.000054
0.999977
0.999975
1.000055
1.000123
1.000019
1.000247
1.000033
1.000256
1.000000
0.999989
0.999983
1.000180
1.000219
1.000253
1.000332
1.000097
1.000051
0.999980
0.999987
1.000079
1.000083
1.000266
1.000264
1.000247
1.000148
0.999946
0.999988
1.000082
1.000195
1.000052
1.000150
1.000052
1.000175
1.000057
1.000000
1.000007
1.000147
1.000129
1.000217
1.000327
1.000097
1.000020
0.999972
0.999995
1.000100
1.000082
1.000248
1.000290
1.000232
1.000191
0.999981
1.000007
1.000044
1.000284
1.000184
0.999944
1.000007
1.000014
1.000005
1.000094
1.000183
1.000088
1.000009
1.000340
1.000111
1.000009
1.000016
0.999996
1.000003
1.000007
0.999989
1.000055
1.000217
1.000044
1.000082
1.000187
1.000125
1.000038
1.000029
1.000010
0.999953
0.999948
1.000027
1.000052
1.000089
1.000185
1.000074
1.000063
1.000179
1.000014
0.999985
1.000026
1.000006
0.999999
1.000036
0.999965
0.999970
1.000094
1.000022
1.000101
1.000148
1.000084
1.000117
1.000056
1.000014
0.999982
0.999990
1.000017
1.000050
1.000111
1.000189
1.000112
1.000038
1.000224
1.000006
1.000004
1.000011
0.999975
1.000020
1.000038
0.999972
1.000034
1.000283
1.000017
1.000147
1.000164
1.000036
1.000055
1.000011
1.000028
0.999986
1.000004
0.999996
1.000015
1.000088
1.000184
1.000081
0.999998
1.000329
1.000052
0.999999
1.000001
0.999997
1.000007
1.000010
0.999969
1.000053
1.000240
1.000013
1.000131
1.000182
1.000090
1.000028
0.999978
0.999969
0.999941
1.000047
1.000073
1.000090
1.000143
1.000052
0.999992
1.000027
0.999975
0.999961
0.999997
1.000017
1.000146
1.000161
1.000004
1.000040
0.999991
1.000010
1.000042
0.999977
1.000058
1.000106
1.000096
1.000026
1.000052
0.999991
0.999936
0.999990
1.000069
1.000087
1.000085
0.999972
1.000031
1.000030
1.000003
0.999992
1.000026
1.000134
1.000135
1.000039
0.999981
0.999959
1.000092
1.000072
0.999918
1.000054
1.000110
1.000000
0.999992
1.000006
1.000043
1.000008
0.999960
1.000060
1.000088
1.000041
0.999932
1.000022
1.000065
0.999994
1.000019
0.999995
1.000177
1.000133
1.000038
0.999995
1.000013
1.000043
0.999994
0.999971
1.000093
1.000130
1.000054
0.999998
1.000041
1.000028
1.000007
0.999959
1.000095
1.000098
1.000088
0.999971
1.000044
1.000020
0.999963
1.000009
0.999990
1.000176
1.000158
1.000001
0.999970
1.000002
1.000068
0.999995
0.999960
1.000121
1.000120
1.000104
0.999994
0.999991
1.000384
1.000102
1.000238
1.000175
1.000074
1.000017
0.999962
1.000037
1.000015
1.000026
1.000061
1.000130
1.000113
1.000057
1.000097
1.000111
1.000119
0.999990
1.000034
0.999968
1.000006
1.000042
1.000133
1.000186
1.000070
1.000303
1.000127
1.000267
1.000155
1.000049
1.000003
0.999981
1.000048
1.000016
1.000068
1.000104
1.000071
1.000076
1.000073
1.000085
1.000056
1.000076
1.000021
1.000076
0.999951
1.000006
1.000046
1.000129
1.000199
1.000092
1.000298
1.000098
1.000247
1.000184
1.000045
1.000007
0.999943
1.000061
1.000052
1.000037
1.000086
1.000086
1.000046
1.000077
1.000072
1.000093
1.000043
1.000036
1.000021
0.999968
1.000017
1.000059
1.000165
1.000186
1.000020
1.000243
1.000072
1.000208
1.000145
1.000027
1.000013
0.999958
1.000018
1.000014
1.000107
1.000056
1.000053
1.000043
1.000048
1.000053
1.000076
1.000053
1.000070
1.000008
0.999926
1.000006
1.000063
1.000149
1.000235
1.000131
1.000059
1.000199
1.000000
1.000055
1.000071
1.000057
1.000044
1.000036
1.000102
1.000251
1.000059
1.000036
0.999982
0.999965
1.000087
1.000132
1.000184
1.000067
1.000028
1.000041
1.000038
1.000078
1.000060
1.000009
1.000114
1.000131
1.000370
1.000092
1.000080
1.000068
1.000058
1.000014
1.000025
1.000090
1.000217
1.000060
1.000148
0.999976
0.999971
1.000199
1.000163
1.000249
1.000113
1.000039
1.000054
1.000055
1.000107
1.000071
1.000011
1.000168
1.000020
1.000117
1.000061
1.000061
1.000088
1.000044
1.000054
1.000032
1.000073
1.000252
1.000064
1.000031
0.999972
0.999985
1.000159
1.000090
1.000270
1.000082
1.000023
1.000019
1.000063
1.000052
1.000034
1.000015
1.000118
0.999986
1.000136
1.000065
1.000087
1.000073
1.000060
1.000014
1.000014
1.000106
1.000192
1.000124
1.000256
0.999964
0.999978
1.000205
1.000081
1.000219
1.000075
1.000032
1.000051
1.000065
1.000073
1.000070
1.000045
1.000233
0.999975
0.999973
0.999968
1.000004
1.000134
1.000203
1.000342
1.000259
1.000172
0.999979
1.000133
1.000231
1.000231
1.000232
1.000223
1.000118
1.000002
1.000203
1.000268
1.000378
1.000214
1.000155
0.999988
0.999993
1.000074
0.999990
0.999942
0.999989
0.999981
1.000055
1.000234
1.000363
1.000248
1.000216
1.000011
1.000129
1.000177
1.000219
1.000219
1.000173
1.000099
0.999999
1.000170
1.000215
1.000320
1.000207
1.000069
0.999975
0.999956
0.999957
0.999991
1.000048
0.999971
0.999961
1.000070
1.000219
1.000317
1.000238
1.000181
0.999973
1.000095
1.000238
1.000232
1.000162
1.000106
1.000064
1.000002
1.000214
1.000273
1.000396
1.000229
1.000106
0.999984
0.999993
1.000009
0.999938
1.000036
1.000031
0.999981
1.000109
1.000235
1.000411
1.000268
1.000150
0.999994
1.000090
1.000101
1.000155
1.000174
1.000135
1.000085
0.999980
1.000169
1.000239
1.000320
1.000218
1.000095
1.000012
0.999954
0.999977
1.000046
0.999988
0.999976
1.000040
1.000155
1.000170
1.000072
1.000009
0.999982
1.000002
1.000047
0.999990
1.000020
1.000012
0.999990
1.000052
0.999996
0.999956
1.000055
1.000077
1.000205
1.000208
1.000032
0.999975
1.000034
1.000017
0.999939
1.000042
1.000026
1.000261
1.000193
1.000066
1.000024
0.999967
0.999976
1.000022
0.999972
1.000035
1.000033
0.999953
1.000054
1.000014
0.999957
1.000016
1.000080
1.000205
1.000276
1.000036
0.999976
0.999984
1.000052
0.999990
0.999973
1.000024
1.000247
1.000173
1.000072
1.000007
0.999996
0.999979
1.000069
1.000009
1.000025
1.000021
0.999941
1.000080
1.000018
0.999989
1.000016
1.000041
1.000154
1.000162
1.000039
0.999961
0.999978
0.999958
0.999997
1.000025
1.000028
1.000171
1.000183
1.000083
1.000046
0.999959
1.000024
1.000054
0.999943
1.000019
1.000047
0.999922
1.000149
1.000043
0.999999
1.000004
1.000099
1.000149
1.000144
1.000058
0.999990
0.999967
1.000504
1.000310
1.000155
1.000199
1.000038
1.000029
1.000022
1.000090
1.000153
1.000318
1.000006
0.999984
1.000037
1.000036
0.999984
0.999991
1.000236
1.000097
1.000081
1.000008
1.000025
1.000060
1.000279
1.000154
1.000302
1.000450
1.000262
1.000160
1.000244
1.000057
1.000041
0.999998
1.000116
1.000193
1.000292
0.999987
0.999991
1.000046
1.000056
0.999933
0.999984
1.000434
1.000160
1.000115
1.000016
1.000013
1.000042
1.000228
1.000167
1.000326
1.000512
1.000326
1.000158
1.000305
1.000073
1.000042
1.000009
1.000090
1.000136
1.000399
1.000044
1.000018
1.000029
1.000052
0.999970
0.999990
1.000235
1.000115
1.000093
0.999982
1.000028
1.000075
1.000275
1.000174
1.000281
1.000418
1.000299
1.000166
1.000211
1.000061
0.999987
1.000024
1.000081
1.000162
1.000302
1.000053
0.999966
1.000013
1.000032
0.999906
0.999987
1.000185
1.000114
1.000159
0.999984
1.000021
1.000061
1.000220
1.000154
1.000310
1.000322
1.000423
1.000180
1.000027
0.999953
1.000011
1.000069
1.000000
1.000177
1.000304
1.000062
1.000005
1.000015
1.000018
1.000005
1.000062
1.000354
1.000177
0.999997
1.000043
1.000043
0.999968
1.000021
1.000227
1.000418
1.000346
1.000449
1.000215
1.000028
0.999982
1.000024
1.000016
1.000024
1.000188
1.000328
1.000048
1.000030
0.999984
1.000010
1.000002
1.000133
1.000257
1.000189
1.000016
1.000032
1.000008
0.999948
1.000071
1.000264
1.000373
1.000205
1.000372
1.000213
1.000076
0.999954
1.000037
1.000057
0.999999
1.000184
1.000219
1.000076
1.000008
0.999986
1.000018
1.000005
1.000060
1.000350
1.000182
0.999976
1.000024
1.000022
0.999963
1.000036
1.000203
1.000365
1.000210
1.000355
1.000177
1.000035
0.999954
0.999996
1.000080
0.999998
1.000174
1.000307
1.000037
1.000026
0.999988
1.000033
0.999981
1.000116
1.000399
1.000181
0.999973
1.000019
1.000036
0.999948
1.000035
1.000197
1.000424
0.999913
1.000008
1.000258
1.000007
0.999943
1.000012
1.000025
0.999990
1.000120
0.999933
1.000202
1.000085
1.000012
1.000009
1.000045
1.000164
0.999948
1.000103
1.000010
1.000035
1.000019
0.999951
0.999992
1.000153
1.000020
0.999889
0.999994
1.000174
0.999981
0.999979
1.000015
1.000040
0.999992
1.000050
0.999941
1.000049
1.000067
0.999973
1.000001
1.000063
1.000108
0.999924
1.000015
1.000004
1.000041
0.999992
0.999975
1.000040
1.000125
1.000000
0.999872
0.999998
1.000228
0.999988
0.999925
1.000025
1.000048
0.999979
1.000135
0.999964
1.000265
1.000069
0.999980
1.000020
1.000049
1.000063
0.999910
1.000040
1.000011
1.000014
1.000026
0.999983
1.000027
1.000239
1.000041
0.999909
0.999977
1.000176
1.000014
0.999955
1.000036
1.000025
0.999975
1.000119
0.999953
1.000135
1.000063
0.999980
1.000030
1.000043
1.000254
0.999969
1.000128
0.999996
1.000008
1.000027
0.999938
1.000018
1.000176
1.000001
1.000018
1.000080
1.000030
1.000210
0.999950
1.000028
1.000051
1.000054
0.999950
0.999866
1.000061
1.000151
1.000061
1.000054
1.000226
1.000006
0.999979
1.000019
0.999998
1.000061
1.000005
0.999960
1.000241
1.000048
1.000087
0.999941
1.000046
1.000040
1.000164
0.999980
1.000045
1.000036
1.000030
1.000014
0.999926
1.000117
1.000196
1.000036
1.000063
1.000156
1.000115
0.999923
1.000121
1.000036
1.000030
1.000027
0.999966
1.000105
1.000051
1.000042
0.999877
1.000039
1.000060
1.000219
0.999944
1.000017
1.000050
1.000076
1.000008
0.999810
1.000007
1.000159
1.000050
1.000061
1.000248
1.000144
0.999901
1.000047
1.000094
1.000043
0.999996
1.000000
1.000103
1.000003
1.000132
1.000002
1.000016
1.000019
1.000107
0.999982
1.000039
1.000018
1.000033
1.000031
0.999944
0.999994
1.000225
1.000063
1.000085
1.000124
1.000013
0.999870
0.999982
1.000081
1.000026
1.000012
0.999954
1.000124
1.000026
1.000068
1.000312
1.000064
1.000079
1.000215
1.000100
1.000110
1.000136
1.000080
0.999987
1.000170
1.000082
1.000057
1.000346
1.000340
1.000043
0.999991
1.000112
0.999983
1.000054
1.000105
1.000092
1.000011
1.000069
1.000041
1.000158
1.000328
1.000100
1.000024
1.000097
1.000083
1.000099
1.000110
1.000040
0.999981
1.000171
1.000086
1.000086
1.000345
1.000343
1.000089
1.000065
1.000254
1.000006
1.000087
1.000103
1.000099
1.000073
1.000132
1.000019
1.000173
1.000380
1.000177
1.000013
1.000111
1.000086
1.000103
1.000085
1.000127
1.000019
1.000233
1.000039
1.000029
1.000388
1.000330
1.000046
1.000042
1.000149
1.000033
1.000080
1.000088
1.000101
1.000050
1.000139
0.999984
1.000096
1.000240
1.000099
1.000042
1.000174
1.000110
1.000185
1.000127
1.000054
1.000000
1.000116
0.999970
1.000034
1.000341
1.000342
1.000019
1.000065
1.000151
1.000003
1.000122
1.000106
1.000121
1.000084
1.000108
0.999985
1.000163
1.000111
1.000020
1.000028
1.000032
1.000166
1.000017
1.000191
1.000159
1.000107
1.000226
1.000162
1.000176
1.000285
1.000318
1.000260
1.000175
1.000274
1.000146
1.000154
1.000221
0.999961
1.000217
1.000014
0.999980
1.000054
1.000035
0.999992
1.000002
1.000056
1.000187
1.000039
1.000260
1.000168
1.000243
1.000380
1.000206
1.000240
1.000309
1.000317
1.000253
1.000163
1.000164
1.000083
1.000182
1.000163
1.000005
1.000242
1.000008
0.999992
1.000078
1.000045
1.000041
0.999974
0.999985
1.000103
0.999946
1.000209
1.000160
1.000150
1.000214
1.000181
1.000267
1.000260
1.000322
1.000265
1.000214
1.000357
1.000225
1.000171
1.000269
0.999983
1.000145
1.000014
0.999999
1.000037
1.000116
1.000038
1.000044
1.000087
1.000245
1.000017
1.000265
1.000166
1.000159
1.000270
1.000239
1.000263
1.000296
1.000288
1.000247
1.000265
1.000226
1.000160
1.000190
1.000281
0.999958
1.000095
1.000020
0.999957
1.000037
1.000122
1.000001
0.999948
1.000024
1.000055
0.999966
1.000099
1.000152
1.000030
1.000057
1.000108
1.000031
0.999985
0.999969
1.000044
1.000107
1.000064
1.000093
1.000178
1.000112
0.999986
1.000079
1.000039
0.999957
1.000048
1.000060
0.999961
0.999992
1.000032
1.000046
0.999925
1.000036
1.000091
1.000057
1.000001
1.000063
1.000052
0.999963
0.999992
1.000038
1.000058
1.000042
1.000034
1.000180
1.000146
1.000011
1.000044
0.999996
0.999928
1.000097
1.000092
1.000019
0.999933
1.000038
1.000110
0.999922
1.000113
1.000133
1.000077
1.000070
1.000126
1.000054
0.999944
0.999970
1.000054
1.000105
1.000058
1.000023
1.000039
0.999988
0.999954
1.000203
0.999999
0.999899
1.000032
1.000124
0.999992
0.999955
0.999996
1.000021
0.999957
1.000052
1.000069
1.000064
1.000080
1.000117
1.000018
0.999997
0.999986
1.000014
1.000097
1.000094
1.000094
1.000157
1.000059
0.999947
1.000070
1.000168
0.999900
1.000007
1.000126
1.000225
1.000004
1.000043
0.999961
1.000204
1.000125
1.000056
0.999981
1.000064
1.000006
1.000062
1.000077
1.000074
1.000058
0.999994
0.999993
0.999958
1.000039
1.000181
1.000168
1.000014
0.999985
1.000067
1.000353
1.000282
1.000331
1.000056
1.000000
0.999969
1.000107
1.000087
1.000111
0.999963
1.000030
1.000008
1.000063
1.000077
1.000062
1.000033
0.999957
1.000018
0.999970
1.000017
1.000098
1.000104
1.000001
0.999976
1.000062
1.000424
1.000243
1.000275
1.000063
1.000017
1.000010
1.000165
1.000070
1.000070
0.999999
0.999983
1.000008
1.000051
1.000068
1.000054
1.000053
1.000008
1.000042
0.999974
1.000104
1.000065
1.000210
1.000098
0.999972
0.999982
1.000242
1.000148
1.000225
0.999992
0.999998
0.999984
1.000169
1.000139
1.000123
0.999961
1.000035
0.999973
1.000030
1.000056
1.000060
1.000014
0.999971
1.000027
0.999977
1.000024
1.000151
1.000107
0.999915
1.000091
1.000047
1.000239
1.000095
1.000444
1.000644
1.000282
1.000166
1.000161
1.000202
1.000015
1.000034
0.999992
1.000040
1.000183
0.999984
0.999987
1.000196
1.000116
1.000136
1.000221
0.999953
1.000203
1.000185
1.000197
1.000167
1.000504
1.000379
1.000020
1.000391
1.000512
1.000220
1.000178
1.000112
1.000108
1.000040
1.000129
1.000026
0.999991
1.000150
0.999982
0.999999
1.000114
1.000014
1.000044
1.000084
0.999986
1.000160
1.000138
1.000166
1.000124
1.000410
1.000339
1.000047
1.000474
1.000515
1.000185
1.000152
1.000141
1.000202
0.999978
1.000081
1.000068
1.000012
1.000140
0.999981
0.999978
1.000142
1.000000
0.999997
1.000124
1.000028
1.000343
1.000174
1.000244
1.000268
1.000562
1.000402
1.000082
1.000377
1.000543
1.000264
1.000167
1.000111
1.000252
1.000019
1.000066
1.000091
1.000082
1.000100
0.999998
0.999988
1.000090
1.000031
1.000088
1.000101
0.999971
1.000191
1.000087
1.000141
1.000218
1.000572
1.000427
1.000041
1.000015
1.000109
1.000223
1.000118
1.000098
1.000230
1.000105
1.000215
1.000010
1.000158
1.000088
0.999948
0.999873
1.000094
1.000212
1.000011
1.000110
1.000007
1.000247
1.000129
1.000112
1.000219
1.000141
1.000108
0.999999
0.999953
1.000146
1.000333
1.000133
1.000142
1.000354
1.000139
1.000139
1.000002
1.000222
1.000042
0.999940
0.999913
1.000128
1.000190
1.000026
1.000126
1.000062
1.000260
1.000117
1.000192
1.000409
1.000216
1.000052
0.999997
1.000018
1.000194
1.000377
1.000182
1.000173
1.000264
1.000088
1.000153
1.000079
1.000229
1.000023
0.999930
0.999919
1.000096
1.000266
1.000016
1.000107
0.999994
1.000127
0.999999
1.000130
1.000413
1.000208
1.000065
1.000019
1.000052
1.000139
1.000303
1.000160
1.000051
1.000165
1.000089
1.000103
0.999987
1.000136
1.000043
0.999920
0.999915
1.000045
1.000142
1.000051
1.000136
1.000043
1.000226
1.000154
1.000177
1.000281
1.000168
1.000157
1.000036
0.999971
1.000005
1.000091
0.999966
1.000027
1.000035
1.000182
1.000014
0.999971
1.000005
1.000100
1.000034
1.000019
1.000207
1.000030
0.999937
0.999991
1.000173
1.000012
1.000037
1.000016
1.000094
0.999975
0.999988
1.000055
0.999941
1.000034
1.000060
0.999952
1.000058
1.000006
1.000164
1.000065
0.999912
0.999983
1.000082
1.000025
1.000032
1.000203
1.000040
0.999909
1.000101
1.000141
0.999974
1.000014
0.999977
0.999984
1.000025
1.000011
1.000034
1.000008
1.000011
1.000017
0.999971
0.999991
1.000074
1.000150
0.999976
1.000051
1.000035
1.000107
1.000062
1.000030
1.000115
1.000036
0.999921
1.000012
1.000174
1.000020
1.000023
0.999989
1.000047
0.999956
0.999965
1.000048
1.000026
1.000007
0.999968
0.999985
0.999998
1.000040
1.000140
1.000033
0.999977
1.000037
1.000119
1.000044
1.000061
1.000112
1.000047
1.000044
0.999988
1.000106
1.000051
1.000024
1.000061
1.000048
0.999923
0.999981
1.000012
1.000029
1.000063
1.000065
0.999887
1.000039
0.999994
0.999978
1.000036
1.000042
0.999994
1.000024
1.000016
1.000055
1.000022
0.999972
1.000036
1.000036
0.999987
0.999976
0.999976
0.999967
1.000122
1.000034
1.000052
1.000010
1.000008
1.000050
1.000056
0.999985
0.999953
0.999975
1.000033
1.000057
1.000062
1.000007
1.000044
1.000038
1.000028
1.000044
0.999984
1.000015
1.000119
1.000037
0.999936
1.000051
0.999995
0.999978
1.000069
1.000094
0.999958
1.000079
1.000043
0.999992
0.999988
0.999949
1.000030
1.000015
0.999980
1.000064
1.000026
1.000049
1.000050
1.000021
1.000034
1.000025
1.000019
1.000013
1.000004
0.999980
1.000012
0.999975
1.000010
1.000004
1.000011
1.000007
1.000072
1.000066
0.999979
0.999966
0.999964
1.000005
1.000054
1.000060
1.000035
0.999968
1.000054
1.000023
1.000052
1.000046
1.000004
1.000021
1.000027
1.000061
1.000002
0.999930
1.000013
1.000087
0.999988
1.000009
1.000086
0.999991
1.000190
1.000131
0.999879
0.999994
1.000017
0.999996
1.000088
1.000025
1.000035
1.000031
0.999956
0.999999
1.000050
1.000026
1.000037
1.000093
1.000009
0.999995
0.999971
0.999912
1.000073
1.000230
1.000024
1.000022
0.999975
1.000201
1.000152
0.999980
0.999869
0.999969
1.000083
1.000091
0.999988
1.000041
1.000056
0.999973
0.999964
1.000062
1.000050
0.999974
1.000064
1.000075
0.999966
0.999954
0.999980
1.000220
1.000110
1.000016
0.999976
1.000039
1.000159
1.000159
0.999957
0.999922
1.000037
1.000038
0.999989
1.000023
1.000056
1.000030
0.999967
0.999956
1.000065
1.000073
1.000010
1.000072
1.000042
0.999985
0.999971
0.999931
1.000128
1.000132
1.000022
1.000055
1.000023
1.000099
1.000171
0.999990
0.999972
0.999998
1.000041
1.000091
1.000008
1.000040
1.000063
0.999984
0.999948
1.000061
1.000021
1.000024
1.000062
1.000059
1.000024
0.999930
0.999924
1.000102
1.000142
1.000019
1.000150
1.000056
1.000025
1.000058
1.000227
1.000082
1.000149
1.000291
1.000103
1.000077
1.000114
1.000120
0.999995
1.000002
1.000098
1.000103
1.000075
1.000149
1.000359
1.000142
1.000089
1.000223
1.000058
1.000075
1.000101
1.000082
1.000030
1.000071
1.000150
1.000404
1.000105
1.000183
1.000429
1.000133
1.000068
1.000089
1.000066
1.000026
1.000011
1.000059
1.000094
1.000044
1.000098
1.000320
1.000171
1.000082
1.000264
1.000187
1.000040
1.000074
1.000042
1.000101
1.000066
1.000183
1.000364
1.000097
1.000125
1.000308
1.000091
1.000093
1.000121
1.000124
1.000007
1.000017
1.000075
1.000124
1.000108
1.000130
1.000311
1.000186
1.000115
1.000266
1.000082
1.000053
1.000074
1.000117
1.000063
1.000007
1.000154
1.000221
1.000080
1.000132
1.000339
1.000187
1.000089
1.000091
1.000095
1.000018
0.999991
1.000079
1.000093
1.000074
1.000174
1.000377
1.000151
1.000072
1.000197
1.000063
1.000054
1.000069
1.000133
1.000081
0.999976
1.000004
0.999949
1.000007
1.000232
1.000000
1.000031
1.000077
0.999991
0.999992
1.000027
1.000020
0.999986
0.999990
1.000078
1.000058
0.999956
1.000131
1.000020
0.999891
0.999942
0.999941
1.000099
1.000147
1.000038
0.999893
0.999908
0.999968
1.000152
1.000166
0.999919
1.000034
1.000084
0.999971
0.999981
1.000040
1.000043
0.999971
0.999995
1.000158
0.999971
0.999981
1.000222
1.000062
0.999977
0.999980
0.999917
1.000166
1.000120
1.000060
0.999938
0.999938
0.999933
1.000065
1.000139
0.999906
0.999979
1.000073
0.999997
1.000009
1.000015
1.000030
0.999963
0.999966
1.000096
1.000043
0.999993
1.000228
0.999989
0.999887
0.999934
0.999951
1.000076
1.000124
1.000046
0.999915
0.999987
1.000018
1.000098
1.000123
0.999972
1.000099
1.000083
0.999958
0.999985
1.000057
1.000009
0.999995
0.999980
1.000153
1.000028
0.999903
1.000223
1.000019
0.999985
0.999948
0.999912
1.000051
1.000175
1.000112
1.000057
1.000051
0.999968
1.000043
1.000060
0.999999
1.000109
1.000073
1.000048
1.000073
1.000137
1.000151
1.000048
1.000039
1.000075
1.000102
1.000053
1.000125
1.000070
0.999964
1.000068
1.000088
1.000126
1.000182
1.000125
1.000019
1.000119
1.000005
1.000042
1.000075
0.999984
1.000107
1.000137
1.000037
1.000048
1.000133
1.000138
1.000020
1.000022
1.000094
1.000145
0.999998
1.000022
1.000044
0.999923
1.000058
1.000083
1.000069
1.000139
1.000128
1.000029
1.000090
0.999948
1.000034
1.000139
1.000083
1.000159
1.000076
1.000039
1.000075
1.000141
1.000153
1.000089
1.000076
1.000077
1.000132
0.999992
1.000071
1.000126
0.999936
1.000087
1.000014
1.000113
1.000168
1.000109
1.000009
1.000080
1.000027
1.000050
1.000087
0.999957
1.000095
1.000091
1.000025
1.000051
1.000149
1.000142
1.000050
1.000020
1.000133
1.000101
0.999990
1.000052
0.999992
1.000034
1.000063
1.000014
1.000113
1.000106
0.999981
1.000235
1.000256
1.000307
1.000206
1.000067
1.000267
1.000308
1.000094
1.000005
1.000169
1.000185
1.000181
1.000170
1.000051
1.000104
1.000271
1.000256
1.000070
1.000214
1.000278
1.000225
1.000204
1.000037
1.000107
1.000091
1.000124
1.000241
1.000329
1.000200
1.000056
1.000284
1.000308
1.000113
1.000066
1.000183
1.000168
1.000165
1.000199
1.000055
1.000117
1.000317
1.000284
1.000070
1.000213
1.000272
1.000247
1.000196
1.000045
1.000093
1.000031
1.000246
1.000189
1.000253
1.000193
1.000028
1.000211
1.000283
1.000118
1.000043
1.000203
1.000189
1.000205
1.000183
1.000070
1.000130
1.000290
1.000308
1.000090
1.000229
1.000286
1.000217
1.000174
1.000089
1.000122
1.000056
1.000169
1.000217
1.000307
1.000163
1.000049
1.000278
1.000358
1.000140
1.000065
1.000180
1.000179
1.000184
1.000196
1.000089
1.000134
1.000309
1.000284
1.000065
1.000217
1.000243
1.000160
1.000110
1.000077
1.000294
1.000146
1.000216
1.000170
1.000197
1.000297
1.000337
1.000389
1.000288
1.000285
1.000227
1.000096
1.000083
1.000079
1.000113
1.000275
1.000337
1.000342
1.000372
1.000411
1.000381
1.000243
1.000249
1.000325
1.000193
1.000235
1.000276
1.000440
1.000230
1.000182
1.000374
1.000404
1.000383
1.000307
1.000288
1.000208
1.000127
1.000132
1.000116
1.000108
1.000186
1.000260
1.000278
1.000429
1.000424
1.000367
1.000268
1.000249
1.000289
1.000165
1.000289
1.000146
1.000244
1.000250
1.000261
1.000323
1.000378
1.000390
1.000312
1.000292
1.000189
1.000099
1.000099
1.000096
1.000109
1.000226
1.000300
1.000331
1.000333
1.000278
1.000267
1.000263
1.000284
1.000357
1.000231
1.000252
1.000195
1.000322
1.000244
1.000238
1.000342
1.000397
1.000390
1.000280
1.000271
1.000167
1.000067
1.000104
1.000098
1.000098
1.000211
1.000294
1.000330
1.000402
1.000416
1.000414
1.000307
1.000348
1.000429
1.000248
1.000268
1.000302
1.000212
1.000294
1.000241
1.000245
1.000247
1.000218
1.000157
1.000289
1.000360
1.000335
1.000405
1.000381
1.000263
1.000312
1.000250
1.000142
1.000182
1.000247
1.000332
1.000251
1.000297
1.000286
1.000371
1.000259
1.000276
1.000185
1.000288
1.000208
1.000329
1.000308
1.000287
1.000184
1.000261
1.000378
1.000330
1.000375
1.000353
1.000283
1.000325
1.000246
1.000159
1.000217
1.000275
1.000268
1.000194
1.000274
1.000291
1.000335
1.000248
1.000386
1.000275
1.000239
1.000167
1.000241
1.000266
1.000237
1.000171
1.000253
1.000342
1.000290
1.000351
1.000374
1.000241
1.000277
1.000241
1.000166
1.000239
1.000254
1.000269
1.000205
1.000264
1.000245
1.000367
1.000304
1.000351
1.000229
1.000250
1.000174
1.000285
1.000285
1.000204
1.000173
1.000255
1.000461
1.000364
1.000357
1.000351
1.000263
1.000310
1.000251
1.000132
1.000201
1.000256
1.000261
1.000187
1.000274
1.000267
1.000327
0.999982
1.000059
1.000010
0.999912
1.000020
1.000034
0.999981
0.999988
0.999948
0.999912
1.000007
1.000076
0.999933
0.999932
1.000104
0.999993
0.999896
0.999991
1.000017
0.999955
1.000069
0.999994
0.999988
0.999971
0.999956
0.999961
1.000063
1.000012
0.999893
0.999945
1.000074
0.999946
1.000001
0.999949
0.999891
1.000019
1.000077
0.999903
0.999912
1.000115
1.000039
0.999861
0.999966
1.000024
0.999976
1.000095
0.999944
0.999874
1.000004
1.000024
0.999953
1.000018
1.000041
0.999861
0.999962
1.000046
0.999960
1.000004
0.999957
0.999916
0.999983
1.000108
0.999915
1.000005
1.000047
1.000002
0.999972
0.999901
1.000047
1.000002
1.000035
0.999940
0.999964
1.000001
0.999996
0.999987
0.999978
1.000020
0.999880
0.999983
1.000111
0.999942
1.000009
1.000003
0.999900
1.000056
1.000048
0.999890
0.999996
1.000079
0.999979
0.999915
0.999973
0.999988
1.000003
1.000060
0.999932
0.999923
1.000024
0.999986
0.999866
1.000004
1.000205
0.999934
0.999965
1.000077
1.000043
0.999961
0.999944
0.999950
1.000091
1.000079
0.999927
0.999906
1.000073
1.000091
0.999940
0.999967
1.000009
1.000035
1.000151
0.999952
0.999984
1.000106
0.999941
0.999895
1.000042
1.000134
0.999942
0.999942
1.000054
1.000029
0.999998
0.999943
0.999943
1.000093
1.000078
0.999889
0.999924
1.000103
1.000138
0.999946
0.999927
1.000024
1.000049
1.000070
0.999966
0.999978
1.000150
1.000003
0.999899
1.000041
1.000128
0.999951
1.000008
1.000050
1.000047
1.000002
0.999921
0.999973
1.000117
1.000066
0.999889
0.999974
1.000047
1.000119
1.000017
0.999868
1.000039
1.000103
1.000035
0.999915
1.000060
1.000112
0.999945
0.999952
0.999985
1.000089
1.000027
1.000010
1.000033
1.000016
1.000015
0.999942
1.000004
1.000116
1.000049
0.999906
0.999944
1.000064
1.000107
0.999927
0.999940
0.999979
1.000050
1.000040
0.999920
1.000009
1.000175
1.000003
1.000043
1.000081
1.000218
1.000404
1.000308
1.000204
1.000339
1.000270
1.000161
1.000130
1.000166
1.000219
1.000187
1.000181
1.000219
1.000188
1.000141
1.000133
1.000233
1.000286
1.000251
1.000307
1.000325
1.000202
1.000075
1.000038
1.000098
1.000237
1.000302
1.000165
1.000123
1.000297
1.000260
1.000185
1.000176
1.000184
1.000225
1.000215
1.000190
1.000211
1.000205
1.000196
1.000133
1.000232
1.000316
1.000188
1.000253
1.000386
1.000238
1.000115
1.000051
1.000114
1.000229
1.000321
1.000183
1.000111
1.000259
1.000232
1.000131
1.000188
1.000229
1.000282
1.000238
1.000202
1.000193
1.000161
1.000169
1.000127
1.000171
1.000230
1.000136
1.000221
1.000380
1.000228
1.000105
1.000054
1.000103
1.000239
1.000365
1.000118
1.000063
1.000266
1.000234
1.000111
1.000149
1.000192
1.000211
1.000211
1.000210
1.000255
1.000248
1.000159
1.000162
1.000252
1.000317
1.000229
1.000235
1.000324
1.000250
1.000145
0.999982
1.000019
1.000073
1.000060
1.000011
1.000015
1.000050
1.000137
1.000204
1.000045
1.000072
1.000124
1.000019
0.999999
1.000147
1.000035
0.999994
1.000242
1.000240
1.000130
1.000036
1.000003
1.000027
1.000126
1.000050
0.999986
1.000026
1.000005
1.000196
0.999995
1.000054
1.000087
1.000143
1.000222
0.999957
0.999985
1.000075
1.000045
1.000013
1.000087
0.999999
1.000060
1.000210
1.000187
1.000120
1.000029
0.999966
1.000096
1.000031
1.000007
0.999956
1.000015
0.999957
1.000144
1.000054
0.999978
1.000097
1.000158
1.000167
1.000034
1.000031
1.000040
1.000018
1.000004
1.000073
1.000010
0.999948
1.000174
1.000153
1.000171
1.000060
1.000008
1.000089
1.000078
1.000008
0.999983
1.000019
0.999999
1.000193
1.000093
1.000082
1.000163
1.000162
1.000199
1.000013
1.000013
1.000043
1.000039
1.000054
1.000075
1.000000
0.999907
1.000235
1.000156
1.000135
1.000114
1.000027
1.000102
1.000005
1.000023
1.000102
1.000060
0.999901
1.000016
1.000100
0.999955
1.000023
1.000007
0.999973
1.000095
1.000056
0.999984
1.000002
1.000054
1.000022
1.000104
1.000014
1.000083
0.999973
0.999995
0.999968
1.000118
0.999989
0.999917
1.000059
1.000116
1.000072
0.999867
1.000097
1.000128
0.999916
1.000011
1.000003
1.000099
1.000052
1.000027
0.999982
1.000059
1.000023
0.999959
1.000043
1.000072
1.000050
0.999962
0.999991
1.000000
1.000123
1.000008
0.999913
1.000087
1.000085
1.000074
0.999853
1.000033
1.000135
1.000028
1.000025
0.999975
1.000015
1.000135
1.000063
0.999916
1.000055
1.000014
0.999967
1.000070
1.000076
1.000007
0.999987
1.000098
1.000017
1.000026
1.000023
0.999912
1.000066
1.000107
1.000049
0.999852
1.000040
1.000171
1.000012
1.000002
1.000027
0.999971
1.000113
1.000040
0.999922
1.000033
1.000067
0.999960
1.000073
1.000070
1.000099
0.999970
0.999970
0.999959
1.000109
1.000089
0.999887
1.000062
1.000201
1.000127
0.999992
1.000040
1.000191
0.999979
0.999972
1.000021
1.000016
1.000193
1.000044
0.999900
1.000104
1.000098
0.999875
1.000032
1.000170
1.000075
0.999990
0.999920
1.000031
1.000188
1.000085
0.999973
1.000110
1.000208
1.000164
0.999981
1.000071
1.000209
0.999962
0.999959
1.000027
1.000081
1.000181
0.999997
0.999909
1.000118
1.000118
0.999909
0.999998
1.000188
1.000058
0.999951
0.999940
1.000028
1.000205
1.000038
0.999955
1.000094
1.000209
1.000121
1.000005
1.000151
1.000178
1.000032
0.999955
0.999958
1.000046
1.000193
1.000028
0.999911
1.000108
1.000121
0.999905
1.000015
1.000193
1.000036
0.999950
0.999970
1.000046
1.000126
1.000037
0.999970
1.000099
1.000225
1.000089
1.000020
1.000038
1.000295
0.999986
0.999940
1.000042
0.999999
1.000226
1.000077
0.999895
1.000101
1.000110
0.999912
1.000056
1.000177
1.000086
0.999973
0.999912
1.000041
1.000199
1.000060
1.000000
1.000117
1.008676
1.005243
1.001617
1.008365
1.005154
1.001744
1.005208
1.008449
1.001746
1.005293
1.005115
1.008386
1.001807
1.008592
1.001634
1.005130
1.008643
1.001719
1.005107
1.008513
1.005221
1.005068
1.001614
1.008343
1.001779
1.008714
1.001881
1.008353
1.001574
1.005118
1.008542
1.001805
1.005129
1.008480
1.001886
1.008457
1.001622
1.005251
1.008619
1.001623
1.005103
1.008654
1.001746
1.008447
1.001785
1.008540
1.001745
1.008369
1.001590
1.008562
1.001961
1.005249
1.008350
1.001644
1.008421
1.001788
1.005201
1.008415
1.005134
1.001876
1.008462
1.005018
1.005240
1.001832
1.005033
1.008484
1.001876
1.008482
1.001682
1.008544
1.001785
1.005124
1.008380
1.001590
1.008560
1.001972
1.008581
1.001591
1.008384
1.001751
1.008522
1.001797
1.008498
1.001729
1.005289
1.008491
1.005027
1.001793
1.005250
1.008367
1.001722
1.005279
1.008489
1.001683
1.008535
1.001784
1.008484
1.001603
1.008359
1.001844
1.034753
1.026139
1.017335
1.034450
1.026138
1.017567
1.026200
1.034482
1.017479
1.026211
1.026004
1.034512
1.017553
1.034689
1.017407
1.026038
1.034725
1.017474
1.025971
1.034653
1.026333
1.025982
1.017281
1.034450
1.017523
1.034785
1.017557
1.034450
1.017255
1.026037
1.034809
1.017552
1.025968
1.034546
1.017610
1.034558
1.017408
1.026161
1.034674
1.017403
1.026047
1.034725
1.017475
1.034521
1.017530
1.034719
1.017538
1.034427
1.017327
1.034677
1.017668
1.026097
1.034453
1.017296
1.034558
1.017606
1.026186
1.034494
1.026073
1.017598
1.034573
1.025983
1.026137
1.017552
1.025997
1.034573
1.017603
1.034562
1.017371
1.034706
1.017577
1.026138
1.034450
1.017327
1.034677
1.017666
1.034677
1.017337
1.034427
1.017513
1.034719
1.017540
1.034521
1.017468
1.026204
1.034561
1.026002
1.017546
1.026137
1.034509
1.017443
1.026196
1.034560
1.017371
1.034706
1.017608
1.034559
1.017290
1.034450
1.017538
