0.503667
0.500334
0.504442
0.508181
0.501215
0.507802
0.503601
0.502622
0.499646
0.503436
0.507219
0.499712
0.506578
0.503158
0.499650
0.503490
0.506628
0.503415
0.499562
0.506654
0.500691
0.507828
0.504461
0.500550
0.503348
0.507501
0.503230
0.500498
0.504500
0.507828
0.500691
0.506677
0.502605
0.499600
0.506614
0.499678
0.505926
0.499562
0.506602
0.499649
0.507104
0.503361
0.503301
0.499498
0.506610
0.500640
0.507828
0.504500
0.500556
0.503286
0.507342
0.500210
0.504323
0.508181
0.501215
0.507819
0.499913
0.502714
0.506857
0.500043
0.503244
0.505909
0.499562
0.506644
0.502701
0.499723
0.506670
0.503415
0.499582
0.503578
0.507838
0.504345
0.500954
0.503782
0.506455
0.499977
0.506442
0.500567
0.508214
0.501218
0.504047
0.506653
0.499496
0.506840
0.500045
0.507119
0.502863
0.499542
0.506644
0.502628
0.499674
0.506693
0.499629
0.505763
0.499852
0.504419
0.504688
0.504630
0.503746
0.506424
0.756947
0.754980
0.756899
0.759293
0.755190
0.758927
0.756135
0.755882
0.754730
0.756468
0.758078
0.754041
0.758343
0.756377
0.753891
0.756465
0.758475
0.756139
0.754106
0.758317
0.754889
0.759107
0.757368
0.755106
0.756775
0.758648
0.756587
0.755445
0.757172
0.759143
0.754936
0.758324
0.755820
0.754718
0.758196
0.754666
0.757911
0.754453
0.758333
0.753861
0.758404
0.756321
0.756512
0.754119
0.757986
0.755170
0.759110
0.757219
0.755214
0.756602
0.758961
0.754590
0.757075
0.759265
0.755167
0.758918
0.754330
0.755951
0.758332
0.754570
0.756479
0.757935
0.754498
0.758365
0.755868
0.754477
0.758487
0.756163
0.754226
0.756168
0.758934
0.757183
0.755420
0.757075
0.758663
0.755123
0.758655
0.755134
0.759305
0.755367
0.756785
0.758317
0.753986
0.758297
0.754510
0.758408
0.755648
0.754544
0.758357
0.755670
0.754652
0.758463
0.754579
0.757659
0.754576
0.756908
0.757116
0.757378
0.757079
0.758656
1.000996
1.000621
1.000463
1.000222
0.999756
1.000295
1.000756
1.000474
1.000551
1.000623
1.000532
1.000488
1.000599
1.000602
1.000555
1.000484
1.000613
1.000429
1.000515
1.000774
1.000387
0.999975
1.000113
1.000554
1.000709
1.001019
1.000816
1.000701
1.000229
0.999854
1.000359
1.000796
1.000594
1.000487
1.000705
1.000537
1.000545
1.000673
1.000556
1.000536
1.000514
1.000689
1.000496
1.000565
1.000825
1.000541
0.999935
1.000181
1.000571
1.000803
1.001110
1.000874
1.000611
1.000150
0.999987
1.000404
1.000723
1.000490
1.000516
1.000686
1.000574
1.000391
1.000509
1.000620
1.000529
1.000570
1.000633
1.000444
1.000447
1.000863
1.000339
0.999767
1.000195
1.000467
1.000705
1.001028
1.000736
1.000548
1.000249
0.999847
1.000347
1.000796
1.000568
1.000433
1.000664
1.000514
1.000548
1.000618
1.000528
1.000544
1.000567
1.000588
1.000464
1.000588
1.000877
1.000292
0.999796
1.000241
1.000519
1.000753
1.001524
1.001888
1.001220
1.000987
1.001241
1.001678
1.001556
1.001464
1.001771
1.001830
1.001774
1.001837
1.001504
1.001505
1.001847
1.001745
1.001945
1.001704
1.001659
1.001731
1.001704
1.001259
1.001045
1.001300
1.001753
1.001645
1.001798
1.000998
1.001077
1.001223
1.001705
1.001718
1.001681
1.001722
1.001853
1.001694
1.001817
1.001527
1.001486
1.001847
1.001724
1.001934
1.001656
1.001640
1.001656
1.001658
1.001293
1.001066
1.001253
1.002049
1.001634
1.001820
1.001161
1.000969
1.001311
1.001720
1.001572
1.001483
1.001755
1.001912
1.001799
1.001821
1.001493
1.001469
1.001818
1.001774
1.001874
1.001707
1.001672
1.001767
1.001715
1.001228
1.000996
1.001215
1.001979
1.001524
1.001980
1.001289
1.001045
1.001222
1.001705
1.001690
1.001583
1.001708
1.001929
1.001717
1.001847
1.001490
1.001553
1.001926
1.001630
1.001929
1.001810
1.001482
1.001773
1.001871
1.001211
1.001090
1.001267
1.001890
0.999868
1.000000
0.999825
1.000097
1.000350
1.000082
0.999575
0.999824
1.000009
1.000140
0.999682
0.999409
0.999744
0.999760
0.999339
0.999554
1.000101
0.999910
0.999912
0.999488
1.000011
1.000449
1.000117
0.999676
1.000068
0.999846
0.999948
0.999853
1.000047
1.000110
0.999966
0.999462
0.999769
0.999875
1.000054
0.999581
0.999478
0.999832
0.999729
0.999339
0.999554
1.000096
0.999884
0.999786
0.999372
1.000146
1.000348
1.000195
0.999470
0.999531
0.999811
1.000040
0.999824
1.000036
1.000417
1.000182
0.999520
0.999707
0.999833
1.000108
0.999623
0.999273
0.999639
0.999659
0.999312
0.999647
1.000103
0.999856
0.999863
0.999388
0.999942
1.000364
1.000299
0.999506
0.999748
0.999992
0.999781
0.999573
1.000115
1.000110
0.999943
0.999489
0.999710
0.999758
1.000025
0.999542
0.999339
0.999732
0.999814
0.999410
0.999470
1.000075
0.999885
0.999687
0.999455
0.999994
1.000341
1.000083
0.999672
1.000000
0.998356
0.998212
0.998116
0.998321
0.998165
0.998218
0.998641
0.998334
0.998057
0.998021
0.997686
0.997549
0.998090
0.998194
0.997585
0.997846
0.998140
0.997894
0.998328
0.998650
0.998050
0.998074
0.998363
0.998229
0.998373
0.998251
0.998161
0.998350
0.998408
0.998094
0.998336
0.998821
0.998332
0.997981
0.998074
0.997847
0.997520
0.998079
0.998194
0.997585
0.997846
0.998095
0.997981
0.998346
0.998604
0.998189
0.997992
0.998336
0.998356
0.998349
0.998406
0.998073
0.998310
0.998342
0.998051
0.998214
0.998745
0.998370
0.998035
0.998138
0.997899
0.997784
0.998283
0.998289
0.997683
0.997816
0.998130
0.998020
0.998324
0.998549
0.998184
0.998216
0.998485
0.998137
0.998252
0.998509
0.997931
0.998082
0.998561
0.998094
0.998303
0.998809
0.998421
0.998162
0.998209
0.997822
0.997556
0.998121
0.998252
0.997686
0.997821
0.998130
0.998038
0.998325
0.998894
0.998219
0.998108
0.998213
0.998134
0.998261
1.000014
0.999996
0.999382
0.999329
0.999746
0.999263
0.999697
0.999114
0.999327
0.999628
1.000130
0.999847
1.000010
1.000010
0.999856
1.000259
0.999706
0.999114
0.999035
0.999590
0.999004
0.999607
0.999367
0.999631
1.000073
0.999708
0.999781
0.999682
0.999354
0.999594
0.999067
0.999636
0.999177
0.999205
0.999662
1.000320
0.999824
0.999933
1.000018
0.999840
1.000259
0.999669
0.999212
0.999170
0.999754
0.999376
0.999713
0.999015
0.999595
1.000244
0.999928
0.999587
0.999711
0.999607
0.999653
0.999162
0.999645
0.999126
0.999134
0.999741
1.000365
0.999776
0.999901
0.999979
0.999872
1.000188
0.999675
0.999276
0.999087
0.999606
0.999076
0.999727
0.999274
0.999369
0.999985
1.000035
0.999855
0.999557
0.999488
0.999637
0.999078
0.999668
0.999215
0.999305
0.999752
1.000283
0.999912
1.000065
0.999963
0.999886
1.000325
0.999672
0.999148
0.999120
0.999606
0.999123
0.999995
0.999681
0.999851
0.999894
1.000946
1.000887
1.001243
1.000945
1.001233
1.000483
1.000305
1.000718
1.000797
1.000777
1.001391
1.001392
1.000902
1.000893
1.001393
1.001271
1.000799
1.000951
1.000720
1.000454
1.000741
1.001373
1.000847
1.001130
1.000949
1.000725
1.000658
1.001272
1.001025
1.001235
1.000537
1.000295
1.000442
1.000995
1.000879
1.001190
1.001366
1.000807
1.001099
1.001594
1.001228
1.001061
1.001028
1.000598
1.000514
1.000324
1.001006
1.000929
1.001441
1.001111
1.000983
1.000746
1.001303
1.000867
1.001009
1.000449
1.000335
1.000620
1.000754
1.000560
1.001165
1.001450
1.000985
1.000826
1.001163
1.001070
1.000944
1.000992
1.000624
1.000372
1.000534
1.001211
1.000945
1.001193
1.000846
1.001046
1.000883
1.001283
1.000880
1.001088
1.000514
1.000224
1.000522
1.001020
1.000796
1.000967
1.001264
1.000923
1.000958
1.001521
1.001147
1.000874
1.001068
1.000627
1.000503
1.000401
1.000738
1.000722
1.001437
1.000831
0.999343
0.999252
0.999295
0.999493
0.999349
1.000340
0.999931
1.000206
1.000393
0.999686
0.999079
0.999572
0.999192
0.999200
0.999478
0.999228
0.999825
1.000392
1.000214
0.999794
0.999957
0.999224
0.999577
0.999382
0.999441
0.999415
0.999266
0.999530
0.999650
0.999319
1.000305
0.999963
1.000129
1.000396
0.999859
0.999196
0.999605
0.999175
0.999175
0.999458
0.999124
0.999836
1.000416
1.000082
0.999897
1.000351
0.999465
0.999765
0.999406
0.999169
0.999365
0.999141
0.999245
0.999779
0.999398
1.000047
0.999874
1.000218
1.000553
0.999903
0.999176
0.999542
0.999225
0.999178
0.999647
0.999062
0.999690
1.000364
1.000155
0.999849
1.000185
0.999355
0.999493
0.999300
0.999400
0.999582
0.999548
0.999763
0.999744
0.999396
1.000346
0.999948
1.000101
1.000424
0.999908
0.999222
0.999613
0.999183
0.999175
0.999454
0.999080
0.999806
1.000337
1.000104
0.999860
1.000185
0.999441
0.999706
0.999412
0.999214
1.000548
1.000619
1.000195
1.000753
1.000263
1.000730
1.000871
1.000627
1.000561
1.000735
1.000599
1.000555
1.000678
1.000683
1.000578
1.000696
1.000693
1.000522
1.000624
1.001060
1.000880
1.000280
1.000592
1.000105
1.000620
1.000676
1.000712
1.000213
1.000656
1.000249
1.000597
1.000694
1.000580
1.000591
1.000799
1.000551
1.000549
1.000639
1.000754
1.000525
1.000329
1.000489
1.000552
1.000605
1.000869
1.000737
1.000126
1.000456
1.000025
1.000510
1.000473
1.000654
1.000159
1.000450
1.000165
1.000754
1.000921
1.000511
1.000536
1.000823
1.000454
1.000578
1.000758
1.000676
1.000592
1.000584
1.000792
1.000597
1.000563
1.000866
1.000694
1.000353
1.000771
1.000258
1.000416
1.000330
1.000352
1.000164
1.000533
1.000092
1.000733
1.000871
1.000539
1.000651
1.000564
1.000347
1.000552
1.000675
1.000758
1.000565
1.000527
1.000754
1.000694
1.000644
1.000820
1.000635
1.000143
1.000426
0.999987
1.000424
1.000826
1.001012
1.000916
1.001280
1.001329
1.000416
1.001128
1.001272
1.000538
1.000581
1.001261
1.001416
1.001559
1.001576
1.001396
1.001219
1.000609
1.000395
1.001147
1.001205
1.000626
1.001378
1.001334
1.000925
1.000985
1.000774
1.000980
1.000949
1.001200
1.001264
1.000542
1.001131
1.001205
1.000656
1.000673
1.001142
1.001434
1.001597
1.001640
1.001473
1.001219
1.000587
1.000561
1.001331
1.001172
1.000487
1.001283
1.001240
1.000989
1.001026
1.000807
1.001062
1.000998
1.001479
1.001620
1.000683
1.001282
1.001286
1.000606
1.000676
1.001138
1.001449
1.001589
1.001614
1.001483
1.001176
1.000683
1.000651
1.001304
1.001295
1.000599
1.001408
1.001195
1.000952
1.000944
1.000804
1.001026
1.000924
1.001265
1.001341
1.000429
1.001135
1.001210
1.000657
1.000712
1.001316
1.001380
1.001463
1.001647
1.001420
1.001188
1.000690
1.000509
1.001120
1.001230
1.000468
1.001453
1.001436
1.000949
1.000970
0.999747
0.999457
0.999772
0.999833
1.000199
1.000509
0.999670
0.999548
0.999263
0.999499
0.999809
0.999683
0.999765
0.999762
0.999581
0.999663
0.999505
0.999282
0.999682
0.999526
0.999786
0.999671
0.999848
0.999942
0.999662
0.999632
0.999602
0.999972
0.999899
1.000352
1.000428
0.999634
0.999676
0.999381
0.999463
0.999555
0.999556
0.999787
0.999768
0.999625
0.999703
0.999351
0.999180
0.999571
0.999553
1.000053
1.000144
0.999801
0.999907
0.999688
0.999649
0.999442
0.999700
0.999764
1.000077
0.999892
0.999284
0.999615
0.999248
0.999518
0.999538
0.999452
0.999742
0.999756
0.999591
0.999545
0.999438
0.999322
0.999603
0.999816
1.000039
0.999693
0.999984
1.000133
0.999615
0.999681
0.999692
0.999908
0.999795
1.000244
1.000239
0.999418
0.999580
0.999340
0.999585
0.999728
0.999570
0.999703
0.999831
0.999556
0.999643
0.999494
0.999281
0.999657
0.999448
0.999982
0.999933
0.999755
0.999844
0.999508
0.998968
0.999043
0.999849
0.999094
0.998266
0.999097
0.999148
0.998580
0.998813
0.999175
0.999306
0.998436
0.998439
0.998484
0.998407
0.999244
0.999179
0.998773
0.998546
0.999080
0.999339
0.998635
0.999036
0.999647
0.999022
0.998877
0.998878
0.999588
0.998972
0.998206
0.999140
0.999144
0.998527
0.998846
0.999171
0.999570
0.998611
0.998459
0.998404
0.998317
0.999343
0.999287
0.998803
0.998235
0.999067
0.999293
0.998423
0.999121
0.999821
0.998877
0.998931
0.999139
0.999878
0.999248
0.998393
0.999145
0.998981
0.998324
0.998774
0.999259
0.999524
0.998690
0.998527
0.998504
0.998670
0.999470
0.999205
0.998751
0.998364
0.999129
0.999329
0.998501
0.998997
0.999582
0.998813
0.998786
0.999021
0.999710
0.999035
0.998335
0.999076
0.998915
0.998335
0.998698
0.999070
0.999301
0.998359
0.998361
0.998563
0.998653
0.999434
0.999163
0.998851
0.998590
0.999497
0.999583
0.998482
0.999177
0.999883
0.999026
0.998661
0.998652
0.998405
0.998404
0.998446
0.998214
0.999138
0.998485
0.998453
0.998344
0.998381
0.998254
0.998322
0.998372
0.998544
0.998663
0.998426
0.998454
0.998565
0.999221
0.998428
0.998665
0.998498
0.998677
0.998747
0.998432
0.998739
0.998651
0.998525
0.998418
0.998300
0.999162
0.998470
0.998471
0.998265
0.998088
0.998162
0.998480
0.998359
0.998296
0.998443
0.998426
0.998586
0.998655
0.999335
0.998375
0.998617
0.998754
0.998642
0.998802
0.998552
0.998756
0.998660
0.998537
0.998353
0.998272
0.999451
0.998693
0.998586
0.998420
0.998171
0.998051
0.998375
0.998377
0.998354
0.998371
0.998311
0.998600
0.998631
0.999163
0.998307
0.998428
0.998627
0.998923
0.999006
0.998482
0.998984
0.998738
0.998533
0.998672
0.998328
0.999404
0.998688
0.998545
0.998337
0.998632
0.998526
0.998289
0.998399
0.998354
0.998370
0.998372
0.998379
0.998371
0.999209
0.998121
0.998313
0.998554
0.998671
0.998832
0.999968
0.999817
0.999139
0.999003
1.000107
0.999684
0.999565
1.000155
0.999901
0.999447
0.999203
1.000150
0.999551
0.999429
0.999942
0.998991
0.999353
0.999883
1.000179
0.999741
0.999679
0.999717
0.998824
0.999103
0.999913
1.000263
0.999906
0.999084
0.999030
0.999908
0.999723
0.999722
1.000166
0.999864
0.999478
0.999344
1.000333
0.999675
0.999557
1.000225
0.999366
0.999444
0.999890
1.000012
0.999479
0.999732
0.999701
0.998798
0.998915
0.999601
1.000113
0.999812
0.999062
0.999052
1.000051
0.999814
0.999777
1.000309
0.999894
0.999403
0.999238
1.000137
0.999542
0.999429
0.999953
0.999096
0.999355
0.999877
1.000175
0.999546
0.999524
0.999667
0.998874
0.998938
0.999632
1.000113
0.999779
0.998941
0.998817
0.999881
0.999751
0.999761
1.000293
0.999929
0.999379
0.999057
0.999894
0.999319
0.999416
0.999951
0.999006
0.999303
0.999848
1.000515
0.999857
0.999700
0.999897
0.998951
0.998989
0.999621
1.002600
1.002409
1.002181
1.001490
1.001606
1.002474
1.001897
1.002630
1.002805
1.002509
1.002618
1.002339
1.001459
1.001654
1.002456
1.002595
1.002499
1.002861
1.002715
1.001659
1.002272
1.001881
1.001698
1.002081
1.002429
1.002627
1.002369
1.002156
1.001466
1.001614
1.002151
1.001552
1.002655
1.002806
1.002591
1.002586
1.002264
1.001448
1.001520
1.002284
1.002586
1.002612
1.002766
1.002627
1.001697
1.002344
1.001658
1.001459
1.002176
1.002598
1.002595
1.002324
1.002133
1.001274
1.001131
1.002081
1.001526
1.002435
1.002866
1.002495
1.002780
1.002541
1.001447
1.001654
1.002442
1.002606
1.002564
1.002919
1.002734
1.001669
1.002401
1.001882
1.001616
1.002141
1.002438
1.002484
1.002397
1.002198
1.001528
1.001636
1.002357
1.001479
1.002460
1.002823
1.002491
1.002620
1.002505
1.001655
1.001668
1.002445
1.002637
1.002688
1.002847
1.002377
1.001573
1.002404
1.001505
1.001400
1.002173
1.002469
0.999989
1.000674
1.001057
1.001315
1.000383
1.000638
0.999971
0.999791
0.999860
1.000339
1.001080
1.000839
1.001131
1.000871
1.000631
1.001225
1.000429
0.999888
0.999823
1.000047
1.000533
1.000193
1.000825
1.000513
1.000618
0.999799
1.000444
1.000770
1.000973
1.000280
1.000698
1.000162
0.999897
0.999993
1.000479
1.000908
1.000527
1.000939
1.000957
1.000543
1.000916
1.000469
1.000052
1.000082
1.000179
1.000549
1.000286
1.000909
1.000569
1.000485
0.999656
1.000437
1.000824
1.001362
1.000518
1.000800
1.000186
0.999900
0.999858
1.000422
1.001033
1.000702
1.001109
1.000871
1.000625
1.001210
1.000390
0.999836
0.999747
1.000079
1.000556
1.000098
1.001341
1.001051
1.000651
0.999995
1.000669
1.000835
1.001338
1.000266
1.000565
1.000177
0.999911
0.999925
1.000446
1.001179
1.000733
1.001054
1.001089
1.000730
1.001063
1.000337
0.999812
0.999853
1.000053
1.000569
1.000382
1.001413
1.001006
1.000606
0.998181
0.998416
0.999421
0.999959
0.999623
0.998944
0.999225
0.998956
0.998308
0.998758
0.999121
0.999089
0.999724
0.999848
0.999242
0.998990
0.998448
0.998228
0.998951
0.999146
0.998748
0.999712
1.000317
0.999675
0.998792
0.998429
0.998697
0.999520
1.000190
0.999650
0.998870
0.999154
0.998945
0.998252
0.998614
0.999028
0.999210
0.999843
0.999814
0.999222
0.999057
0.998602
0.998132
0.998872
0.999102
0.998728
0.999651
1.000267
0.999537
0.998667
0.998548
0.998679
0.999391
1.000044
0.999632
0.998759
0.999126
0.998999
0.998295
0.998622
0.998911
0.999071
0.999725
0.999829
0.999244
0.999023
0.998476
0.998203
0.998957
0.999398
0.998943
0.999403
0.999945
0.999461
0.998447
0.998029
0.998593
0.999575
1.000028
0.999627
0.998759
0.999068
0.999123
0.998404
0.998520
0.998979
0.999084
0.999715
0.999727
0.999067
0.999074
0.998587
0.998217
0.998957
0.999146
0.998767
0.999514
0.999969
0.999517
0.998774
1.001193
1.000452
1.000026
0.999754
0.999790
0.999929
1.000813
1.000550
1.000526
1.000377
0.999839
0.999565
0.999732
0.999723
0.999515
0.999834
1.000424
1.000616
1.000660
1.001101
1.000300
0.999769
0.999625
0.999842
1.000289
1.001288
1.000479
1.000076
0.999738
0.999864
1.000139
1.000910
1.000624
1.000525
1.000544
0.999960
0.999617
0.999799
0.999741
0.999584
0.999800
1.000332
1.000641
1.000869
1.001141
1.000333
1.000023
0.999684
1.000274
1.000591
1.001177
1.000454
1.000047
0.999749
0.999824
1.000217
1.001322
1.000751
1.000510
1.000433
0.999834
0.999625
0.999802
0.999696
0.999541
0.999934
1.000335
1.000592
1.001036
1.001139
1.000275
0.999974
0.999615
1.000021
1.000447
1.001231
1.000398
1.000089
0.999645
0.999738
1.000229
1.001341
1.000829
1.000425
1.000335
0.999851
0.999565
0.999748
0.999803
0.999622
0.999985
1.000545
1.000599
1.000660
1.001072
1.000301
0.999756
0.999620
0.999846
1.000146
1.000049
0.999168
0.998653
0.998764
0.999013
0.999818
0.999662
0.999391
1.000029
1.000094
0.999271
0.999321
0.999458
0.999446
0.999389
0.999356
0.999973
0.999971
0.999286
0.999044
0.999686
0.999367
0.998639
0.998543
0.999311
1.000104
0.999272
0.998562
0.998674
0.999240
0.999625
0.999052
0.999244
1.000082
0.999951
0.998934
0.999140
0.999463
0.999467
0.999173
0.999049
1.000038
0.999945
0.999205
0.999282
0.999584
0.999079
0.998505
0.998357
0.999364
1.000179
0.999169
0.998653
0.998754
0.999077
0.999759
0.999411
0.999262
1.000002
1.000071
0.999233
0.999320
0.999451
0.999470
0.999322
0.999313
1.000002
0.999814
0.998917
0.999095
0.999748
0.999171
0.998598
0.998530
0.999323
1.000072
0.999206
0.998568
0.998817
0.999194
0.999764
0.999391
0.999211
0.999782
0.999925
0.999360
0.999404
0.999434
0.999427
0.999269
0.999112
0.999936
1.000075
0.999205
0.999312
0.999920
0.999268
0.998756
0.998535
0.999281
0.999167
0.999334
1.000565
1.000387
1.000688
1.000361
0.999209
0.999885
1.000188
0.999657
0.999648
1.000368
1.000127
1.000123
1.000351
0.999799
0.999788
1.000229
1.000062
0.999594
1.000690
1.000677
1.000503
1.000874
0.999432
0.999225
0.999334
1.000545
1.000398
1.000762
1.000689
0.999609
0.999962
1.000255
0.999805
0.999884
1.000344
1.000026
1.000024
1.000354
0.999903
0.999809
1.000353
0.999990
0.999445
1.000617
1.000665
1.000212
1.000263
0.998948
0.999019
0.999381
1.000621
1.000420
1.000760
1.000422
0.999260
0.999909
1.000172
0.999796
0.999736
1.000245
0.999990
0.999996
1.000249
0.999698
0.999673
1.000312
1.000045
0.999216
1.000382
1.000566
1.000120
1.000243
0.999101
0.999272
0.999510
1.000655
1.000287
1.000613
1.000396
0.999213
0.999980
1.000223
0.999761
0.999787
1.000232
1.000024
0.999997
1.000210
0.999874
0.999908
1.000235
0.999924
0.999333
1.000447
1.000604
1.000509
1.000790
0.999355
0.999232
0.999591
1.000101
0.999932
0.999649
0.999658
1.000273
0.999622
0.999417
1.000086
1.000205
0.999840
0.999993
0.999966
0.999873
1.000277
0.999709
0.999044
0.999383
1.000256
0.999842
0.999698
0.999766
0.999604
0.999254
0.999203
0.999533
1.000068
0.999932
0.999652
0.999860
1.000516
0.999800
0.999408
0.999889
1.000249
1.000148
1.000320
1.000122
0.999969
1.000259
0.999889
0.999375
0.999759
1.000456
0.999887
0.999708
0.999908
1.000340
0.999723
0.999267
0.999293
0.999892
0.999868
0.999547
0.999407
1.000354
0.999796
0.999082
0.999725
1.000124
1.000027
1.000089
1.000272
1.000294
1.000416
0.999918
0.999392
0.999755
1.000671
1.000044
0.999766
1.000009
1.000190
0.999631
0.999123
0.999513
0.999907
0.999713
0.999755
0.999818
1.000392
0.999700
0.999063
0.999708
1.000279
0.999987
1.000092
1.000117
0.999960
1.000076
1.000008
0.999407
0.999588
1.000321
0.999689
0.999615
0.999975
0.999827
0.999287
1.001030
1.001117
1.000084
1.000525
0.999863
1.000070
1.000767
1.000562
1.000216
1.000686
1.000440
1.000571
1.001012
1.001087
1.000708
1.000490
1.000728
1.000485
1.000682
1.000836
1.000159
1.000090
1.000777
1.000360
1.001218
1.000967
1.000933
0.999924
1.000511
0.999914
1.000157
1.000515
1.000388
1.000335
1.000602
1.000344
1.000440
1.000939
1.001030
1.000577
1.000509
1.000742
1.000354
1.000397
1.000511
1.000169
1.000163
1.000853
1.000386
1.001262
1.001151
1.001207
1.000308
1.000842
1.000101
1.000391
1.000792
1.000405
1.000644
1.000917
1.000378
1.000545
1.001002
1.000960
1.000458
1.000331
1.000594
1.000327
1.000414
1.000245
0.999782
0.999906
1.000595
1.000050
1.001128
1.001156
1.001068
1.000063
1.000584
0.999978
1.000040
1.000464
1.000367
1.000446
1.000763
1.000539
1.000700
1.001088
1.001020
1.000548
1.000530
1.000573
1.000228
1.000505
1.000828
1.000472
0.999913
1.000547
1.000222
1.001176
1.002001
1.002045
1.001764
1.001420
1.000991
1.001287
1.000778
1.000790
1.001856
1.000959
1.000609
1.001260
1.000400
1.000207
1.000845
1.000412
1.000841
1.001763
1.000811
1.000564
1.001071
1.000992
1.000948
1.001363
1.002105
1.001980
1.002280
1.001699
1.001152
1.001037
1.001128
1.000363
1.000340
1.001483
1.000810
1.000529
1.001137
1.000397
1.000412
1.001226
1.000478
1.000850
1.001638
1.000358
1.000363
1.001147
1.000914
1.001077
1.001573
1.002050
1.001946
1.002043
1.001507
1.001162
1.000961
1.001224
1.000462
1.000281
1.001468
1.000785
1.000504
1.001182
1.000396
1.000223
1.000847
1.000435
1.000867
1.001470
1.000588
1.000737
1.001285
1.001094
1.001458
1.001963
1.002245
1.001868
1.002225
1.001512
1.000943
1.001015
1.001123
1.000898
1.001021
1.001831
1.000848
1.000392
1.000845
1.000241
1.000397
1.001147
1.000474
1.000949
1.001984
1.000564
1.000319
1.001121
1.001151
1.001538
1.001801
1.002071
0.999155
0.999006
0.999037
0.998831
0.998698
0.999380
0.999363
0.997878
0.998978
0.999144
0.999355
0.998474
0.998456
0.999134
0.998940
0.999123
0.999413
0.999186
0.997932
0.999252
0.999159
0.998729
0.998958
0.999192
0.999205
0.999267
0.999025
0.999256
0.999147
0.998786
0.999206
0.999567
0.998504
0.999459
0.999302
0.999206
0.998683
0.998854
0.998886
0.998825
0.999315
0.999134
0.999358
0.998535
0.999599
0.999233
0.998825
0.998941
0.999133
0.999167
0.999352
0.999147
0.998998
0.998860
0.998848
0.999477
0.999716
0.998506
0.999487
0.999279
0.999528
0.998628
0.998476
0.998771
0.998546
0.999085
0.999211
0.999443
0.998546
0.999652
0.999369
0.998889
0.998894
0.998961
0.999109
0.999228
0.999046
0.999198
0.998841
0.998719
0.999357
0.999325
0.997885
0.999169
0.999300
0.999498
0.998904
0.998749
0.998819
0.998643
0.999109
0.999104
0.998992
0.998052
0.999461
0.999208
0.998619
0.998755
0.999035
0.999014
0.999846
0.998947
0.998914
1.000008
1.000242
1.000188
1.000517
1.000394
0.999992
1.000555
1.000479
0.999940
1.000691
1.000670
0.999955
1.000522
1.000480
1.000182
1.000673
1.000356
1.000265
1.000322
0.999887
0.998957
0.998871
0.999769
0.999009
0.998761
1.000002
1.000369
1.000090
1.000137
1.000206
1.000193
1.000575
1.000535
0.999852
1.000556
1.000586
0.999594
1.000394
1.000543
0.999735
0.999950
1.000111
1.000051
1.000397
1.000134
0.998911
0.998800
0.999653
0.998950
0.998751
0.999967
1.000228
0.999889
1.000078
0.999956
0.999859
1.000582
1.000485
0.999949
1.000774
1.000752
1.000187
1.000828
1.000637
1.000181
1.000222
1.000065
0.999913
1.000270
0.999997
0.998786
0.998940
0.999867
0.998988
0.999051
1.000298
1.000523
1.000268
1.000845
1.000470
0.999716
1.000479
1.000464
0.999910
1.000673
1.000669
0.999963
1.000610
1.000670
0.999986
1.000442
1.000432
0.999995
1.000282
1.000022
0.998916
0.998976
1.000723
1.000950
1.000016
0.999985
1.001843
1.001127
1.001384
1.002331
1.000643
1.000840
1.000600
1.000927
1.001014
1.001122
1.001038
1.000636
1.001119
1.000495
1.001816
1.001420
1.001047
1.001829
1.000433
1.000385
1.000672
1.000031
1.000682
1.000362
1.000363
1.001945
1.001185
1.001505
1.001916
1.000316
1.001142
1.000797
1.000903
1.001013
1.001033
1.000837
1.000555
1.001180
1.000994
1.002471
1.001490
1.001155
1.001722
0.999890
0.999962
1.000948
1.000698
1.000997
1.000562
1.000421
1.001688
1.001155
1.001482
1.002212
1.000470
1.001064
1.000826
1.001025
1.001069
1.001074
1.001032
1.000857
1.001075
1.000308
1.001944
1.001468
1.001121
1.001975
1.000366
1.000259
1.000569
0.999994
1.000563
1.000237
1.000081
1.001409
1.000912
1.001154
1.002047
1.000964
1.001123
1.000620
1.000933
1.001010
1.001145
1.001038
1.000593
1.000883
1.000642
1.002289
1.001420
1.001112
1.002055
1.000512
1.000401
1.001060
0.999089
0.999777
1.000292
0.999633
0.999407
0.999187
0.998726
0.999474
0.999269
0.999586
0.998997
0.998624
0.999486
0.999455
0.998522
0.998891
0.999488
0.999231
0.999257
0.998607
0.999391
0.999417
0.999501
1.000425
0.999985
0.999515
1.000005
1.000469
0.999500
0.999226
0.999214
0.998844
0.999538
0.999309
0.999415
0.998536
0.998123
0.999268
0.999217
0.998378
0.999023
0.999397
0.998847
0.999301
0.998749
0.999087
0.999304
0.999624
1.000292
0.999709
0.999305
0.999726
0.999801
0.999405
0.999263
0.999062
0.998703
0.999524
0.999344
0.999451
0.998663
0.998484
0.999480
0.999546
0.998500
0.998698
0.999372
0.999272
0.999274
0.998364
0.999027
0.999329
0.999567
1.000254
0.999956
0.999584
0.999983
1.000078
0.999751
0.999797
0.999055
0.998588
0.999222
0.998930
0.999454
0.998821
0.998464
0.999448
0.999418
0.998486
0.998881
0.999623
0.999267
0.999128
0.998321
0.999029
0.999314
0.999359
1.000190
0.999835
0.999575
0.999239
0.999933
1.000181
0.998322
0.998516
0.998237
0.998873
0.999604
0.999115
0.999825
0.999567
0.998879
0.998354
0.998956
0.999222
0.998748
0.999803
0.999282
0.998314
0.998422
0.998273
0.999958
0.999847
0.999010
0.999561
0.998873
0.999816
1.000024
0.998303
0.998638
0.998202
0.998932
0.999678
0.998734
0.999519
0.999568
0.998709
0.999226
0.999965
0.999480
0.998739
0.999638
0.998983
0.998094
0.998545
0.998860
1.000488
0.999960
0.999154
0.999554
0.999240
0.999990
1.000507
0.998820
0.998709
0.998404
0.999161
0.999754
0.998832
0.999514
0.999604
0.998853
0.998362
0.999101
0.999585
0.998799
0.999730
0.999417
0.998736
0.998676
0.998523
1.000498
1.000101
0.999226
0.999705
0.999227
1.000042
1.000008
0.998140
0.998807
0.998687
0.999151
1.000083
0.999317
0.999759
0.999710
0.998902
0.998900
0.999464
0.999636
0.999132
0.999577
0.999226
0.998911
0.998770
0.998080
0.999988
0.999857
0.999037
0.998826
0.999265
0.999203
0.999019
0.998338
0.999209
1.000573
0.999309
0.999552
0.999045
0.999706
1.000359
0.998979
0.999337
1.000911
1.000195
0.999348
0.999395
0.999194
1.000696
0.999136
0.998374
0.999103
0.999261
0.999626
0.999093
0.999325
0.998980
0.998709
0.998137
0.998802
1.000272
0.999314
0.999622
0.999284
1.000146
1.001001
0.999298
0.998939
1.000338
0.999971
0.999487
0.999772
0.999366
1.000470
0.999033
0.997885
0.998605
0.999179
0.998933
0.998712
0.999611
0.998981
0.998545
0.998010
0.999012
1.000579
0.999071
0.999446
0.999415
0.999863
1.000395
0.999000
0.999341
1.000772
0.999970
0.999291
0.999329
0.999118
1.000704
0.999102
0.997982
0.998564
0.999028
0.999374
0.998899
0.999329
0.999046
0.998740
0.998337
0.998947
1.000411
0.999132
0.999022
0.998819
0.999967
1.000567
0.998905
0.998951
1.000582
0.999960
0.999061
0.999466
0.998892
0.999870
0.998862
0.998197
0.998657
0.998994
0.999347
0.999586
1.000284
1.000574
0.999399
1.000432
1.000580
1.000428
0.999295
1.000072
1.000569
1.000492
1.000289
1.000782
1.000676
1.000164
1.000542
1.000599
1.000072
0.999271
1.000176
1.000446
1.000299
0.999047
1.000621
1.000415
1.000028
1.000434
1.000764
0.999877
1.000639
1.001097
1.000707
0.999230
1.000062
1.000541
1.000438
1.000367
1.000942
1.000832
1.000072
1.000293
1.000496
1.000055
0.999170
1.000325
1.000796
1.000607
0.999445
1.000608
1.000701
1.000048
1.000444
1.000798
0.999242
1.000289
1.000743
1.000416
0.999381
1.000123
1.000525
1.000312
1.000367
1.001056
1.000702
1.000001
1.000354
1.000574
1.000203
0.999401
1.000434
1.000762
1.000299
0.999080
1.000350
1.000398
0.999971
1.000304
1.001024
0.999852
1.000502
1.000604
1.000330
0.999291
1.000215
1.000594
1.000409
1.000319
1.000944
1.000982
1.000319
1.000409
1.000550
1.000031
0.999566
1.000717
1.000787
1.000628
0.999825
1.000964
1.000331
1.001700
1.001287
1.002424
1.002556
1.002708
1.001845
1.001018
1.001948
1.001018
1.001200
1.000954
1.001146
1.001244
1.001273
1.001145
1.000951
1.001204
1.000797
1.001457
1.000946
1.001886
1.002894
1.002461
1.001852
1.000857
1.001695
1.001475
1.001833
1.001868
1.002519
1.001759
1.000739
1.001442
1.000770
1.001225
1.000886
1.000530
1.000765
1.001096
1.000942
1.000993
1.001280
1.001074
1.001891
1.001154
1.001958
1.002511
1.002164
1.002121
1.001424
1.001652
1.000838
1.002181
1.002689
1.002840
1.001878
1.001052
1.001983
1.000999
1.001222
1.001044
1.000853
1.000960
1.001331
1.001214
1.001024
1.001193
1.000491
1.001257
1.000786
1.001729
1.002861
1.002460
1.002119
1.001458
1.001988
1.001173
1.001880
1.002283
1.002809
1.002075
1.001174
1.001901
1.001025
1.001191
1.001004
1.000879
1.000984
1.000979
1.000866
1.000997
1.001143
1.001165
1.001812
1.000849
1.002035
1.002735
1.002283
1.002136
1.001270
0.999897
0.999214
0.998046
0.999536
0.999610
0.998988
0.999076
1.000567
0.999350
0.999885
0.999189
0.999888
0.999344
0.999327
0.999664
0.998972
0.999857
0.999699
1.000892
0.998917
0.999001
0.999837
0.999943
0.998776
0.999758
0.999800
0.999502
0.998843
1.000043
0.999861
0.998967
0.999172
1.001218
0.999687
0.999946
0.999289
1.000140
0.999558
0.999507
0.999923
0.998932
0.999708
0.999324
1.000598
0.999114
0.999001
0.999642
1.000022
0.998781
0.999586
0.999834
0.999764
0.998469
0.999558
0.999620
0.998807
0.998860
1.000601
0.999350
0.999908
0.999285
0.999961
0.999360
0.999341
0.999949
0.999247
0.999914
0.999620
1.001190
0.999209
0.998994
0.999852
0.999966
0.998825
0.999507
0.999487
0.999565
0.998690
0.999774
0.999657
0.998889
0.998659
1.000198
0.999267
0.999845
0.999197
0.999878
0.999336
0.999376
0.999897
0.999174
0.999899
0.999241
1.000775
0.999384
0.999004
0.999606
0.999558
0.997944
0.999261
0.999298
0.999652
0.998737
0.998496
0.998298
0.998490
0.998307
0.999070
1.000008
0.998746
0.999161
0.998659
0.998765
0.998873
0.999066
0.999475
0.998253
0.999601
0.999174
0.998390
0.998535
0.998326
0.998450
0.998450
0.999460
0.999349
0.999352
0.998125
0.998268
0.998353
0.998477
0.998353
0.999118
1.000046
0.998290
0.998634
0.998651
0.998758
0.998859
0.998608
0.998836
0.998578
1.000081
0.999096
0.998288
0.998384
0.998052
0.998346
0.998446
0.999338
0.999140
0.999317
0.998440
0.998412
0.998354
0.998628
0.998310
0.999116
1.000052
0.998736
0.999111
0.998721
0.998870
0.998723
0.998607
0.999057
0.998362
0.999495
0.998607
0.998020
0.998557
0.998268
0.998131
0.998132
0.999354
0.999396
0.999458
0.998441
0.998289
0.998173
0.998566
0.998414
0.998995
0.999833
0.998757
0.999176
0.998755
0.998858
0.998765
0.998658
0.998629
0.997933
0.999541
0.998569
0.998043
0.998629
0.998371
0.998483
0.998726
0.999606
1.000201
0.999791
1.000849
1.000372
0.999898
1.000827
1.000724
0.999813
1.000184
0.999207
1.000868
1.000185
1.000206
1.000163
1.000072
1.000888
0.999669
1.000615
0.999838
1.000780
1.000844
0.999851
1.000196
1.000453
0.999711
1.000576
1.000000
1.000888
1.000364
0.999878
1.000840
1.000862
0.999917
1.000210
0.999598
1.001281
1.000331
1.000255
1.000171
1.000454
1.001467
0.999343
0.999877
0.999574
1.000840
1.001221
1.000194
1.000248
1.000464
0.999433
1.000075
0.999457
1.000554
1.000319
1.000001
1.001105
1.000958
0.999895
1.000063
0.998921
1.000770
1.000137
1.000149
1.000274
1.000284
1.000726
0.999557
1.000960
1.000231
1.000959
1.000889
0.999928
1.000369
1.000645
0.999730
1.000578
0.999716
1.000482
1.000275
0.999928
1.000871
1.000924
1.000221
1.000446
0.999268
1.000864
1.000109
1.000175
1.000287
1.000244
1.001305
1.000071
1.000883
1.000244
1.000959
1.001008
1.000012
1.000351
1.000612
0.999472
1.000016
1.000186
1.000594
1.001003
1.000919
1.000449
1.001381
1.000508
0.999775
1.000507
1.000731
1.001574
1.000654
1.000655
1.001581
1.000772
1.000672
0.999897
1.000732
1.001690
1.000528
1.000919
1.000964
1.000676
1.000391
1.000202
1.000239
1.000589
1.000981
1.001257
1.000881
1.001198
1.000296
0.999805
1.000470
1.000572
1.001378
1.000600
1.000448
1.001341
1.000757
1.000703
0.999991
1.000745
1.002087
1.000971
1.000958
1.000930
1.000710
1.000699
1.000908
1.000899
1.000868
1.000981
1.001036
1.000578
1.001097
1.000186
0.999688
1.000392
1.000570
1.001343
1.000593
1.000405
1.001471
1.000784
1.000458
0.999843
1.000324
1.001242
1.000895
1.001192
1.000909
1.000742
1.000430
1.000219
1.000604
1.000906
1.000972
1.000929
1.000527
1.001441
1.000530
0.999767
1.000506
1.000744
1.001581
1.000644
1.000642
1.001544
1.000763
1.000766
1.000062
1.000367
1.001251
1.000663
1.001014
1.000980
1.000771
1.000337
0.999637
1.000607
1.000460
1.000789
1.000654
0.999271
1.000345
0.999684
1.000308
1.000724
0.999443
0.999242
0.999035
0.998811
0.998768
0.999265
1.000586
0.999977
0.999531
1.000221
0.999505
1.000941
1.001007
1.000649
1.000329
0.999035
1.000174
1.000405
1.000857
1.000381
0.999043
1.000387
0.999733
1.000302
1.000693
0.999773
0.999333
0.998816
0.999050
0.999276
0.999713
1.000786
1.000122
0.999526
0.999939
0.998952
1.000581
1.000846
1.000529
1.000274
0.998997
1.000218
1.000464
1.000822
1.000372
0.998943
1.000298
0.999623
1.000237
1.001081
0.999799
0.999242
0.999014
0.999046
0.998943
0.999326
1.000973
1.000154
0.999514
1.000360
0.999061
1.000410
1.000961
1.000662
1.000382
0.999093
1.000181
1.000403
1.000950
1.000984
0.999515
1.000262
0.999598
1.000222
1.000715
0.999157
0.998754
0.998805
0.999044
0.999272
0.999578
1.000617
0.999938
0.999525
1.000360
0.999082
1.000445
1.000907
1.000682
1.000730
1.001138
1.000090
1.000209
1.000572
1.000658
1.000671
1.000249
1.000383
1.000042
1.000846
1.000737
1.000107
1.000985
1.001197
1.000533
1.000887
1.000805
1.000275
1.000860
1.000147
1.000036
1.000287
1.000561
1.000322
0.999979
1.000580
0.999797
1.000241
1.000525
1.000989
1.000765
1.000210
1.001118
1.000650
1.000983
1.000755
1.000335
1.001188
1.001168
1.000367
1.000777
1.000826
1.000478
1.001027
1.000457
1.000594
1.000638
1.000598
1.000243
0.999753
1.000389
0.999681
1.000170
1.000528
1.000994
1.001170
1.000869
1.001521
1.000734
1.000780
1.000850
1.000294
1.000992
1.001186
1.000534
1.001050
1.000980
1.000386
1.000976
1.000500
1.000646
1.000698
1.000582
1.000295
0.999999
1.000718
0.999983
1.000225
1.000564
1.000402
1.000232
1.000412
1.000833
1.000354
1.000977
1.000900
1.000517
1.001205
1.001132
1.000136
1.000495
1.000862
1.000999
1.001460
1.000477
1.000623
1.000648
1.000545
1.000262
1.000138
1.000721
1.000727
1.000345
0.998789
0.999079
1.000982
0.999959
1.000315
0.999678
0.998960
0.999453
1.000899
1.001498
1.001392
1.001135
0.999669
0.998854
0.999590
1.000180
0.999990
1.001106
0.999113
0.998401
0.999791
1.000233
1.000314
1.000769
1.000401
0.998808
0.998853
1.001287
1.000110
0.999983
0.999475
0.998762
0.999475
1.000755
1.001337
1.001388
1.001120
0.999764
0.998925
0.999591
0.999900
1.000058
1.001633
0.999232
0.998255
0.999869
1.000765
1.001183
1.001154
0.999855
0.998170
0.998761
1.000594
0.999432
0.999896
0.999573
0.998850
0.999666
1.001219
1.001552
1.001408
1.001135
0.999664
0.998843
0.999630
1.000003
0.999641
1.001288
0.999552
0.998411
0.999994
1.000869
1.000798
1.000813
0.999874
0.998197
0.999452
1.001293
0.999857
1.000593
1.000148
0.999158
0.999497
1.000784
1.001353
1.001402
1.001112
0.999818
0.998815
0.999027
0.999574
0.999973
1.001282
0.999067
0.998846
1.000267
1.000635
0.998798
0.999385
0.997881
0.997338
0.998748
0.999527
0.998477
0.998530
0.999400
0.998813
0.998531
0.998670
0.998587
0.998680
0.998401
0.998166
0.998986
0.999646
0.998674
0.998447
0.999092
0.998480
0.997859
0.998343
0.999729
0.999707
0.999699
0.997842
0.997316
0.998459
0.998786
0.997867
0.998237
0.999221
0.998789
0.998540
0.998668
0.998577
0.998662
0.998374
0.998176
0.998748
0.999235
0.998336
0.998130
0.998751
0.998298
0.997912
0.998558
0.999650
0.999135
0.999553
0.998480
0.997897
0.998858
0.999409
0.998264
0.998408
0.999235
0.998768
0.998204
0.998345
0.998602
0.998681
0.998412
0.998188
0.999048
0.999686
0.998548
0.998293
0.998889
0.998318
0.997811
0.998169
0.999008
0.998603
0.999363
0.998517
0.997907
0.998404
0.998934
0.998281
0.998329
0.999169
0.998883
0.998383
0.998389
0.998607
0.998568
0.998003
0.998025
0.999132
0.999666
0.998568
0.997980
0.999165
0.998777
0.997312
0.997915
0.999205
1.000022
0.999195
0.999493
1.001590
1.000528
0.999061
0.999538
1.000457
1.000145
1.000871
1.000107
0.998600
0.998050
0.997927
0.998466
1.000062
1.000653
0.999973
1.000132
0.999188
0.999354
1.000961
1.001687
0.999472
0.999120
0.999837
0.999120
0.999485
1.001408
1.000730
0.999381
0.999393
1.000343
1.000132
1.000871
1.000080
0.998846
0.998289
0.998194
0.998810
1.000281
1.000863
1.000072
1.000127
0.999200
0.999120
1.000569
1.001601
0.999492
0.999263
1.000001
0.998954
0.998929
1.001345
1.000584
0.999059
0.999137
1.000166
1.000078
1.000757
1.000100
0.998609
0.998049
0.997945
0.998589
1.000200
1.000759
1.000009
1.000140
0.999203
0.999048
1.000212
1.000987
0.999345
0.999464
1.000168
0.999284
0.999157
1.001331
1.000599
0.999102
0.999166
1.000147
0.999938
1.000505
1.000118
0.999101
0.998331
0.998063
0.998962
1.000301
1.000579
1.000053
1.000416
0.999324
0.999068
1.000604
1.001613
0.999536
0.999300
1.000734
1.001018
1.000862
1.000428
1.001143
1.000838
1.000825
1.000434
1.000496
1.000151
1.000993
1.001269
0.999748
0.999742
1.001277
1.000923
1.000017
1.000707
1.001225
1.000993
1.000417
1.001013
1.000952
1.001354
1.000849
1.000753
1.000849
1.001371
1.000908
1.000930
1.000412
1.000790
1.000670
1.000490
1.000139
1.001186
1.001133
0.999279
0.999345
1.000933
1.000781
0.999893
1.000813
1.001258
1.000978
1.000650
1.000824
1.000082
1.000864
1.000616
1.000526
1.000868
1.001305
1.000528
1.000832
1.000634
1.000972
1.001279
1.000596
0.999804
1.001208
1.001547
0.999749
0.999744
1.001356
1.001036
1.000092
1.000665
1.000825
1.000997
1.000857
1.001446
1.001209
1.001149
1.000617
1.000551
1.000619
1.001146
1.000436
1.000738
1.000586
1.000711
1.000947
1.000686
1.000090
1.000942
1.000859
0.999319
0.999703
1.001339
1.000982
1.000051
1.000413
1.000799
1.000862
1.000631
1.000855
1.000081
1.000846
1.000698
0.999091
0.999956
1.000618
0.999020
0.999494
0.999866
1.000918
1.000474
1.000795
0.999424
1.000370
1.001591
1.001253
1.001266
1.001591
1.000318
0.999733
1.000805
1.000011
1.000696
0.999926
0.999522
0.998419
1.000068
0.999899
0.999244
0.999874
1.000095
0.998747
0.999735
0.999799
1.000843
1.000483
1.000724
0.999312
1.000030
1.001385
1.001341
1.001343
1.001475
1.000378
0.999638
1.000261
0.999877
1.000733
0.999930
0.999799
0.999309
1.000686
1.000080
0.999538
1.000175
1.000799
0.999291
0.999840
0.999976
1.000758
0.999857
1.000755
0.999750
0.999971
1.001099
1.001102
1.001244
1.001270
0.999973
0.999324
1.000669
1.000329
1.000888
0.999901
0.999526
0.998993
1.000706
1.000039
0.999245
1.000108
1.000778
0.999201
0.999754
0.999753
1.000844
1.000295
1.000527
0.999412
1.000252
1.001748
1.001508
1.001214
1.001246
0.999982
0.999646
1.000616
0.999893
1.000782
0.999938
0.999783
0.999293
1.000963
0.999995
0.999844
0.999735
0.999979
1.001792
1.000481
0.999551
0.999526
1.000061
0.999683
1.000524
1.000230
0.999604
1.001199
1.001230
0.999604
1.000195
1.000814
1.000291
1.000258
0.999397
0.999565
1.000075
1.000901
0.999567
0.999675
0.999774
0.999830
0.999822
1.001232
1.000313
0.999846
0.999641
0.999789
0.999801
1.000653
1.000459
0.999800
1.001286
1.001602
1.000331
1.000543
1.000609
0.999922
1.000154
0.999470
0.999498
1.000303
1.001696
1.000013
0.999735
1.000013
0.999649
0.999254
1.000645
0.999923
0.999710
0.999724
1.000123
0.999774
1.000552
1.000417
1.000131
1.001632
1.001158
1.000044
1.000760
1.000885
1.000313
1.000231
0.999409
0.999393
0.999978
1.000732
0.999306
0.999763
0.999981
0.999790
0.999564
1.000850
1.000049
0.999895
0.999621
0.999954
0.999838
1.000591
1.000457
0.999710
1.001192
1.001554
1.000399
1.000742
1.000988
1.000247
1.000105
0.999469
0.999498
0.999902
1.001258
1.000115
0.999664
1.001622
1.000736
0.999836
1.000730
1.000934
1.000771
1.000026
1.000113
0.999417
1.001349
1.000241
0.999358
1.000539
1.000529
0.999336
1.000203
1.000980
0.998872
1.000063
1.000225
1.000766
1.001073
1.001152
1.000175
1.000987
1.001850
1.000804
1.000017
1.001042
1.001085
1.000782
1.000292
1.000423
0.999763
1.001181
0.999819
0.999339
1.000532
1.000124
0.998705
0.999963
1.001584
0.999753
1.000405
1.000292
1.000792
1.000990
1.000761
0.999854
1.000791
1.001724
1.000859
1.000191
1.001251
1.001163
1.000561
1.000134
1.000407
0.999604
1.001537
1.000255
0.998999
1.000098
1.000417
0.998986
0.999543
1.000539
0.998873
1.000057
1.000237
1.000794
1.001063
1.001106
1.000108
1.000802
1.001596
1.000546
1.000131
1.001760
1.001403
1.000712
1.000272
1.000431
0.999768
1.001184
0.999819
0.999331
1.000543
1.000167
0.998732
0.999489
1.000551
0.999153
1.000458
1.000420
1.000797
1.001056
1.000783
0.999546
1.000575
0.999849
0.999683
1.000226
0.998656
0.999068
1.000333
1.000316
0.999655
0.999985
0.999837
0.998469
0.999993
0.999586
0.999589
0.999949
0.998410
0.999637
0.999926
0.999601
1.000253
1.000330
0.999197
0.998863
1.000742
0.999760
0.999555
0.999966
1.000274
0.998348
0.998962
1.000196
1.000308
0.999663
0.999860
0.999920
0.998789
0.999955
0.999573
0.999463
0.999859
0.998430
0.999552
0.999848
0.999564
1.000160
1.000270
0.999037
0.998599
1.000629
0.999881
0.999588
0.999931
1.000784
0.998867
0.999057
1.000166
1.000025
0.999499
0.999488
0.999168
0.997961
0.999424
0.999439
0.999461
0.999466
0.998427
1.000059
0.999939
0.999489
1.000100
1.000259
0.999389
0.998718
1.000312
0.999951
0.999613
0.999559
0.999965
0.998231
0.998611
0.999888
1.000214
0.999557
0.999854
0.999920
0.998789
0.999955
0.999582
0.999558
0.999531
0.998274
1.000337
1.000305
0.999449
1.000065
0.999842
0.998995
0.998572
0.999961
0.999687
0.998652
0.998867
0.999568
0.999337
0.998374
0.999214
0.999429
0.999530
1.000420
0.999339
0.999546
1.000383
0.999600
0.999627
1.000374
0.999402
0.999129
1.000718
0.999827
0.999399
0.999380
0.998655
0.999450
0.999400
0.998748
0.998716
0.998677
0.999449
0.999402
0.998307
0.999190
0.999263
0.999337
0.999977
0.998730
0.999410
1.000378
0.999619
0.999849
1.000583
0.999381
0.998723
0.999979
0.999483
0.999270
0.999213
0.998450
0.999226
0.999339
0.998735
0.998672
0.998540
0.998810
0.999045
0.998604
0.999351
0.999530
0.999946
1.000691
0.999547
1.000289
1.001174
0.999913
0.999933
1.001032
0.999866
0.999300
1.000729
0.999781
0.999362
0.999325
0.998417
0.999785
0.999830
0.998688
0.998563
0.998947
1.000229
0.999763
0.998804
0.999577
0.999271
0.999467
0.999967
0.998728
0.999409
1.000376
0.999608
0.999610
1.000859
1.000259
0.999102
0.999933
0.999462
0.999292
0.999437
0.998689
0.999353
0.999813
0.999095
0.999681
1.000592
1.000234
1.000819
1.001633
1.000325
1.000005
1.000257
0.999713
0.999706
1.001923
1.001270
1.000878
1.000741
1.001143
1.002589
1.000188
0.999566
1.000278
0.999836
1.000199
1.001676
1.000802
1.000109
1.000675
0.999881
1.000656
1.000444
1.001342
1.001817
1.000312
1.000159
1.000404
0.999696
1.000359
1.002584
1.001143
1.000744
1.000758
1.000787
1.002195
1.000393
0.999765
1.000419
1.000167
0.999974
1.001171
1.000494
0.999903
1.000516
0.999546
1.000725
1.000555
1.000981
1.001575
1.000274
0.999974
1.000281
0.999713
0.999650
1.001514
1.000784
1.000763
1.000804
1.001248
1.002003
0.999720
0.999980
1.000636
1.000074
0.999906
1.001129
1.000645
0.999994
1.000627
1.000323
1.001242
0.999984
1.000760
1.001468
0.999856
1.000057
1.000681
1.000154
1.000552
1.002580
1.001275
1.000877
1.000729
1.000717
1.001489
0.999836
1.000139
1.000660
1.000205
1.000361
1.001534
1.001073
1.000404
1.000639
1.000064
1.000618
1.000579
1.000355
1.000839
1.000600
1.000529
1.000588
1.000094
0.999723
1.000980
1.000028
0.999991
1.000000
1.000029
1.000454
0.999013
0.999781
1.000466
1.000503
1.000557
1.000747
1.000222
1.000392
1.000497
0.999858
1.000497
1.000372
1.000298
1.000806
1.000600
1.000525
1.000561
1.000205
0.999342
1.000427
1.000029
1.000010
1.000032
1.000371
1.000787
0.998992
0.999778
1.000464
1.000538
1.001003
1.001446
1.000662
1.000639
1.000849
1.000089
1.000436
1.000510
1.000708
1.000801
1.000351
1.000568
1.000483
0.999632
0.999245
1.001181
1.000344
0.999993
0.999916
0.999894
1.000953
0.999748
0.999915
1.000339
1.000486
1.000992
1.001517
1.000819
1.000519
1.000695
0.999605
0.999990
1.000494
1.000343
1.000909
1.000734
1.000488
1.000401
0.999496
0.998846
1.000461
0.999991
0.999970
1.000105
1.000549
1.001348
0.999706
0.999897
1.000372
1.000540
1.000593
1.001016
1.000707
1.000516
1.000699
0.999967
0.999323
0.999055
0.998975
0.999300
0.999752
0.998974
0.998895
0.999779
0.998792
0.998305
0.999434
0.998146
0.998226
0.999236
0.998328
0.999513
1.000234
0.998864
0.999195
0.999977
0.999470
0.999306
0.999302
0.999367
1.000138
0.999349
0.999262
0.999171
0.999270
0.999741
0.998997
0.998888
0.999868
0.999691
0.999057
0.999516
0.998247
0.998269
0.999214
0.998830
1.000031
1.000503
0.999111
0.998998
0.999744
0.999392
0.999037
0.999003
0.999193
0.999950
0.999339
0.999046
0.999079
0.999629
1.000095
0.999182
0.999212
1.000372
0.999395
0.998574
0.999116
0.997884
0.998227
0.999512
0.998336
0.998823
1.000075
0.999122
0.998975
0.999755
0.999242
0.999040
0.999220
0.999304
0.999962
0.999345
0.999060
0.998926
0.999440
1.000124
0.999210
0.998978
1.000059
0.999359
0.998337
0.998876
0.997845
0.997887
0.998873
0.998570
0.999264
1.000035
0.999143
0.998980
0.999760
0.999207
0.998978
0.999089
0.999179
0.999809
0.999796
0.999919
0.998943
0.998780
0.999690
0.999790
0.999071
1.000051
1.000339
0.998625
0.999069
0.999654
0.999672
0.999326
0.998876
1.000349
1.000055
0.999089
0.999387
0.999075
0.998375
0.998625
0.999763
0.999645
0.999514
0.999698
0.999688
0.998789
0.998756
0.999475
0.999328
0.998764
0.999961
0.999798
0.998111
0.998636
0.999270
0.999306
0.998880
0.998389
0.999840
0.999670
0.998674
0.999593
0.999492
0.998753
0.998855
0.999650
0.999788
0.999662
0.999495
0.999682
0.998638
0.998326
0.999280
0.999596
0.998736
0.999676
1.000293
0.998603
0.999397
1.000015
0.999659
0.999116
0.998622
1.000312
0.999655
0.998701
0.999572
0.999515
0.998492
0.998501
0.999532
0.999781
0.999823
0.999618
0.999694
0.998822
0.998479
0.999274
0.999364
0.998854
1.000006
1.000329
0.998879
0.999623
0.999980
0.999581
0.999182
0.998436
0.999854
0.999642
0.998701
0.999817
0.999507
0.998467
0.998724
0.999658
0.999917
0.999368
0.999426
1.000407
1.000546
0.999394
0.999849
1.000044
0.999748
0.999441
0.999817
0.999977
0.999643
1.001522
1.001526
0.999592
0.999900
0.999816
0.999603
0.999917
1.000172
1.000027
0.999801
1.000715
1.000332
0.999601
0.999326
0.999400
1.000738
1.000886
0.999524
0.999943
1.000179
0.999835
0.999586
1.000055
0.999893
0.999931
1.002134
1.002172
1.000137
1.000083
1.000061
0.999608
0.999596
0.999915
0.999933
0.999341
1.000564
1.000686
0.999644
0.999430
0.999618
1.000765
1.001121
0.999810
0.999983
1.000076
0.999893
0.999735
0.999841
0.999695
0.999650
1.001778
1.001536
0.999582
0.999789
0.999862
0.999626
0.999774
1.000112
0.999937
0.999671
1.000869
1.000710
0.999648
0.999386
0.999662
1.000739
1.000896
0.999878
0.999907
0.999952
0.999987
0.999651
0.999836
0.999801
0.999443
1.001544
1.002091
0.999972
0.999877
0.999894
0.999488
0.999816
1.000071
0.999927
0.999599
1.001014
1.000872
0.999661
1.001776
1.001974
1.001175
1.001866
1.000988
1.000105
1.000317
1.001733
1.001391
1.001693
1.001350
1.001154
1.000254
1.000260
1.001166
1.001385
1.001707
1.001393
1.001479
1.000230
1.000194
1.000622
1.001815
1.000960
1.001521
1.001791
1.001499
1.000480
1.001294
1.000675
1.000313
1.000614
1.001949
1.001476
1.001496
1.001376
1.001553
1.000549
0.999943
1.000838
1.001382
1.001661
1.001468
1.001944
1.000610
1.000245
1.000948
1.002083
1.001225
1.001640
1.001646
1.001528
1.000714
1.001518
1.000596
1.000068
1.000072
1.001364
1.001251
1.001591
1.001490
1.001526
1.000519
1.000324
1.000983
1.001094
1.001634
1.001351
1.001452
1.000230
1.000231
1.000632
1.001738
1.000762
1.001195
1.001522
1.001230
1.000799
1.001896
1.000838
1.000499
1.000774
1.001834
1.001414
1.001719
1.001339
1.001123
1.000312
0.999972
1.000982
1.001551
1.001628
1.001448
1.001540
1.000262
1.000281
1.000981
1.001712
1.000300
1.001346
1.000682
1.000337
0.999675
0.999476
0.999868
1.000359
1.001636
1.001500
1.001017
0.999672
0.999416
1.000270
0.999318
0.999321
1.000270
0.999473
0.999937
1.001216
1.001743
1.001923
1.000406
1.000121
0.999446
0.999888
1.000961
1.000991
1.000927
1.000219
1.000087
1.000221
0.999976
1.001069
1.001126
1.001258
1.000019
0.999539
0.999740
0.998811
0.999326
1.000305
0.999302
0.999368
1.000827
1.001138
1.001329
1.000374
1.000231
0.999610
0.999480
1.000386
1.000680
1.000531
0.999876
0.999976
1.000376
1.000382
1.001591
1.001476
1.000993
0.999694
0.999502
0.999734
0.998819
0.999132
1.000238
0.999680
1.000122
1.001435
1.001519
1.001601
1.000407
1.000075
0.999662
1.000167
1.000834
1.000711
1.000599
0.999649
0.999637
1.000117
1.000136
1.001559
1.001450
1.001201
0.999936
0.999640
1.000453
0.999356
0.999158
1.000108
0.999576
0.999578
1.000800
1.001389
1.001243
0.999891
1.000110
0.999959
1.000220
1.000791
0.998486
0.997874
0.998672
0.998502
0.999664
0.999587
0.999052
0.998063
0.997711
0.998048
0.998315
0.997305
0.998847
0.998845
0.997305
0.998315
0.998102
0.997830
0.998107
0.999058
0.999747
0.999974
0.998832
0.998982
0.998174
0.998634
0.997897
0.998664
0.998321
0.999537
0.999547
0.999287
0.998407
0.997855
0.998297
0.998466
0.997290
0.998832
0.998851
0.997326
0.998498
0.998248
0.997799
0.998312
0.999282
0.999619
0.999546
0.998494
0.998923
0.998147
0.998785
0.998287
0.998972
0.998410
0.999530
0.999619
0.999268
0.998285
0.997758
0.998214
0.998876
0.997713
0.998872
0.998964
0.997734
0.998817
0.998275
0.997801
0.998285
0.999279
0.999756
0.999959
0.998721
0.998891
0.998286
0.999037
0.998412
0.999013
0.998451
0.999521
0.999588
0.999027
0.998057
0.997779
0.998088
0.998322
0.997321
0.998882
0.999248
0.998123
0.998920
0.998215
0.997762
0.998273
0.999595
0.999976
0.999653
0.998466
0.998706
0.997901
0.999192
0.999325
0.999348
0.999921
1.000452
1.000649
0.999104
0.999577
0.999296
1.000618
1.000701
1.000450
1.000910
1.000912
1.000448
1.000619
1.000218
0.998800
0.999431
0.999116
1.000803
1.000380
0.999803
0.999231
0.999155
0.999199
0.999325
0.999348
0.999895
1.000420
1.000927
0.999210
0.999307
0.998819
1.000098
1.000865
1.000681
1.000899
1.000767
1.000323
1.000641
1.000580
0.999412
0.999592
0.998856
1.000405
1.000420
0.999995
0.999332
0.999466
0.999633
0.999487
0.999324
0.999960
1.000420
1.000399
0.998844
0.999592
0.999400
1.000542
1.000453
1.000125
1.000773
1.000789
1.000161
1.000490
1.000115
0.998832
0.999482
0.998872
1.000590
1.000397
0.999825
0.999367
0.999283
0.999271
0.999277
0.999322
0.999951
1.000371
1.000387
0.998632
0.999352
0.999025
1.000217
1.000627
1.000320
1.000798
1.000515
0.999872
1.000455
1.000666
0.999397
0.999483
0.998855
1.000414
1.000183
0.999874
0.999674
0.999454
1.000444
1.000675
1.001018
1.000934
1.000730
1.001146
1.001472
1.001774
1.001666
1.001141
1.001611
1.002087
1.001201
1.001203
1.002070
1.001467
1.000901
1.001526
1.001722
1.001460
1.001006
1.000631
1.000938
1.001006
1.000709
1.000582
1.000811
1.001024
1.000955
1.000756
1.001159
1.001620
1.001861
1.001628
1.000980
1.001289
1.001857
1.001158
1.001474
1.002377
1.001608
1.001136
1.001650
1.001741
1.001436
1.001113
1.000764
1.000937
1.000838
1.000394
1.000155
1.000165
1.000446
1.000713
1.000743
1.001481
1.001815
1.001712
1.001523
1.000808
1.001249
1.001978
1.001276
1.001477
1.002174
1.001428
1.001125
1.001660
1.001774
1.001819
1.001342
1.000420
1.000750
1.000667
1.000180
1.000345
1.000532
1.000867
1.000972
1.000733
1.001099
1.001546
1.001822
1.001650
1.001025
1.001484
1.002187
1.001297
1.001373
1.002050
1.001340
1.000996
1.001545
1.001559
1.001289
1.001277
1.000858
1.000610
1.000404
1.000281
1.001277
1.001439
1.001753
1.001840
1.000738
0.998991
1.000526
0.999801
1.000679
1.001597
1.002170
1.001497
0.999725
0.999723
1.001239
1.002024
1.001592
1.000541
0.999761
1.000520
0.998939
1.000788
1.001781
1.001566
1.001466
1.001383
1.001465
1.001944
1.002156
1.000815
0.999277
1.000935
0.999903
1.000649
1.001680
1.002122
1.001346
0.999711
0.999265
1.001049
1.002144
1.001569
1.000652
0.999796
1.001118
0.999599
1.000831
1.001998
1.001646
1.001318
1.001286
1.001574
1.001896
1.001846
1.001131
0.999373
1.000482
0.999740
1.000562
1.001591
1.002097
1.001340
0.999708
0.999555
1.001433
1.002259
1.001582
1.000859
1.000001
1.000506
0.998933
1.000823
1.002021
1.001932
1.001564
1.001135
1.001296
1.001972
1.002165
1.000848
0.999332
1.000930
1.000034
1.000493
1.001382
1.002307
1.001211
0.999394
0.999251
1.000880
1.001933
1.001418
1.000552
0.999888
1.000925
0.999165
1.000654
1.002050
1.002257
1.001708
0.999476
1.000383
0.998717
0.999162
0.999407
0.999215
0.999415
0.999070
0.999168
0.999185
0.999047
0.998650
0.998868
0.998885
0.998779
0.999108
0.999846
0.999919
0.999049
0.999415
0.999220
0.999407
0.999164
0.998646
0.999695
0.998217
0.999680
0.998510
0.998999
0.999745
0.999464
0.999284
0.999040
0.999522
0.999360
0.999032
0.998337
0.998445
0.999207
0.998981
0.998889
0.999368
0.999522
0.999036
0.999276
0.999463
0.999741
0.999008
0.999116
1.000897
0.999433
1.000905
0.999226
0.999151
0.999268
0.999344
0.999621
0.999027
0.999521
0.999483
0.999103
0.998756
0.998851
0.998845
0.998634
0.998992
0.999124
0.998957
0.998850
0.999413
0.999231
0.999409
0.999032
0.999116
1.000885
0.999442
1.000350
0.998560
0.999030
0.999407
0.999222
0.999585
0.998982
0.999303
0.999505
0.998999
0.999006
0.999201
0.998789
0.998679
0.999172
0.999535
0.999522
0.999044
0.999643
0.999786
0.999926
0.999154
0.998993
1.000808
0.998685
0.999120
0.998951
0.998330
0.998998
0.999793
0.998652
0.999890
0.999142
0.997938
0.996660
0.998169
0.999686
0.999702
0.998051
0.996863
0.997892
0.998594
0.999578
0.998643
0.999798
0.998806
0.998103
0.999200
1.000416
1.000737
1.000405
0.999066
0.997878
0.998572
0.999430
0.997988
0.999090
0.998739
0.997957
0.996737
0.998407
1.000034
0.999683
0.997893
0.996529
0.997945
0.998761
0.999083
0.997634
0.999092
0.998593
0.997873
0.998613
0.999438
0.999706
0.999451
0.998755
0.998269
0.998795
0.999095
0.997663
0.999143
0.998895
0.997949
0.996824
0.998271
0.999639
0.999646
0.997890
0.996420
0.997949
0.998916
0.999625
0.998637
0.999784
0.998787
0.998093
0.998784
0.999469
0.999163
0.999370
0.999246
0.998081
0.998796
0.999767
0.998122
0.999115
0.998927
0.998236
0.996967
0.998134
0.999663
1.000030
0.998656
0.996881
0.997954
0.999141
0.999810
0.998093
0.999088
0.998586
0.998007
0.998774
0.998932
1.001589
0.999876
1.001425
1.000843
1.000522
1.000363
0.999661
0.999618
0.999676
1.001145
1.000812
1.001067
1.000528
1.000403
1.001243
1.000857
1.001038
1.000136
1.000250
1.000039
1.000334
1.000604
1.000820
1.000734
0.998767
1.000667
0.999211
1.001412
1.000985
1.000629
1.000405
1.000057
1.000408
0.999929
1.000829
1.000950
1.001293
1.000424
1.000542
1.001395
1.000913
1.000834
0.999835
1.000664
1.000837
1.000701
1.000525
1.000929
1.000969
0.998802
1.000689
0.998777
1.000738
1.000706
1.000542
1.000458
1.000232
1.000361
1.000161
1.001351
1.000970
1.000897
1.000178
1.000198
1.001061
1.000925
1.000968
1.000062
0.999974
0.999392
1.000130
1.000572
1.000725
1.001217
0.999278
1.001136
0.999223
1.000769
1.000730
1.000525
1.000325
1.000486
1.000698
1.000123
1.001034
1.000660
1.000893
1.000224
1.000410
1.000998
1.000707
1.001146
1.000006
1.000078
1.000097
1.000428
1.000547
1.000703
1.000770
0.999240
1.000095
0.999285
1.000002
1.000079
0.999856
1.000480
1.001227
1.000777
1.001968
1.001378
1.001980
1.001077
1.000887
1.000889
1.001074
1.001767
1.000357
1.001114
1.000526
1.000940
1.000417
0.999769
1.000032
1.000417
0.999841
1.000458
0.999436
0.999955
0.999996
0.999834
1.000528
1.001163
1.000442
1.001121
1.000924
1.002048
1.001106
1.000900
1.000866
1.001073
1.001832
1.000721
1.001406
1.000507
1.000927
1.000406
0.999843
1.000071
1.000360
0.999618
1.000226
0.999976
1.000542
1.000104
0.999851
1.000636
1.001427
1.000807
1.001681
1.000857
1.001448
1.000747
1.000845
1.001236
1.001217
1.001806
1.000945
1.001140
1.000452
1.001391
1.000575
0.999779
1.000086
1.000051
0.999483
1.000287
0.999646
1.000449
1.000129
0.999865
1.000434
1.000942
1.000520
1.001595
1.000837
1.001451
1.000776
1.000888
1.000883
1.001094
1.002072
1.001148
1.001657
1.000506
1.001136
1.000607
0.999853
1.000129
1.000449
0.999670
0.999338
1.000311
0.999426
0.999732
0.999517
0.999662
0.999549
1.000385
0.999747
0.998648
0.999396
0.999189
1.000471
1.000423
0.999133
0.999660
0.999274
0.999643
0.999781
0.999360
0.999634
0.999598
0.999721
0.999820
1.000634
0.998435
1.000130
0.999227
0.999549
0.999512
0.999586
0.999238
1.000099
1.000002
0.999019
0.999393
0.999154
1.000484
1.000431
0.999136
0.999688
0.999243
1.000028
1.000479
0.999744
0.999816
0.999542
0.999546
0.999712
1.001302
0.999659
1.001080
0.999787
0.999706
0.999424
0.999482
0.999267
0.999748
0.999167
0.998691
0.999814
0.999699
1.000760
1.000409
0.999335
0.999537
0.998919
1.000436
1.000765
0.999617
1.000003
0.999805
0.999465
0.999172
1.000181
0.999200
1.001386
0.999867
0.999663
0.999430
0.999678
0.999752
1.000488
0.999739
0.998916
0.999833
0.999702
1.000807
1.000426
0.999147
0.999436
0.998533
0.999593
1.000220
0.999355
0.999645
0.999541
0.999672
0.999835
1.001338
0.999483
1.000439
0.999939
1.000350
1.001196
1.000280
1.000238
0.999475
0.998302
0.998502
0.999964
1.000927
0.999277
0.999378
1.001149
1.000083
0.998619
0.998698
0.999741
0.999968
0.999729
1.000640
1.000067
0.999771
1.000481
1.000143
1.000648
1.000073
1.000245
1.000639
0.999756
0.999989
0.999756
0.998711
0.998637
1.000142
1.000434
0.998644
0.998741
1.000355
0.999931
0.998657
0.998447
0.999473
1.000052
0.999853
1.000656
1.000132
0.999894
0.999996
0.999124
0.999990
0.999768
1.000314
1.001322
1.000145
0.999978
0.999767
0.998720
0.998978
1.000310
1.000363
0.998735
0.998753
1.000577
1.000481
0.998936
0.998409
0.999494
1.000061
0.999803
1.000651
1.000217
1.000066
1.000465
0.999282
0.999581
0.999498
1.000024
1.001107
1.000250
0.999686
0.999038
0.998292
0.998598
0.999961
1.000283
0.998647
0.998741
1.000356
0.999947
0.998614
0.998315
0.999384
1.000239
1.000028
1.000673
1.000013
0.999706
1.000032
0.999604
0.998872
0.998706
0.999618
1.000476
1.000323
1.000182
0.998814
1.000007
1.000014
0.999730
0.999386
0.998612
0.999024
0.999652
0.999568
1.000028
1.000025
0.999132
1.000781
1.000823
1.000968
1.000193
0.999089
0.998678
0.999267
0.998684
0.999030
1.000392
1.001054
1.000663
1.000682
0.999146
1.000025
1.000042
0.999639
0.999888
0.999235
0.999696
1.000430
0.999653
1.000009
1.000009
0.998943
1.000285
1.000333
1.000916
1.000389
0.998973
0.998496
0.999407
0.998624
0.998569
0.999737
1.000561
1.000521
1.000766
0.999155
1.000054
0.999693
0.999398
1.000458
0.999636
0.999187
0.999809
0.999648
1.000135
1.000011
0.998804
1.000202
1.000594
1.000964
0.999934
0.998797
0.998926
0.999753
0.998941
0.998827
0.999956
1.000576
1.000194
1.000764
0.999636
1.000318
1.000040
0.999717
1.000033
0.999261
0.999687
1.000450
0.999717
1.000024
1.000332
0.999632
1.000639
1.000331
1.000812
0.999912
0.998789
0.998860
1.000607
1.000769
1.000720
1.000062
0.999313
1.000149
0.999340
1.000496
1.001083
1.001083
0.999170
0.999139
1.001218
1.000706
0.998542
0.998908
1.000911
1.001074
1.000949
1.000060
1.000691
0.999609
0.999774
1.000358
1.000999
1.001101
1.001165
0.999836
0.999257
0.999375
1.000464
1.000112
1.000956
1.001090
1.001069
0.999151
0.998838
1.000950
1.000953
0.998856
0.999132
1.001009
1.000775
1.000425
0.999914
1.000744
0.999576
0.999767
1.000384
1.000879
1.000821
1.000841
1.000216
0.999628
0.999342
1.000129
0.999310
1.000233
1.000851
1.001085
0.999135
0.998580
1.000693
1.000960
0.998820
0.998590
1.000525
1.000775
1.000683
1.000082
1.000687
0.999540
1.000113
1.000773
1.000934
1.000860
1.000974
1.000239
0.999592
0.999618
1.000455
0.999184
0.999908
1.000714
1.001077
0.999158
0.999130
1.001225
1.000979
0.998812
0.998938
1.000806
1.000591
1.000371
0.999667
1.000241
0.999368
1.000111
1.000579
1.000784
1.000430
1.000609
1.000741
0.999300
0.999356
1.000240
0.999849
1.000694
1.000642
1.000651
1.000137
0.999855
1.000462
1.000838
1.000186
1.000333
1.000911
1.000586
1.000403
0.999334
0.999687
0.999041
0.999288
1.000939
1.000696
1.000246
1.000587
1.001080
0.999625
0.999377
0.999922
0.999250
1.000419
1.000626
1.000662
1.000214
1.000218
1.000754
1.000441
0.999799
1.000110
1.000793
1.000973
1.000624
0.999346
0.999659
0.999161
0.999412
1.000807
1.000696
1.000305
1.000296
1.001028
0.999684
0.999406
1.000316
1.000010
1.000844
1.000656
1.000613
1.000184
1.000173
1.000665
1.000698
1.000051
1.000315
1.000858
1.000627
1.000370
0.999198
0.999621
0.999155
0.999457
1.000867
1.000639
1.000397
1.000607
1.001217
0.999829
0.999146
0.999987
0.999987
1.000531
1.000448
1.000637
1.000114
0.999725
1.000329
1.000297
0.999658
1.000367
1.001102
1.000594
1.000124
0.999573
1.000348
0.999405
0.999395
1.000810
1.000559
0.999212
0.998776
0.998902
0.999631
0.999807
0.999180
1.000308
0.999658
1.000130
0.999948
1.000525
1.000289
0.999572
0.999568
1.000280
1.000344
0.999969
1.000282
0.999831
0.999989
0.998307
0.999439
0.999789
0.998878
0.998338
0.998902
0.998526
0.998844
0.999541
0.999817
0.999176
1.000461
0.999831
1.000128
0.999727
1.000220
1.000339
0.999716
0.999556
1.000308
1.000343
0.999825
1.000153
0.999653
0.999798
0.998685
0.999945
0.999791
0.998865
0.998674
0.999533
0.998859
0.999120
0.999744
0.999432
0.998272
0.999822
0.999889
1.000295
1.000005
1.000452
1.000470
0.999828
0.999830
1.000713
1.000469
1.000008
1.000560
1.000000
1.000445
0.999217
0.999849
0.999735
0.998916
0.998397
0.998968
0.998243
0.998701
0.999695
0.999825
0.998703
0.999956
1.000029
1.000321
1.000003
1.000531
1.000597
0.999881
0.999878
1.000643
1.000310
0.999757
1.000327
1.000003
0.999943
0.998663
0.999797
0.999662
0.998676
0.998233
1.000612
0.999806
1.000221
0.999740
0.999394
0.998581
1.000272
1.000694
0.999646
0.999370
0.999922
1.000272
0.999362
0.999506
1.000449
1.000020
0.999543
0.999614
1.000323
1.000549
0.999256
0.999618
0.999938
1.000444
1.000107
1.000681
1.000172
1.000922
1.000179
0.999372
0.998620
1.000059
1.000294
0.999731
0.999735
1.000070
1.000257
0.999363
0.999361
1.000299
1.000017
0.999482
0.999362
1.000280
1.000641
0.998917
0.999250
0.999406
1.000050
0.999957
1.000394
1.000074
1.000577
0.999883
0.999639
0.999266
1.000778
1.000597
0.999559
0.999380
0.999898
1.000174
0.999235
0.999235
1.000085
0.999897
0.999524
0.999625
1.000318
1.000106
0.998492
0.999248
0.999860
1.000487
1.000233
1.000898
1.000084
1.000251
0.999680
0.999344
0.999066
1.000403
1.000011
0.999277
0.999448
0.999958
1.000174
0.999257
0.999384
1.000350
1.000038
0.999527
0.999326
1.000095
1.000570
0.998936
0.999171
0.999708
1.000254
1.000062
1.000546
1.001708
1.002133
1.001700
1.000517
1.000612
1.000352
1.000024
0.998985
1.000729
0.999737
0.998554
0.999836
0.999609
0.998356
0.999746
1.000253
0.998519
1.000012
1.000365
1.000571
1.000151
1.001250
1.001699
1.001424
1.000737
1.001407
1.001684
1.001159
1.000070
1.000490
1.000284
0.999997
0.998469
1.000071
0.999763
0.998804
0.999843
0.999827
0.998776
0.999749
1.000152
0.999071
1.000632
1.000452
1.000570
1.000494
1.001730
1.002004
1.000938
0.999572
1.000933
1.001762
1.001270
1.000231
1.000617
1.000382
1.000032
0.999000
1.000713
0.999735
0.998567
0.999805
0.999791
0.998511
0.999696
1.000238
0.998492
0.999978
1.000327
1.000556
1.000505
1.001577
1.001817
1.001369
1.000381
1.001498
1.002479
1.001970
1.000425
1.000530
1.000443
1.000697
0.999494
1.000739
0.999719
0.998505
0.999825
1.000159
0.999157
0.999999
1.000766
0.999523
1.000546
1.000341
1.000534
1.000471
1.002029
1.002569
1.001607
0.998832
1.000922
1.000496
1.001702
1.000470
1.000480
0.999613
1.000361
0.999375
0.999381
0.999992
1.000927
1.000738
1.000064
1.000304
0.999765
0.999577
0.999827
1.000323
0.999871
1.001048
1.001102
1.001388
0.999375
1.000277
0.998557
1.000278
0.999375
1.001407
1.001086
1.000826
0.999667
1.000321
1.000172
1.000246
0.999671
0.999961
1.000062
1.000763
1.001006
1.000369
1.000138
0.999668
0.999964
0.999652
1.000950
1.000674
1.001328
0.999639
1.000893
0.999773
1.000806
0.999314
1.001385
1.000826
1.000485
0.999613
1.000345
0.999736
0.999766
1.000033
1.000293
1.000052
1.000740
1.001351
1.000397
0.999818
0.999926
1.000450
1.000055
1.000985
1.000495
1.001466
1.000178
1.000835
0.998702
1.000774
1.000202
1.001394
1.000726
1.001012
0.999613
0.999947
0.999573
0.999726
1.000382
1.001340
1.000709
1.000150
1.000041
0.999681
0.999769
0.999581
0.999936
0.999466
1.000734
1.000671
1.001025
0.999780
1.000836
0.999642
0.998521
0.997691
0.997939
0.999261
1.000853
1.000125
1.000033
1.000581
0.999259
1.000876
1.000781
0.998792
0.999206
1.000898
1.000614
0.999308
1.000571
1.000006
0.999809
1.000479
0.999213
0.997912
0.997792
0.998940
0.999693
0.998418
0.997773
0.997871
0.999212
1.000739
1.000044
0.999994
1.000234
0.999223
1.000804
1.000912
0.999184
0.998788
1.000411
1.000285
0.999158
1.000701
1.000271
1.000061
1.000514
0.999261
0.997897
0.997796
0.998684
1.000003
0.998969
0.997774
0.998009
0.999364
1.000832
1.000121
1.000021
1.000265
0.998762
1.000351
1.000897
0.999206
0.998784
1.000386
1.000480
0.999405
1.000725
0.999750
0.999581
1.000628
0.999251
0.997946
0.997706
0.998524
0.999382
0.998256
0.997628
0.997893
0.999184
1.000458
1.000045
1.000237
1.000248
0.998704
1.000243
1.000416
0.998737
0.998780
1.000419
1.000277
0.998736
1.000268
1.000025
1.000116
1.000803
0.999306
0.997861
0.997632
0.998510
1.000046
0.998734
0.999939
0.997838
0.999904
1.000162
1.000164
0.999438
0.999577
0.999243
0.999724
0.999069
1.001062
1.001567
0.999892
1.000355
0.999577
0.999599
0.999401
1.000261
1.000895
1.000872
0.998611
1.000727
0.999171
1.000580
0.999754
1.000357
0.997856
0.999891
1.000148
1.000142
0.999401
0.999554
0.999294
1.000036
0.999871
1.001566
1.001116
0.999036
0.999987
0.999395
0.999408
0.999407
0.999977
0.999970
0.999880
0.997835
1.000326
0.999285
1.000117
0.999165
1.000699
0.998238
0.999899
0.999998
1.000014
0.999449
0.999584
0.999559
1.000332
0.999881
1.001567
1.001058
0.999061
0.999724
0.999080
0.999430
0.999632
1.000366
1.000175
0.999900
0.997873
1.000176
0.999101
1.000635
0.999291
0.999530
0.997459
0.999864
1.000117
1.000114
0.999374
0.999561
0.999517
1.000028
0.999610
1.001506
1.001041
0.999370
1.000304
0.999520
0.999573
0.999611
1.000200
1.000018
1.000225
0.998125
0.999916
0.998852
1.000763
1.001392
1.001485
1.001941
1.002300
0.999876
0.999586
0.999779
1.000593
1.000006
0.999320
1.000728
1.001579
1.001348
1.000812
0.999539
0.999772
1.000032
0.999303
0.999478
0.999251
1.001227
1.001969
1.001741
1.001397
1.001054
1.000962
1.001829
1.002067
1.001832
1.000064
0.999761
0.999735
1.000398
0.999850
0.999263
1.000428
1.001349
1.001635
1.001002
0.999747
1.000134
1.000542
0.999751
0.999756
1.000023
1.002264
1.002509
1.001700
1.001106
1.001048
1.001150
1.001725
1.002450
1.002286
1.000077
0.999732
0.999315
1.000048
0.999762
0.999170
1.000449
1.001339
1.001582
1.000730
0.999320
0.999966
1.000178
0.999291
0.999503
0.999925
1.001860
1.001963
1.001717
1.001183
1.001065
1.001438
1.002047
1.002013
1.001801
1.000013
0.999730
0.999352
1.000027
0.999988
0.999852
1.000852
1.001315
1.001578
1.000745
0.999489
0.999962
1.000426
0.999728
0.999739
1.000093
1.001800
1.002016
1.002163
1.001340
0.999191
1.000034
1.000326
1.001391
0.998272
0.999386
0.999851
0.999904
1.000436
1.001372
1.000261
0.999864
0.998857
0.998499
0.999092
0.999620
1.001337
1.001174
1.000414
0.999866
0.999432
0.998237
1.000712
0.999451
0.999448
0.998825
0.999931
1.000222
1.002343
0.999552
0.999716
0.999842
1.000024
1.001114
1.001873
1.000276
0.999530
0.998477
0.998869
0.999449
0.999637
1.001508
1.000931
1.000018
0.999913
0.999348
0.998707
1.001954
1.000317
0.999863
0.999004
0.999950
0.999866
1.001005
0.998244
0.999385
0.999722
1.000168
1.001039
1.001578
1.000304
0.999530
0.998478
0.998907
1.000242
1.000581
1.001710
1.001174
1.000152
0.999721
0.999390
0.999227
1.001665
0.999510
0.999473
0.998443
0.999555
0.999961
1.001485
0.998551
0.999358
0.999888
1.000229
1.000960
1.001076
0.999696
0.999454
0.998540
0.998843
0.999856
0.999778
1.001047
1.000781
0.999926
0.999696
0.999412
0.998300
1.001405
1.000116
0.999836
1.000462
1.000021
0.998453
0.999309
0.999090
0.999535
1.000401
1.001244
1.000454
1.000745
1.000798
0.999842
0.999710
0.999701
0.999842
1.001039
1.000939
1.000113
1.000818
1.000327
0.999767
0.999255
0.999622
0.998807
1.000095
1.000511
1.000032
0.998438
0.999111
0.998656
0.999276
1.000308
1.000805
0.999866
1.000450
1.000741
0.999826
0.999705
0.999702
0.999827
1.000762
1.000469
0.999892
1.000802
1.000465
0.999903
0.999056
0.999070
0.998405
1.000011
1.000462
1.000503
0.998858
0.999255
0.999268
0.999956
1.000666
1.001313
1.000469
1.000738
1.000798
0.999838
0.999703
0.999645
0.999322
1.000611
1.000765
1.000219
1.001215
1.000617
0.999722
0.998878
0.999383
0.999188
1.000543
1.000573
1.000556
0.999213
0.999613
0.999086
0.999770
1.000554
1.000897
1.000251
1.001037
1.000597
0.999290
0.999594
0.999700
0.999826
1.001310
1.001293
1.000197
1.000978
1.000460
0.999571
0.999087
0.999290
0.998461
1.000043
1.000909
1.000220
0.999365
0.998814
1.000860
0.999742
1.000310
0.999787
1.000153
0.999991
0.999685
1.000491
1.000478
1.000667
1.001081
1.000070
0.999802
1.000680
1.000571
1.000460
0.999342
1.000457
0.998800
0.999375
1.000362
1.001207
1.000355
0.999352
0.998505
1.000426
0.999552
1.000462
1.000551
1.000617
1.000065
1.000320
1.000866
1.000468
1.000661
1.001059
1.000328
1.000166
1.000744
1.000326
1.000048
0.999384
1.000091
0.998170
0.999661
1.000673
1.001047
0.999729
0.999180
0.999151
1.000734
0.999594
1.000295
0.999798
1.000153
0.999991
0.999675
1.000673
1.000679
1.000489
1.000569
0.999791
0.999973
1.000110
0.999909
1.000444
0.999671
1.000260
0.998179
0.999145
1.000325
1.001457
1.000003
0.998862
0.998484
1.000289
0.999302
1.000310
1.000178
1.000275
0.999835
0.999771
1.000683
1.000556
1.000669
1.000659
0.999433
0.999731
1.000406
1.000034
1.000434
0.999866
1.000561
0.998452
0.999676
1.000569
0.998866
0.998965
1.001725
1.000655
1.000391
1.000057
0.999072
0.998871
0.999645
0.999781
0.999610
1.000784
0.998869
0.998665
1.000054
0.999054
0.999743
0.999424
0.998572
0.999041
1.000111
1.000456
1.000657
1.001727
0.998998
0.998652
0.997994
1.001049
1.000616
1.000367
1.000032
0.999040
0.998572
0.999347
0.999577
0.998890
1.000200
0.998849
0.998710
1.000043
0.998912
0.999577
0.999357
0.998774
0.999622
1.000432
1.000497
1.000734
1.000732
0.997691
0.998577
0.998973
1.001396
1.000327
1.000386
1.000287
0.999313
0.998880
0.999646
0.999803
0.999620
1.000623
0.998738
0.999258
1.000973
0.999267
0.999382
0.999407
0.998849
0.999324
1.000298
1.000528
1.000780
1.000779
0.997920
0.998600
0.998819
1.001701
1.000794
1.000631
1.000117
0.999064
0.998819
0.999646
0.999760
0.999584
1.000778
0.998888
0.998727
1.000616
0.999599
0.999750
0.999785
0.999030
0.999313
1.000298
1.000559
1.000756
1.000725
0.998000
0.999855
0.998679
0.999177
1.000877
1.000779
1.001397
1.000532
1.000202
0.998994
0.999098
1.000672
1.000423
0.999186
0.999343
1.000796
1.001304
0.999715
0.998881
0.999860
1.000534
1.001561
1.000934
1.001278
0.999560
0.998809
1.000271
0.999684
0.999910
1.000961
1.000872
1.001397
1.000535
0.999857
0.998844
0.999781
1.001379
1.000639
0.999203
0.999197
1.000229
1.000957
0.999536
0.998860
1.000199
1.000200
1.000965
1.001025
1.001495
1.000842
1.000097
1.000011
0.998665
0.999235
1.001046
1.000810
1.000963
1.000169
0.999988
0.998774
0.999563
1.000664
1.000018
0.999216
0.998894
0.999926
1.000533
0.999358
0.999171
1.000217
1.000043
1.000833
1.000983
1.001529
1.000261
0.999402
0.999867
0.999239
1.000111
1.001503
1.001164
1.001428
1.000463
1.000215
0.999194
0.999281
1.000239
1.000007
0.999220
0.999221
1.000427
1.001093
0.999555
0.998679
0.999888
1.000025
1.000874
1.001136
1.001172
1.000433
0.999932
1.001522
1.002806
1.000111
1.000331
0.999650
0.998551
1.000415
0.999511
0.999848
1.000167
0.999564
0.998954
1.000271
1.000269
0.998722
0.998887
0.999660
1.000099
0.999730
1.000339
0.998524
0.999627
1.000016
0.999404
1.002242
1.001215
1.002022
1.000147
1.000262
0.999561
0.998538
1.000747
1.000534
1.000455
0.999602
0.998881
0.998750
1.000319
1.000641
0.999485
0.999801
1.000209
0.999846
0.999509
1.001026
0.999154
0.999635
0.999892
0.999255
1.002352
1.002153
1.002797
1.000103
1.000248
0.999787
0.999398
1.001348
1.000522
1.000480
1.000181
0.999843
0.999514
1.000634
1.000257
0.999091
1.000258
1.000704
1.000211
1.000273
1.000819
0.998846
0.999678
0.999811
0.999827
1.002191
1.000978
1.001382
0.998989
1.000012
0.999904
0.999462
1.001068
0.999527
0.999842
1.000197
0.999801
0.999520
1.000642
1.000315
0.998759
0.999466
1.000199
1.000074
1.000126
1.000773
0.998576
0.999565
1.000171
0.999287
1.001351
0.999428
1.000353
1.001588
1.000137
0.999130
0.999457
1.000087
1.000299
1.000565
1.000677
0.998942
0.998895
1.000231
1.000231
0.998916
0.998975
1.000708
1.000563
1.000748
1.001030
0.999916
0.999078
0.999735
1.000996
1.000197
0.999282
1.000748
1.001647
1.000100
0.999416
0.999764
0.999660
0.999861
1.000579
1.000718
0.998980
0.998912
1.000257
0.999853
0.998519
0.998449
1.000189
1.000607
1.000284
0.999880
0.999290
0.999111
1.000136
1.001580
1.000367
0.998932
1.000365
1.001577
1.000131
0.999144
0.999250
0.999923
1.000268
1.000494
1.000164
0.998449
0.998519
0.999838
1.000229
0.998873
0.998411
1.000116
1.000475
1.000306
1.000149
0.999176
0.999053
1.000312
1.001625
1.000753
0.999641
1.000508
1.000987
0.999724
0.999139
0.999302
0.999908
1.000282
1.000582
1.000717
0.998979
0.998550
0.999855
1.000255
0.998880
0.998441
1.000119
1.000864
1.000681
1.000107
0.999415
0.999122
1.000093
1.002061
1.001393
0.999049
0.997699
0.999182
0.999204
1.000774
1.002153
0.999881
1.000263
0.998584
0.999439
1.000399
0.999948
1.000333
1.000286
0.999993
1.000688
0.999654
0.998800
1.000103
0.999184
1.001930
1.000528
0.999185
1.000176
0.998413
0.999594
0.998283
0.999218
0.999182
1.000505
1.001894
0.999880
1.000223
0.998898
0.999659
1.000325
0.999957
1.000331
1.000418
1.000099
1.000480
0.999468
0.998759
1.000372
0.999426
1.001918
1.000538
0.998854
0.999087
0.998088
1.000010
0.998156
0.999211
0.998866
1.000105
1.000979
0.998582
0.999526
0.998589
0.999754
1.000466
1.000096
1.000412
1.000273
0.999887
1.000427
0.999732
0.998608
0.999549
0.999448
1.002248
1.000556
0.998855
0.999078
0.997677
0.999254
0.998476
1.000232
0.999552
1.000451
1.001005
0.999005
1.000177
0.998580
0.999638
1.000689
1.000120
1.000412
1.000270
0.999881
1.000735
0.999691
0.998285
0.999556
0.998936
1.001606
1.000378
0.998879
0.999196
0.997667
1.000789
0.999511
0.998076
0.999031
0.999388
0.999009
0.999271
0.999461
0.999044
1.000082
1.002388
1.001711
1.001270
1.001152
1.001476
1.001522
0.999396
0.998823
0.999198
0.999299
0.999190
0.999751
0.999207
0.998082
0.999529
1.000499
0.999649
0.998518
0.998835
0.999194
0.998399
0.998703
0.999206
0.998618
0.999964
1.002382
1.001724
1.001279
1.001067
1.001496
1.002364
1.000092
0.998725
0.999364
0.999450
0.999176
0.999981
0.999449
0.998489
0.999618
1.000194
0.999214
0.997786
0.998895
0.999918
0.999244
0.999283
0.999498
0.998832
0.999932
1.002331
1.001697
1.001270
1.001346
1.001784
1.002403
0.999976
0.998844
0.999540
0.999428
0.999165
0.999751
0.999241
0.998522
0.999949
1.000874
0.999536
0.997768
0.998736
0.999359
0.999556
0.999829
0.999378
0.999022
0.999314
1.001479
1.001574
1.001280
1.001121
1.001685
1.001740
0.999257
0.998976
0.999549
0.999319
0.998901
0.999534
0.998898
0.997777
0.999511
1.000062
1.001133
0.999934
1.000205
0.999118
0.998590
0.999435
1.001022
1.002679
0.999904
1.000439
1.000814
0.999659
0.999724
1.000735
1.000830
1.000481
1.002237
1.000856
0.999522
0.998043
0.999259
1.000705
0.999931
1.001111
0.999863
1.000523
0.999519
1.000734
0.999411
0.998821
1.000130
1.000825
1.001440
0.999328
1.000607
1.000837
0.999689
0.999696
1.000793
1.000562
0.999430
1.001552
1.000952
0.999602
0.997803
0.998528
1.000150
0.999448
1.000540
0.999702
1.001029
1.000333
1.001011
0.999214
0.998783
1.000144
1.001095
1.002509
0.999943
1.000549
1.000633
0.999497
0.999540
1.000532
1.000319
0.999880
1.002124
1.000732
0.999367
0.998025
0.999268
1.000729
0.999652
1.001051
1.000532
1.001443
1.000321
1.000857
0.999178
0.998329
0.999564
1.001128
1.001989
0.999889
1.001117
1.000684
0.999527
0.999672
1.000777
1.001037
0.999898
1.001550
1.000666
1.000170
0.999165
0.999292
1.000699
1.000331
1.001216
1.000251
1.000469
1.001005
1.000426
1.000692
1.001458
1.000119
1.000302
1.001752
1.000320
0.998370
0.998520
0.999109
0.998974
0.998456
0.998480
1.000400
1.002293
1.000759
1.000549
1.001984
1.000897
1.000594
1.001290
1.000907
1.000389
1.000439
1.000987
1.000619
1.001184
1.001956
1.000199
1.000744
1.002701
1.000788
0.998413
0.998495
0.999097
0.998946
0.998341
0.998926
1.001339
1.002744
1.000759
1.000545
1.002285
1.001511
1.000782
1.000805
1.000453
1.000226
1.000604
1.001168
1.000592
1.000847
1.001473
1.000124
1.000294
1.001711
1.000875
0.998782
0.998191
0.998947
0.999330
0.998801
0.998452
1.000368
1.002255
1.000850
1.000658
1.002115
1.001027
1.000619
1.000883
1.000261
1.000098
1.000544
1.001159
1.000580
1.000962
1.001629
1.000133
1.000295
1.002183
1.000781
0.998417
0.998357
0.998961
0.998976
0.998374
0.998439
1.000804
1.002559
1.000650
1.000128
1.001472
1.000719
1.000472
1.001200
1.000645
0.999084
0.999686
1.000091
0.999341
1.001337
1.001862
1.002307
1.000149
0.999464
1.001673
0.999535
0.998512
1.000719
1.000724
0.998541
0.999535
1.001191
0.998732
0.999411
1.001399
1.001413
1.001005
0.999009
0.999839
0.999280
0.999232
0.999932
1.000071
0.999038
1.000538
1.000775
1.001490
0.999705
0.998863
1.001160
0.999390
0.998192
1.000383
1.000716
0.998518
0.998822
1.000610
0.999350
0.999896
1.001458
1.001241
1.000705
0.999274
1.000412
0.999694
0.999368
0.999768
0.999906
0.998992
1.000981
1.001860
1.002011
1.000310
0.999428
1.000426
0.998870
0.998591
1.000739
1.000390
0.998210
0.999514
1.001165
0.999176
1.000070
1.001004
1.000327
1.000553
0.999094
1.000126
0.999789
0.999350
0.999655
0.999908
0.998895
1.000616
1.000946
1.001673
1.000166
0.999598
1.001744
0.999495
0.998833
1.001014
1.001088
0.998891
0.999568
1.001813
0.999638
1.000155
1.002278
1.001862
1.001417
0.999499
0.999910
0.999441
0.998998
1.000187
1.000240
0.999803
0.998759
0.997750
0.999456
0.999103
0.997850
0.998857
0.999208
1.000447
1.000626
1.001011
1.000821
0.999181
0.999363
0.998345
0.999274
0.999719
0.997757
0.998856
0.999956
1.000287
1.000155
0.998746
0.999970
1.000264
0.999941
0.999214
0.998713
1.000080
0.999130
0.998415
0.999531
0.999323
1.000805
1.000986
1.000999
1.000822
0.999347
0.999540
0.997971
0.998937
0.999791
0.997812
0.998778
0.999747
1.000195
1.000346
0.998956
0.999947
1.000238
0.999931
0.998835
0.997748
0.999755
0.998876
0.997936
0.999518
0.999353
1.000833
1.000998
1.000987
1.000798
0.999257
0.999453
0.997948
0.998921
1.000401
0.998736
0.998857
0.999497
1.000168
0.999983
0.998728
1.000085
1.000198
0.999786
0.999043
0.998699
1.000111
0.999124
0.997885
0.998957
0.999277
1.000934
1.001112
1.000650
1.000893
0.999645
0.998893
0.997872
0.999067
0.999437
0.997770
0.998538
0.999553
1.000196
1.000188
1.000742
1.000404
1.001058
1.000169
0.999503
0.999686
0.998690
0.999430
0.999363
0.998584
0.999843
1.000662
0.999493
0.999507
1.000692
1.000096
0.999206
0.999855
0.999073
0.997823
0.999125
0.999099
1.000183
1.001405
1.000985
1.001234
1.000143
1.000827
0.999795
0.999147
0.999668
0.998688
0.999436
0.999416
0.998873
1.000526
1.001134
0.999477
0.999484
1.000647
0.999818
0.998932
0.999727
0.999312
0.998590
0.999683
0.999490
1.000415
1.001349
1.000675
1.001001
1.000451
1.001120
0.999807
0.999217
0.999349
0.998167
0.999275
0.999428
0.998893
1.000086
1.000692
0.999508
0.999488
1.001115
1.000500
0.998832
0.999419
0.998864
0.997631
0.999193
0.999522
1.000177
1.000840
1.000186
1.000991
1.000654
1.001343
1.000432
0.999498
0.999710
0.998133
0.998832
0.999783
0.998970
0.999777
1.000319
0.999164
0.999505
1.000504
0.999931
0.999214
0.999712
0.998937
0.998318
0.999775
0.999501
1.000458
1.001359
1.000419
1.001525
1.000438
0.999505
0.999489
0.999690
1.001122
0.999569
1.000603
1.000801
1.000128
1.000559
0.998406
1.000017
1.000578
0.999240
1.000560
0.999557
1.000408
1.000861
1.000429
1.001387
0.999355
0.999098
0.998740
0.999473
1.000997
1.000306
0.999386
0.999491
0.999266
1.000683
0.999437
1.000479
1.000800
0.999778
0.999805
0.998561
1.000543
1.000027
0.998403
1.000450
0.999739
1.000486
1.000586
0.999560
1.000689
0.999268
0.999575
0.999612
0.999701
1.000516
1.000227
0.999528
0.999490
0.999684
1.001641
1.000110
1.000586
1.000777
0.999876
1.000557
0.999240
1.000605
1.000539
0.998552
0.999780
0.999773
1.000832
1.000951
1.000492
1.001684
0.999687
0.999489
0.999403
1.000101
1.000511
0.999701
0.999611
0.999563
0.999677
1.001132
1.000050
1.001213
1.000577
0.999771
1.000755
0.998614
0.999988
1.000566
0.998861
1.000095
0.999493
1.000611
1.001170
0.999991
1.000666
0.999290
0.999189
0.998750
1.000017
0.998953
0.999249
0.999343
1.000600
1.000372
1.000180
1.001373
1.000331
0.999945
0.999515
1.000685
1.000608
1.000686
1.000573
1.000263
1.000467
0.999542
0.999965
1.000379
1.000886
0.999340
1.000102
1.000657
0.999444
0.999293
0.999170
0.999280
0.999403
1.000761
1.000242
0.999403
1.001174
1.000649
0.999972
0.999882
1.001027
1.000480
1.000565
1.000700
1.000612
1.001023
1.000022
1.000154
1.000607
1.001737
1.000040
1.000081
1.000242
0.999018
0.999256
0.999189
0.998961
0.999046
1.000623
1.000372
1.000200
1.001414
1.000333
1.000061
0.999656
1.000435
1.000249
1.000564
1.000553
1.000611
1.001123
1.000024
1.000128
1.000355
1.001431
1.000166
1.000329
1.000631
0.999458
0.999348
0.999157
0.999226
0.999018
1.000237
1.000303
1.000179
1.001415
1.000207
0.999939
0.999658
1.000419
1.000891
1.001216
1.000024
0.999729
1.000792
1.000008
1.000017
1.000249
1.000847
0.999401
1.000141
1.000659
0.999458
0.999126
1.000072
0.999343
1.000033
1.000704
1.000703
0.998285
0.999634
0.998723
1.000489
1.000608
0.999948
1.000892
0.998271
0.998285
1.001169
1.000234
1.000540
1.000992
0.999557
1.000513
0.999419
1.001209
1.000724
1.000363
0.999570
0.999888
0.999493
1.000327
1.000691
1.001249
0.999405
0.999902
0.999106
1.000996
1.000246
1.000043
1.001277
0.998287
0.998701
1.001685
1.000008
1.000213
1.000961
0.999005
0.999390
0.998886
1.001165
1.000788
1.000199
0.999463
1.000226
0.999695
1.000286
1.000756
1.000741
0.998196
0.999750
0.999537
1.000920
1.001023
1.000694
1.000697
0.997805
0.997855
1.000352
1.000060
1.000671
1.000893
0.999555
0.999844
0.998200
1.000589
1.000708
1.000218
0.999534
1.000010
0.999303
1.000162
1.000794
1.000566
0.998071
0.999720
0.999561
1.000860
1.000918
1.000712
1.000686
0.997821
0.998711
1.001236
1.000086
1.000702
1.000334
0.998954
1.000371
0.999414
1.001326
1.000728
1.000351
0.999715
0.999853
1.000456
0.999136
1.000205
1.000656
1.001164
0.998679
0.999347
0.999670
1.001214
0.999896
1.001433
1.000178
0.999754
1.000287
0.999167
1.001809
0.999665
0.998226
0.998037
1.000780
1.000281
1.000473
0.999872
1.000861
0.999445
1.000058
0.999149
1.000209
1.000677
1.001191
0.998649
0.998818
0.999656
1.001816
0.999153
1.000282
0.999773
0.999781
1.000313
0.999168
1.001865
0.999132
0.998243
0.999522
1.001422
0.999937
1.000467
0.999847
1.000896
0.999898
1.000883
0.999850
1.000578
1.000665
1.001133
0.998383
0.998551
0.998972
1.000353
0.998323
1.000664
1.000158
1.000159
1.000984
0.999020
1.001426
0.999159
0.998049
0.998430
1.000763
1.000237
1.000183
0.999104
1.000075
0.999100
1.000042
0.999081
0.999961
1.000082
1.001600
0.999234
0.998599
0.999627
1.000996
0.998359
1.000656
1.000172
0.999790
1.000577
0.998642
1.000395
0.999096
0.998684
0.999300
1.002028
1.000676
1.000205
0.999159
1.000510
0.999330
1.001243
1.001377
1.000881
1.000325
1.001708
1.000294
1.000810
0.999050
0.999411
1.000406
1.000689
1.000828
1.000683
1.000331
1.000892
0.999895
0.998765
1.001079
1.000755
1.002639
1.000971
1.000801
1.000824
1.000767
0.999976
1.001359
1.001059
1.000774
1.000234
1.001748
1.000313
1.000834
0.998742
0.999882
1.001580
1.001021
1.000686
1.000714
1.000368
1.000198
0.999186
0.999102
1.001217
0.999613
1.001925
1.001416
1.000649
1.000153
1.000469
0.999569
1.000494
1.000213
1.000407
1.000434
1.002181
1.000542
1.000815
0.999417
1.000354
1.000653
1.000359
1.000760
1.000829
1.000493
1.000907
0.999958
0.999569
1.001625
1.000345
1.002580
1.001201
1.000850
1.001080
1.001401
1.000405
1.001671
1.001708
1.001316
1.001107
1.001727
0.999632
1.000833
0.998724
0.999685
1.000677
1.000467
1.000838
1.000718
1.000335
1.001399
1.000728
0.999831
1.001644
0.999701
1.001271
1.000524
1.000879
1.001400
1.001054
1.001203
1.000372
1.000636
0.998823
0.998851
0.998109
1.000909
1.002400
1.002067
0.999388
1.000535
0.998576
0.999678
0.999330
0.998793
1.000316
0.998428
1.001042
1.001160
1.000348
0.998148
0.999058
0.998997
1.000684
1.000211
1.000916
1.000572
1.001282
0.999269
0.998927
0.998089
1.000898
1.002375
1.001800
0.998401
0.999703
0.998542
0.999635
0.999709
0.999195
1.001038
0.999120
1.001054
1.001174
1.000366
0.997842
0.998660
0.999183
1.001287
1.000496
1.000810
1.000523
1.001308
0.999369
0.999006
0.997994
1.000346
1.001906
1.002379
0.999591
1.000912
0.998815
0.999346
0.999693
0.999175
1.000265
0.999008
1.001210
1.000724
1.001148
0.998590
0.998650
0.998792
1.000928
1.000621
1.001150
1.000453
1.000341
0.998596
0.998867
0.998004
1.000369
1.001168
1.001049
0.999027
1.000904
0.998788
0.999292
0.999708
0.999182
1.000353
0.998713
1.001539
1.001425
1.000396
0.997856
0.998661
0.999168
1.000969
1.000427
0.999613
0.998924
0.998624
0.997874
0.998086
0.998737
1.000139
0.998739
0.999984
0.998912
0.998374
0.999096
1.000426
1.000739
0.999335
0.998241
0.998882
1.000702
0.999845
1.000590
0.998816
0.997892
0.997399
0.998419
0.999164
1.000075
0.999349
0.998343
0.997497
0.998261
0.999007
1.000243
0.998359
0.999629
0.998889
0.998504
0.999294
1.000387
1.000408
0.998820
0.998047
0.998891
1.000691
0.999840
1.000500
0.998715
0.998057
0.997585
0.998421
0.999144
1.000048
0.999289
0.998381
0.997413
0.997896
0.998827
1.000637
0.999153
0.999536
0.998424
0.998284
0.999370
1.000750
1.000469
0.998862
0.998043
0.998438
0.999957
0.999585
1.000014
0.998374
0.998148
0.997864
0.998776
0.999160
0.999788
0.998950
0.998613
0.997868
0.998085
0.998725
1.000531
0.999504
1.000391
0.998929
0.998047
0.999167
1.000745
1.000415
0.999128
0.998379
0.998922
1.000002
0.999176
1.000544
0.998729
0.998057
0.997586
0.998434
0.999031
0.999889
0.998401
0.999152
1.000752
1.000635
1.000571
1.000157
1.000426
0.998674
0.999965
0.999839
0.999739
0.998853
0.998696
1.000197
1.000403
1.000320
0.999055
1.000173
0.999891
1.000543
1.000737
1.001257
0.999861
0.999161
1.000265
0.998211
0.999536
1.001218
1.000650
1.000541
0.999908
1.000386
0.999307
1.000361
0.999816
0.999723
0.998841
0.999298
1.000629
1.000209
0.999934
0.998460
0.999927
0.999907
1.000563
1.000925
1.001009
0.999393
0.998638
0.999750
0.998549
0.999385
1.000804
1.000740
1.000743
1.000209
1.000329
0.998650
0.999709
1.000246
1.000222
0.998717
0.999215
1.000503
1.000213
1.000242
0.999199
1.000522
1.000054
1.000556
1.000737
1.000793
0.999383
0.999141
1.000871
0.998860
0.999593
1.001475
1.000919
1.000731
1.000145
1.000402
0.999311
1.000345
1.000219
1.000142
0.998840
0.998832
0.999737
0.999839
0.999950
0.998481
1.000094
1.000247
1.000753
1.000922
1.001474
0.999484
0.998262
1.000496
1.000004
1.002227
1.002871
1.002181
1.000857
0.999923
1.000100
1.000097
1.001661
1.000992
1.000006
0.999397
0.999796
1.000302
1.000954
1.001391
0.999740
1.000283
1.000147
1.000723
1.002016
1.002375
1.001399
0.999415
0.999940
1.000030
1.001439
1.001852
1.001707
1.000616
1.000169
1.000309
0.999789
1.001413
1.001096
1.000024
0.999418
0.998912
0.999519
1.000977
1.001623
1.000384
1.000576
1.000161
1.000912
1.001736
1.002056
1.001283
0.999739
1.000465
0.999398
1.001259
1.002473
1.002042
1.000502
0.999718
1.000081
1.000093
1.001779
1.000888
1.000214
0.999763
0.999269
0.999995
1.001060
1.001108
0.999582
1.000099
0.999922
1.000701
1.002039
1.002837
1.001621
0.999149
0.999681
0.999494
1.001519
1.002133
1.001930
1.000655
0.999946
1.000249
0.999553
1.001099
1.001063
1.000073
0.999387
0.999384
1.000086
1.001097
1.001629
1.000400
1.000320
0.999661
1.000667
1.001949
1.001795
1.001137
1.000068
0.998964
1.000984
1.000596
0.998200
0.999414
1.000520
1.000102
0.998603
0.999805
1.000603
1.000329
1.000759
1.002001
1.001721
1.000363
0.999980
1.000498
1.000383
0.999520
1.000589
1.000531
0.999408
0.998205
1.000598
1.000845
0.999055
1.001624
1.001287
0.999017
0.999762
1.000680
1.000087
0.998625
0.999963
1.000525
1.000121
1.000775
1.002011
1.001988
1.000752
1.000329
1.000588
0.999883
0.998742
1.000193
1.000154
0.999275
0.999178
1.001202
1.000748
0.999024
1.001932
1.001240
0.998471
0.999419
1.000510
1.000120
0.999105
1.000266
1.000433
1.000140
1.000480
1.001675
1.001667
1.000338
1.000190
1.000807
1.000007
0.998597
1.000099
1.000093
0.999105
0.998328
1.000498
1.000730
0.998270
1.000738
1.000500
0.998191
0.999420
1.000537
1.000558
0.999580
1.000508
1.000787
1.000434
1.000881
1.002009
1.002013
1.000891
1.000424
1.000543
0.999897
0.998758
1.000172
1.000529
0.999439
0.998884
1.001624
1.001795
0.999991
1.000670
0.997990
0.998943
0.998743
0.999093
1.000689
1.000531
1.000417
0.999490
1.000070
1.001028
0.999770
0.999753
1.000909
0.999969
0.999251
0.999802
0.999723
0.999857
0.998242
0.998652
0.999305
0.998386
1.000839
0.999843
1.000006
0.998356
0.999645
0.999088
0.999091
1.000689
1.000522
1.000209
0.999067
0.999877
1.000637
0.999337
0.999325
1.000608
1.000067
0.999505
1.000076
0.999935
1.000046
0.998691
0.998876
0.999493
0.999135
1.001220
0.999848
1.000018
0.997992
0.998940
0.998743
0.999117
1.000440
0.999606
0.999770
0.999528
1.000066
1.001100
0.999787
0.999397
1.000659
1.000070
0.999497
1.000410
1.000519
1.000328
0.998726
0.998898
0.999110
0.998377
1.000831
1.000274
1.001201
0.998742
0.998963
0.998300
0.998275
0.999882
0.999741
1.000047
0.999276
0.999676
1.000940
0.999808
0.999822
1.000945
0.999683
0.999309
1.000147
0.999954
1.000447
0.999124
0.999150
0.998817
0.997500
1.000018
0.749454
0.748623
0.748676
0.752903
0.750661
0.746930
0.748687
0.750624
0.747487
0.747014
0.749282
0.749321
0.748041
0.748025
0.749264
0.749214
0.747175
0.747616
0.750605
0.749250
0.748475
0.751263
0.752514
0.748212
0.748540
0.750087
0.748829
0.747231
0.751048
0.750229
0.746926
0.748687
0.750618
0.747643
0.747827
0.749716
0.749528
0.748437
0.748428
0.749499
0.749043
0.747040
0.747685
0.751014
0.749411
0.747871
0.750666
0.751079
0.746825
0.748569
0.750110
0.748894
0.748680
0.752903
0.750661
0.746967
0.749457
0.752459
0.748606
0.747072
0.749282
0.749306
0.748002
0.748417
0.749714
0.749788
0.747496
0.747480
0.750627
0.749260
0.748488
0.751281
0.752528
0.748699
0.748762
0.749706
0.748309
0.748228
0.752939
0.751663
0.748480
0.749258
0.750614
0.747479
0.747662
0.749919
0.749311
0.748005
0.748014
0.749315
0.749928
0.747726
0.748630
0.751947
0.748931
0.747502
0.750851
0.752537
0.748692
0.748629
0.500269
0.498534
0.497541
0.501845
0.503042
0.499521
0.500548
0.504213
0.498251
0.497538
0.500513
0.499137
0.499491
0.499485
0.499602
0.500945
0.497526
0.498247
0.504236
0.500048
0.497558
0.501771
0.502032
0.497763
0.498239
0.499205
0.498146
0.499360
0.503639
0.503227
0.499530
0.500548
0.504212
0.498313
0.496378
0.499774
0.499662
0.499518
0.499500
0.499665
0.500990
0.497563
0.498317
0.504370
0.500133
0.499057
0.503289
0.503653
0.499225
0.498033
0.499187
0.497972
0.497546
0.501845
0.503042
0.499527
0.499292
0.500858
0.496113
0.497535
0.500513
0.499137
0.499502
0.499520
0.499196
0.499279
0.496344
0.498303
0.504235
0.500048
0.497558
0.501771
0.502016
0.497532
0.498567
0.500319
0.498792
0.497776
0.501850
0.501578
0.497567
0.500048
0.504236
0.498275
0.496340
0.499323
0.499160
0.499491
0.499494
0.499160
0.499323
0.496337
0.496118
0.502119
0.500616
0.498085
0.501767
0.502016
0.497532
0.498534
