0.754944
0.752393
0.755273
0.757996
0.752847
0.757879
0.754911
0.754315
0.752038
0.754846
0.757571
0.752067
0.757235
0.754682
0.752048
0.754840
0.757244
0.754796
0.751969
0.757238
0.752605
0.757831
0.755276
0.752447
0.754719
0.757768
0.754659
0.752427
0.755295
0.757831
0.752605
0.757264
0.754329
0.752012
0.757280
0.752045
0.756822
0.752020
0.757262
0.752038
0.757514
0.754791
0.754733
0.751927
0.757216
0.752594
0.757831
0.755295
0.752441
0.754688
0.757666
0.752330
0.755214
0.757996
0.752847
0.757899
0.752172
0.754369
0.757377
0.752304
0.754692
0.756802
0.752020
0.757311
0.754387
0.752056
0.757293
0.754796
0.751957
0.754885
0.757922
0.755237
0.752663
0.754907
0.757108
0.752232
0.757092
0.752456
0.758035
0.752868
0.755127
0.757236
0.751938
0.757357
0.752285
0.757532
0.754482
0.751993
0.757311
0.754350
0.752038
0.757319
0.752033
0.756720
0.752153
0.755353
0.755449
0.755387
0.754865
0.757072
0.878847
0.877667
0.878789
0.880160
0.877782
0.880007
0.878428
0.878264
0.877551
0.878610
0.879565
0.877190
0.879701
0.878551
0.877122
0.878591
0.879769
0.878420
0.877216
0.879681
0.877648
0.880075
0.879033
0.877720
0.878730
0.879871
0.878640
0.877895
0.878933
0.880095
0.877672
0.879684
0.878245
0.877541
0.879649
0.877516
0.879451
0.877422
0.879696
0.877102
0.879730
0.878534
0.878609
0.877221
0.879512
0.877796
0.880075
0.878962
0.877768
0.878647
0.880027
0.877478
0.878880
0.880140
0.877770
0.880006
0.877348
0.878301
0.879691
0.877500
0.878593
0.879459
0.877444
0.879722
0.878270
0.877417
0.879784
0.878435
0.877267
0.878446
0.880012
0.878945
0.877894
0.878873
0.879841
0.877765
0.879836
0.877735
0.880169
0.877877
0.878765
0.879677
0.877161
0.879669
0.877460
0.879734
0.878161
0.877460
0.879714
0.878173
0.877509
0.879768
0.877474
0.879322
0.877477
0.878833
0.878914
0.879042
0.878871
0.879836
1.000498
1.000311
1.000232
1.000111
0.999878
1.000147
1.000378
1.000237
1.000275
1.000311
1.000266
1.000244
1.000299
1.000301
1.000278
1.000242
1.000306
1.000215
1.000258
1.000387
1.000194
0.999988
1.000056
1.000277
1.000355
1.000509
1.000408
1.000351
1.000115
0.999927
1.000180
1.000398
1.000297
1.000243
1.000352
1.000268
1.000273
1.000336
1.000278
1.000268
1.000257
1.000344
1.000248
1.000282
1.000413
1.000271
0.999967
1.000091
1.000286
1.000401
1.000555
1.000437
1.000305
1.000075
0.999993
1.000202
1.000362
1.000245
1.000258
1.000343
1.000287
1.000196
1.000255
1.000310
1.000265
1.000285
1.000317
1.000222
1.000224
1.000431
1.000170
0.999884
1.000097
1.000234
1.000352
1.000514
1.000368
1.000274
1.000125
0.999923
1.000174
1.000398
1.000284
1.000217
1.000332
1.000257
1.000274
1.000309
1.000264
1.000272
1.000284
1.000294
1.000232
1.000294
1.000439
1.000146
0.999898
1.000120
1.000260
1.000376
1.000762
1.000944
1.000610
1.000493
1.000620
1.000839
1.000778
1.000732
1.000885
1.000915
1.000887
1.000918
1.000752
1.000752
1.000924
1.000872
1.000972
1.000852
1.000829
1.000865
1.000852
1.000629
1.000523
1.000650
1.000876
1.000822
1.000899
1.000499
1.000539
1.000612
1.000853
1.000859
1.000840
1.000861
1.000927
1.000847
1.000908
1.000763
1.000743
1.000924
1.000862
1.000967
1.000828
1.000820
1.000828
1.000829
1.000647
1.000533
1.000627
1.001024
1.000817
1.000910
1.000580
1.000485
1.000656
1.000860
1.000786
1.000741
1.000878
1.000956
1.000900
1.000910
1.000746
1.000735
1.000909
1.000887
1.000937
1.000853
1.000836
1.000883
1.000858
1.000614
1.000498
1.000607
1.000989
1.000762
1.000990
1.000644
1.000522
1.000611
1.000853
1.000845
1.000792
1.000854
1.000964
1.000859
1.000924
1.000745
1.000777
1.000963
1.000815
1.000964
1.000905
1.000741
1.000886
1.000936
1.000605
1.000545
1.000634
1.000945
0.999934
1.000000
0.999913
1.000049
1.000175
1.000041
0.999788
0.999912
1.000004
1.000070
0.999841
0.999704
0.999872
0.999880
0.999670
0.999777
1.000051
0.999955
0.999956
0.999744
1.000005
1.000224
1.000059
0.999838
1.000034
0.999923
0.999974
0.999926
1.000024
1.000055
0.999983
0.999731
0.999884
0.999938
1.000027
0.999790
0.999739
0.999916
0.999865
0.999670
0.999777
1.000048
0.999942
0.999893
0.999686
1.000073
1.000174
1.000098
0.999735
0.999766
0.999906
1.000020
0.999912
1.000018
1.000209
1.000091
0.999760
0.999853
0.999917
1.000054
0.999811
0.999637
0.999820
0.999829
0.999656
0.999824
1.000051
0.999928
0.999932
0.999694
0.999971
1.000182
1.000150
0.999753
0.999874
0.999996
0.999890
0.999787
1.000057
1.000055
0.999972
0.999744
0.999855
0.999879
1.000013
0.999771
0.999670
0.999866
0.999907
0.999705
0.999735
1.000038
0.999943
0.999844
0.999727
0.999997
1.000170
1.000042
0.999836
1.000000
0.999178
0.999106
0.999058
0.999160
0.999083
0.999109
0.999321
0.999167
0.999029
0.999011
0.998843
0.998775
0.999045
0.999097
0.998792
0.998923
0.999070
0.998947
0.999164
0.999325
0.999025
0.999037
0.999181
0.999115
0.999186
0.999126
0.999080
0.999175
0.999204
0.999047
0.999168
0.999411
0.999166
0.998991
0.999037
0.998924
0.998760
0.999039
0.999097
0.998792
0.998923
0.999048
0.998991
0.999173
0.999302
0.999095
0.998996
0.999168
0.999178
0.999174
0.999203
0.999036
0.999155
0.999171
0.999025
0.999107
0.999373
0.999185
0.999017
0.999069
0.998950
0.998892
0.999142
0.999145
0.998842
0.998908
0.999065
0.999010
0.999162
0.999274
0.999092
0.999108
0.999243
0.999068
0.999126
0.999255
0.998966
0.999041
0.999281
0.999047
0.999151
0.999405
0.999210
0.999081
0.999105
0.998911
0.998778
0.999061
0.999126
0.998843
0.998911
0.999065
0.999019
0.999162
0.999447
0.999110
0.999054
0.999107
0.999067
0.999131
1.000007
0.999998
0.999691
0.999664
0.999873
0.999632
0.999848
0.999557
0.999663
0.999814
1.000065
0.999924
1.000005
1.000005
0.999928
1.000130
0.999853
0.999557
0.999517
0.999795
0.999502
0.999803
0.999684
0.999815
1.000036
0.999854
0.999890
0.999841
0.999677
0.999797
0.999534
0.999818
0.999588
0.999602
0.999831
1.000160
0.999912
0.999966
1.000009
0.999920
1.000130
0.999834
0.999606
0.999585
0.999877
0.999688
0.999857
0.999507
0.999798
1.000122
0.999964
0.999794
0.999855
0.999803
0.999827
0.999581
0.999822
0.999563
0.999567
0.999871
1.000183
0.999888
0.999951
0.999990
0.999936
1.000094
0.999838
0.999638
0.999544
0.999803
0.999538
0.999863
0.999637
0.999684
0.999992
1.000018
0.999927
0.999779
0.999744
0.999818
0.999539
0.999834
0.999607
0.999652
0.999876
1.000141
0.999956
1.000032
0.999981
0.999943
1.000162
0.999836
0.999574
0.999560
0.999803
0.999561
0.999998
0.999841
0.999925
0.999947
1.000473
1.000444
1.000622
1.000472
1.000617
1.000242
1.000152
1.000359
1.000399
1.000389
1.000696
1.000696
1.000451
1.000447
1.000696
1.000635
1.000400
1.000475
1.000360
1.000227
1.000371
1.000687
1.000423
1.000565
1.000474
1.000363
1.000329
1.000636
1.000513
1.000618
1.000269
1.000148
1.000221
1.000497
1.000439
1.000595
1.000683
1.000403
1.000549
1.000797
1.000614
1.000531
1.000514
1.000299
1.000257
1.000162
1.000503
1.000465
1.000721
1.000555
1.000491
1.000373
1.000651
1.000434
1.000504
1.000225
1.000168
1.000310
1.000377
1.000280
1.000583
1.000725
1.000493
1.000413
1.000582
1.000535
1.000472
1.000496
1.000312
1.000186
1.000267
1.000606
1.000472
1.000596
1.000423
1.000523
1.000441
1.000641
1.000440
1.000544
1.000257
1.000112
1.000261
1.000510
1.000398
1.000483
1.000632
1.000462
1.000479
1.000760
1.000574
1.000437
1.000534
1.000313
1.000251
1.000201
1.000369
1.000361
1.000718
1.000416
0.999671
0.999626
0.999647
0.999746
0.999674
1.000170
0.999966
1.000103
1.000196
0.999843
0.999540
0.999786
0.999596
0.999600
0.999739
0.999614
0.999912
1.000196
1.000107
0.999897
0.999979
0.999612
0.999788
0.999691
0.999720
0.999707
0.999633
0.999765
0.999825
0.999659
1.000153
0.999982
1.000065
1.000198
0.999930
0.999598
0.999802
0.999588
0.999588
0.999729
0.999562
0.999918
1.000208
1.000041
0.999949
1.000175
0.999733
0.999883
0.999703
0.999585
0.999682
0.999571
0.999622
0.999889
0.999699
1.000024
0.999937
1.000109
1.000277
0.999952
0.999588
0.999771
0.999613
0.999589
0.999823
0.999531
0.999845
1.000182
1.000078
0.999924
1.000093
0.999677
0.999746
0.999650
0.999700
0.999791
0.999774
0.999881
0.999872
0.999698
1.000173
0.999974
1.000050
1.000212
0.999954
0.999611
0.999807
0.999591
0.999588
0.999727
0.999540
0.999903
1.000169
1.000052
0.999930
1.000093
0.999721
0.999853
0.999706
0.999607
1.000274
1.000309
1.000097
1.000376
1.000132
1.000365
1.000435
1.000313
1.000280
1.000367
1.000299
1.000277
1.000339
1.000341
1.000289
1.000348
1.000346
1.000261
1.000312
1.000530
1.000440
1.000140
1.000296
1.000052
1.000310
1.000338
1.000356
1.000107
1.000328
1.000124
1.000298
1.000347
1.000290
1.000296
1.000400
1.000276
1.000275
1.000319
1.000377
1.000262
1.000165
1.000244
1.000276
1.000303
1.000434
1.000369
1.000063
1.000228
1.000013
1.000255
1.000237
1.000327
1.000080
1.000225
1.000082
1.000377
1.000461
1.000255
1.000268
1.000411
1.000227
1.000289
1.000379
1.000338
1.000296
1.000292
1.000396
1.000299
1.000282
1.000433
1.000347
1.000176
1.000386
1.000129
1.000208
1.000165
1.000176
1.000082
1.000267
1.000046
1.000367
1.000435
1.000270
1.000325
1.000282
1.000173
1.000276
1.000338
1.000379
1.000283
1.000263
1.000377
1.000347
1.000322
1.000410
1.000317
1.000071
1.000213
0.999994
1.000212
1.000413
1.000506
1.000458
1.000640
1.000664
1.000208
1.000564
1.000636
1.000269
1.000290
1.000630
1.000708
1.000780
1.000788
1.000698
1.000609
1.000305
1.000198
1.000573
1.000602
1.000313
1.000689
1.000667
1.000462
1.000493
1.000387
1.000490
1.000474
1.000600
1.000632
1.000271
1.000565
1.000602
1.000328
1.000337
1.000571
1.000717
1.000799
1.000820
1.000736
1.000610
1.000294
1.000280
1.000666
1.000586
1.000244
1.000641
1.000620
1.000494
1.000513
1.000403
1.000531
1.000499
1.000739
1.000810
1.000341
1.000641
1.000643
1.000303
1.000338
1.000569
1.000724
1.000794
1.000807
1.000742
1.000588
1.000341
1.000325
1.000652
1.000648
1.000299
1.000704
1.000598
1.000476
1.000472
1.000402
1.000513
1.000462
1.000632
1.000670
1.000214
1.000567
1.000605
1.000328
1.000356
1.000658
1.000690
1.000731
1.000824
1.000710
1.000594
1.000345
1.000254
1.000560
1.000615
1.000234
1.000727
1.000718
1.000475
1.000485
0.999873
0.999729
0.999886
0.999916
1.000100
1.000255
0.999835
0.999774
0.999632
0.999749
0.999904
0.999841
0.999882
0.999881
0.999790
0.999832
0.999753
0.999641
0.999841
0.999763
0.999893
0.999836
0.999924
0.999971
0.999831
0.999816
0.999801
0.999986
0.999950
1.000176
1.000214
0.999817
0.999838
0.999690
0.999732
0.999778
0.999778
0.999893
0.999884
0.999813
0.999852
0.999675
0.999590
0.999786
0.999777
1.000027
1.000072
0.999900
0.999954
0.999844
0.999824
0.999721
0.999850
0.999882
1.000038
0.999946
0.999642
0.999807
0.999624
0.999759
0.999769
0.999726
0.999871
0.999878
0.999795
0.999772
0.999719
0.999661
0.999802
0.999908
1.000019
0.999847
0.999992
1.000066
0.999807
0.999841
0.999846
0.999954
0.999897
1.000122
1.000120
0.999709
0.999790
0.999670
0.999793
0.999864
0.999785
0.999852
0.999915
0.999778
0.999822
0.999747
0.999641
0.999829
0.999724
0.999991
0.999967
0.999877
0.999922
0.999754
0.999484
0.999521
0.999925
0.999547
0.999133
0.999548
0.999574
0.999290
0.999406
0.999588
0.999653
0.999218
0.999220
0.999242
0.999204
0.999622
0.999590
0.999386
0.999273
0.999540
0.999670
0.999318
0.999518
0.999824
0.999511
0.999439
0.999439
0.999794
0.999486
0.999103
0.999570
0.999572
0.999263
0.999423
0.999586
0.999785
0.999305
0.999230
0.999202
0.999158
0.999671
0.999644
0.999402
0.999118
0.999534
0.999646
0.999212
0.999561
0.999910
0.999439
0.999466
0.999569
0.999939
0.999624
0.999197
0.999573
0.999490
0.999162
0.999387
0.999630
0.999762
0.999345
0.999264
0.999252
0.999335
0.999735
0.999602
0.999376
0.999182
0.999565
0.999665
0.999250
0.999498
0.999791
0.999407
0.999393
0.999510
0.999855
0.999518
0.999167
0.999538
0.999458
0.999168
0.999349
0.999535
0.999651
0.999180
0.999180
0.999282
0.999326
0.999717
0.999581
0.999425
0.999295
0.999749
0.999791
0.999241
0.999589
0.999941
0.999513
0.999330
0.999326
0.999202
0.999202
0.999223
0.999107
0.999569
0.999242
0.999227
0.999172
0.999191
0.999127
0.999161
0.999186
0.999272
0.999331
0.999213
0.999227
0.999283
0.999610
0.999214
0.999332
0.999249
0.999339
0.999374
0.999216
0.999369
0.999326
0.999263
0.999209
0.999150
0.999581
0.999235
0.999235
0.999132
0.999044
0.999081
0.999240
0.999179
0.999148
0.999222
0.999213
0.999293
0.999328
0.999668
0.999188
0.999308
0.999377
0.999321
0.999401
0.999276
0.999378
0.999330
0.999268
0.999177
0.999136
0.999726
0.999347
0.999293
0.999210
0.999086
0.999025
0.999187
0.999188
0.999177
0.999186
0.999156
0.999300
0.999315
0.999581
0.999153
0.999214
0.999313
0.999461
0.999503
0.999241
0.999492
0.999369
0.999267
0.999336
0.999164
0.999702
0.999344
0.999273
0.999168
0.999316
0.999263
0.999144
0.999200
0.999177
0.999185
0.999186
0.999189
0.999186
0.999604
0.999060
0.999157
0.999277
0.999336
0.999416
0.999984
0.999908
0.999569
0.999501
1.000054
0.999842
0.999782
1.000078
0.999951
0.999724
0.999601
1.000075
0.999776
0.999715
0.999971
0.999496
0.999677
0.999942
1.000089
0.999871
0.999839
0.999859
0.999412
0.999552
0.999956
1.000131
0.999953
0.999542
0.999515
0.999954
0.999862
0.999861
1.000083
0.999932
0.999739
0.999672
1.000166
0.999838
0.999779
1.000113
0.999683
0.999722
0.999945
1.000006
0.999739
0.999866
0.999851
0.999399
0.999458
0.999801
1.000056
0.999906
0.999531
0.999526
1.000026
0.999907
0.999888
1.000155
0.999947
0.999702
0.999619
1.000069
0.999771
0.999715
0.999976
0.999548
0.999677
0.999938
1.000087
0.999773
0.999762
0.999834
0.999437
0.999469
0.999816
1.000056
0.999890
0.999471
0.999408
0.999940
0.999876
0.999881
1.000146
0.999964
0.999690
0.999528
0.999947
0.999660
0.999708
0.999975
0.999503
0.999651
0.999924
1.000258
0.999929
0.999850
0.999948
0.999476
0.999494
0.999810
1.001300
1.001205
1.001090
1.000745
1.000803
1.001237
1.000949
1.001315
1.001402
1.001254
1.001309
1.001170
1.000730
1.000827
1.001228
1.001297
1.001250
1.001430
1.001357
1.000830
1.001136
1.000941
1.000849
1.001041
1.001214
1.001314
1.001184
1.001078
1.000733
1.000807
1.001075
1.000776
1.001327
1.001403
1.001296
1.001293
1.001132
1.000724
1.000760
1.001142
1.001293
1.001306
1.001383
1.001313
1.000849
1.001172
1.000829
1.000730
1.001088
1.001299
1.001298
1.001162
1.001067
1.000637
1.000566
1.001041
1.000763
1.001218
1.001433
1.001248
1.001390
1.001270
1.000724
1.000827
1.001221
1.001303
1.001282
1.001460
1.001367
1.000835
1.001200
1.000941
1.000808
1.001071
1.001219
1.001242
1.001199
1.001099
1.000764
1.000818
1.001178
1.000739
1.001230
1.001412
1.001245
1.001310
1.001253
1.000828
1.000834
1.001222
1.001318
1.001344
1.001423
1.001189
1.000787
1.001202
1.000753
1.000700
1.001086
1.001235
0.999995
1.000337
1.000528
1.000658
1.000191
1.000319
0.999985
0.999896
0.999930
1.000170
1.000540
1.000419
1.000565
1.000435
1.000316
1.000612
1.000214
0.999944
0.999912
1.000024
1.000267
1.000096
1.000413
1.000256
1.000309
0.999900
1.000222
1.000385
1.000486
1.000140
1.000349
1.000081
0.999948
0.999996
1.000240
1.000454
1.000263
1.000469
1.000478
1.000271
1.000458
1.000234
1.000026
1.000041
1.000090
1.000274
1.000143
1.000454
1.000285
1.000243
0.999828
1.000219
1.000412
1.000681
1.000259
1.000400
1.000093
0.999950
0.999929
1.000211
1.000516
1.000351
1.000554
1.000435
1.000312
1.000605
1.000195
0.999918
0.999874
1.000039
1.000278
1.000049
1.000670
1.000525
1.000325
0.999998
1.000335
1.000417
1.000669
1.000133
1.000282
1.000088
0.999956
0.999963
1.000223
1.000589
1.000366
1.000527
1.000544
1.000365
1.000531
1.000169
0.999906
0.999927
1.000027
1.000285
1.000191
1.000707
1.000503
1.000303
0.999090
0.999208
0.999711
0.999980
0.999812
0.999472
0.999612
0.999478
0.999154
0.999379
0.999561
0.999544
0.999862
0.999924
0.999621
0.999495
0.999224
0.999114
0.999475
0.999573
0.999374
0.999856
1.000159
0.999837
0.999396
0.999214
0.999348
0.999760
1.000095
0.999825
0.999435
0.999577
0.999473
0.999126
0.999307
0.999514
0.999605
0.999922
0.999907
0.999611
0.999529
0.999301
0.999066
0.999436
0.999551
0.999364
0.999825
1.000133
0.999769
0.999334
0.999274
0.999340
0.999696
1.000022
0.999816
0.999379
0.999563
0.999500
0.999148
0.999311
0.999456
0.999536
0.999862
0.999915
0.999622
0.999511
0.999238
0.999102
0.999478
0.999699
0.999471
0.999701
0.999973
0.999730
0.999223
0.999015
0.999297
0.999787
1.000014
0.999813
0.999379
0.999534
0.999561
0.999202
0.999260
0.999490
0.999542
0.999858
0.999863
0.999534
0.999537
0.999293
0.999109
0.999479
0.999573
0.999384
0.999757
0.999985
0.999759
0.999387
1.000596
1.000226
1.000013
0.999877
0.999895
0.999964
1.000407
1.000275
1.000263
1.000188
0.999919
0.999782
0.999866
0.999862
0.999758
0.999917
1.000212
1.000308
1.000330
1.000551
1.000150
0.999884
0.999813
0.999921
1.000144
1.000644
1.000240
1.000038
0.999869
0.999932
1.000070
1.000455
1.000312
1.000263
1.000272
0.999980
0.999809
0.999900
0.999871
0.999792
0.999900
1.000166
1.000320
1.000434
1.000571
1.000166
1.000011
0.999842
1.000137
1.000296
1.000588
1.000227
1.000023
0.999874
0.999912
1.000109
1.000661
1.000375
1.000255
1.000217
0.999917
0.999812
0.999901
0.999848
0.999771
0.999967
1.000168
1.000296
1.000518
1.000570
1.000138
0.999987
0.999807
1.000011
1.000224
1.000616
1.000199
1.000044
0.999823
0.999869
1.000115
1.000671
1.000415
1.000212
1.000168
0.999926
0.999783
0.999874
0.999902
0.999811
0.999992
1.000272
1.000300
1.000330
1.000536
1.000150
0.999878
0.999810
0.999923
1.000073
1.000025
0.999584
0.999327
0.999382
0.999506
0.999909
0.999831
0.999696
1.000014
1.000047
0.999635
0.999661
0.999729
0.999723
0.999695
0.999678
0.999987
0.999986
0.999643
0.999522
0.999843
0.999683
0.999319
0.999271
0.999656
1.000052
0.999636
0.999281
0.999337
0.999620
0.999812
0.999526
0.999622
1.000041
0.999975
0.999467
0.999570
0.999732
0.999733
0.999587
0.999524
1.000019
0.999972
0.999602
0.999641
0.999792
0.999539
0.999253
0.999178
0.999682
1.000089
0.999584
0.999327
0.999377
0.999538
0.999879
0.999706
0.999631
1.000001
1.000035
0.999617
0.999660
0.999726
0.999735
0.999661
0.999657
1.000001
0.999907
0.999458
0.999547
0.999874
0.999585
0.999299
0.999265
0.999661
1.000036
0.999603
0.999284
0.999408
0.999597
0.999882
0.999695
0.999605
0.999891
0.999962
0.999680
0.999702
0.999717
0.999713
0.999634
0.999556
0.999968
1.000037
0.999602
0.999656
0.999960
0.999634
0.999378
0.999268
0.999640
0.999584
0.999667
1.000283
1.000193
1.000344
1.000180
0.999605
0.999942
1.000094
0.999829
0.999824
1.000184
1.000064
1.000062
1.000176
0.999900
0.999894
1.000114
1.000031
0.999797
1.000345
1.000339
1.000252
1.000437
0.999716
0.999612
0.999667
1.000273
1.000199
1.000381
1.000345
0.999804
0.999981
1.000128
0.999902
0.999942
1.000172
1.000013
1.000012
1.000177
0.999951
0.999905
1.000177
0.999995
0.999723
1.000308
1.000333
1.000106
1.000132
0.999474
0.999510
0.999690
1.000310
1.000210
1.000380
1.000211
0.999630
0.999954
1.000086
0.999898
0.999868
1.000123
0.999995
0.999998
1.000125
0.999849
0.999837
1.000156
1.000022
0.999608
1.000191
1.000283
1.000060
1.000122
0.999550
0.999636
0.999755
1.000327
1.000144
1.000307
1.000198
0.999607
0.999990
1.000112
0.999880
0.999894
1.000116
1.000012
0.999999
1.000105
0.999937
0.999954
1.000117
0.999962
0.999666
1.000224
1.000302
1.000255
1.000395
0.999678
0.999616
0.999795
1.000051
0.999966
0.999824
0.999829
1.000136
0.999811
0.999708
1.000043
1.000103
0.999920
0.999997
0.999983
0.999937
1.000138
0.999855
0.999522
0.999692
1.000128
0.999921
0.999849
0.999883
0.999802
0.999627
0.999602
0.999767
1.000034
0.999966
0.999826
0.999930
1.000258
0.999900
0.999704
0.999944
1.000125
1.000074
1.000160
1.000061
0.999985
1.000130
0.999944
0.999687
0.999880
1.000228
0.999944
0.999854
0.999954
1.000170
0.999862
0.999634
0.999646
0.999946
0.999934
0.999773
0.999704
1.000177
0.999898
0.999541
0.999863
1.000062
1.000013
1.000044
1.000136
1.000147
1.000208
0.999959
0.999696
0.999878
1.000336
1.000022
0.999883
1.000005
1.000095
0.999816
0.999562
0.999757
0.999953
0.999856
0.999878
0.999909
1.000196
0.999850
0.999531
0.999854
1.000139
0.999994
1.000046
1.000058
0.999980
1.000038
1.000004
0.999704
0.999794
1.000161
0.999845
0.999808
0.999987
0.999914
0.999644
1.000515
1.000559
1.000042
1.000262
0.999932
1.000035
1.000383
1.000281
1.000108
1.000343
1.000220
1.000286
1.000506
1.000544
1.000354
1.000245
1.000364
1.000242
1.000341
1.000418
1.000080
1.000045
1.000388
1.000180
1.000609
1.000483
1.000466
0.999962
1.000256
0.999957
1.000078
1.000257
1.000194
1.000168
1.000301
1.000172
1.000220
1.000469
1.000515
1.000289
1.000254
1.000371
1.000177
1.000199
1.000256
1.000084
1.000082
1.000427
1.000193
1.000631
1.000575
1.000603
1.000154
1.000421
1.000050
1.000195
1.000396
1.000202
1.000322
1.000459
1.000189
1.000272
1.000501
1.000480
1.000229
1.000166
1.000297
1.000164
1.000207
1.000123
0.999891
0.999953
1.000298
1.000025
1.000564
1.000578
1.000534
1.000031
1.000292
0.999989
1.000020
1.000232
1.000184
1.000223
1.000382
1.000269
1.000350
1.000544
1.000510
1.000274
1.000265
1.000286
1.000114
1.000253
1.000414
1.000236
0.999956
1.000274
1.000111
1.000588
1.001000
1.001023
1.000882
1.000710
1.000495
1.000643
1.000389
1.000395
1.000928
1.000480
1.000304
1.000630
1.000200
1.000103
1.000422
1.000206
1.000421
1.000881
1.000405
1.000282
1.000536
1.000496
1.000474
1.000681
1.001052
1.000990
1.001140
1.000850
1.000576
1.000518
1.000564
1.000182
1.000170
1.000741
1.000405
1.000264
1.000569
1.000199
1.000206
1.000613
1.000239
1.000425
1.000819
1.000179
1.000182
1.000574
1.000457
1.000538
1.000787
1.001025
1.000973
1.001021
1.000754
1.000581
1.000480
1.000612
1.000231
1.000141
1.000734
1.000392
1.000252
1.000591
1.000198
1.000111
1.000424
1.000217
1.000434
1.000735
1.000294
1.000368
1.000642
1.000547
1.000729
1.000982
1.001123
1.000934
1.001113
1.000756
1.000471
1.000507
1.000562
1.000449
1.000511
1.000915
1.000424
1.000196
1.000422
1.000121
1.000199
1.000573
1.000237
1.000474
1.000992
1.000282
1.000160
1.000561
1.000576
1.000769
1.000900
1.001036
0.999577
0.999503
0.999518
0.999416
0.999349
0.999690
0.999682
0.998939
0.999489
0.999572
0.999678
0.999237
0.999228
0.999567
0.999470
0.999561
0.999707
0.999593
0.998966
0.999626
0.999580
0.999365
0.999479
0.999596
0.999603
0.999634
0.999512
0.999628
0.999574
0.999393
0.999603
0.999784
0.999252
0.999730
0.999651
0.999603
0.999342
0.999427
0.999443
0.999412
0.999658
0.999567
0.999679
0.999268
0.999800
0.999616
0.999413
0.999470
0.999566
0.999584
0.999676
0.999573
0.999499
0.999430
0.999424
0.999738
0.999858
0.999253
0.999743
0.999639
0.999764
0.999314
0.999238
0.999385
0.999273
0.999542
0.999605
0.999721
0.999273
0.999826
0.999685
0.999444
0.999447
0.999481
0.999555
0.999614
0.999523
0.999599
0.999420
0.999360
0.999679
0.999662
0.998942
0.999584
0.999650
0.999749
0.999452
0.999374
0.999410
0.999321
0.999554
0.999552
0.999496
0.999026
0.999731
0.999604
0.999310
0.999378
0.999518
0.999507
0.999923
0.999473
0.999457
1.000004
1.000121
1.000094
1.000259
1.000197
0.999996
1.000278
1.000240
0.999970
1.000345
1.000335
0.999977
1.000261
1.000240
1.000091
1.000336
1.000178
1.000132
1.000161
0.999944
0.999479
0.999435
0.999885
0.999505
0.999380
1.000001
1.000185
1.000045
1.000068
1.000103
1.000097
1.000287
1.000268
0.999926
1.000278
1.000293
0.999797
1.000197
1.000272
0.999867
0.999975
1.000055
1.000025
1.000198
1.000067
0.999455
0.999400
0.999827
0.999475
0.999376
0.999983
1.000114
0.999945
1.000039
0.999978
0.999930
1.000291
1.000242
0.999975
1.000387
1.000376
1.000094
1.000414
1.000318
1.000091
1.000111
1.000032
0.999957
1.000135
0.999999
0.999393
0.999470
0.999933
0.999494
0.999525
1.000149
1.000261
1.000134
1.000423
1.000235
0.999858
1.000240
1.000232
0.999955
1.000337
1.000335
0.999982
1.000305
1.000335
0.999993
1.000221
1.000216
0.999997
1.000141
1.000011
0.999458
0.999488
1.000361
1.000475
1.000008
0.999992
1.000922
1.000563
1.000692
1.001165
1.000321
1.000420
1.000300
1.000463
1.000507
1.000561
1.000519
1.000318
1.000560
1.000248
1.000908
1.000710
1.000523
1.000914
1.000217
1.000193
1.000336
1.000016
1.000341
1.000181
1.000182
1.000972
1.000592
1.000752
1.000958
1.000158
1.000571
1.000398
1.000451
1.000507
1.000517
1.000419
1.000277
1.000590
1.000497
1.001235
1.000745
1.000577
1.000861
0.999945
0.999981
1.000474
1.000349
1.000499
1.000281
1.000211
1.000844
1.000578
1.000741
1.001106
1.000235
1.000532
1.000413
1.000512
1.000534
1.000537
1.000516
1.000429
1.000537
1.000154
1.000972
1.000734
1.000561
1.000988
1.000183
1.000130
1.000284
0.999997
1.000282
1.000118
1.000040
1.000705
1.000456
1.000577
1.001023
1.000482
1.000562
1.000310
1.000466
1.000505
1.000572
1.000519
1.000297
1.000442
1.000321
1.001144
1.000710
1.000556
1.001027
1.000256
1.000200
1.000530
0.999545
0.999888
1.000146
0.999816
0.999704
0.999593
0.999363
0.999737
0.999634
0.999793
0.999498
0.999312
0.999743
0.999727
0.999261
0.999446
0.999744
0.999615
0.999628
0.999303
0.999695
0.999708
0.999751
1.000212
0.999992
0.999757
1.000002
1.000234
0.999750
0.999613
0.999607
0.999422
0.999769
0.999654
0.999708
0.999268
0.999061
0.999634
0.999609
0.999189
0.999512
0.999699
0.999424
0.999651
0.999375
0.999543
0.999652
0.999812
1.000146
0.999854
0.999652
0.999863
0.999901
0.999702
0.999632
0.999531
0.999351
0.999762
0.999672
0.999725
0.999332
0.999242
0.999740
0.999773
0.999250
0.999349
0.999686
0.999636
0.999637
0.999182
0.999514
0.999664
0.999784
1.000127
0.999978
0.999792
0.999992
1.000039
0.999876
0.999899
0.999527
0.999294
0.999611
0.999465
0.999727
0.999411
0.999232
0.999724
0.999709
0.999243
0.999440
0.999811
0.999634
0.999564
0.999161
0.999514
0.999657
0.999680
1.000095
0.999918
0.999787
0.999619
0.999966
1.000090
0.999161
0.999258
0.999118
0.999437
0.999802
0.999557
0.999912
0.999783
0.999440
0.999177
0.999478
0.999611
0.999374
0.999902
0.999641
0.999157
0.999211
0.999137
0.999979
0.999923
0.999505
0.999781
0.999436
0.999908
1.000012
0.999152
0.999319
0.999101
0.999466
0.999839
0.999367
0.999760
0.999784
0.999354
0.999613
0.999983
0.999740
0.999370
0.999819
0.999492
0.999047
0.999272
0.999430
1.000244
0.999980
0.999577
0.999777
0.999620
0.999995
1.000254
0.999410
0.999355
0.999202
0.999581
0.999877
0.999416
0.999757
0.999802
0.999426
0.999181
0.999551
0.999792
0.999400
0.999865
0.999709
0.999368
0.999338
0.999261
1.000249
1.000050
0.999613
0.999852
0.999613
1.000021
1.000004
0.999070
0.999404
0.999344
0.999576
1.000041
0.999659
0.999880
0.999855
0.999451
0.999450
0.999732
0.999818
0.999566
0.999788
0.999613
0.999455
0.999385
0.999040
0.999994
0.999928
0.999518
0.999413
0.999633
0.999602
0.999510
0.999169
0.999605
1.000287
0.999655
0.999776
0.999523
0.999853
1.000179
0.999489
0.999668
1.000455
1.000097
0.999674
0.999697
0.999597
1.000348
0.999568
0.999187
0.999551
0.999631
0.999813
0.999546
0.999662
0.999490
0.999354
0.999069
0.999401
1.000136
0.999657
0.999811
0.999642
1.000073
1.000501
0.999649
0.999470
1.000169
0.999986
0.999744
0.999886
0.999683
1.000235
0.999516
0.998942
0.999303
0.999589
0.999466
0.999356
0.999806
0.999490
0.999272
0.999005
0.999506
1.000289
0.999536
0.999723
0.999707
0.999931
1.000197
0.999500
0.999671
1.000386
0.999985
0.999646
0.999665
0.999559
1.000352
0.999551
0.998991
0.999282
0.999514
0.999687
0.999449
0.999664
0.999523
0.999370
0.999169
0.999474
1.000206
0.999566
0.999511
0.999410
0.999983
1.000284
0.999453
0.999476
1.000291
0.999980
0.999530
0.999733
0.999446
0.999935
0.999431
0.999098
0.999328
0.999497
0.999673
0.999793
1.000142
1.000287
0.999700
1.000216
1.000290
1.000214
0.999647
1.000036
1.000284
1.000246
1.000144
1.000391
1.000338
1.000082
1.000271
1.000299
1.000036
0.999636
1.000088
1.000223
1.000149
0.999523
1.000311
1.000208
1.000014
1.000217
1.000382
0.999938
1.000320
1.000549
1.000353
0.999615
1.000031
1.000270
1.000219
1.000184
1.000471
1.000416
1.000036
1.000147
1.000248
1.000027
0.999585
1.000162
1.000398
1.000304
0.999723
1.000304
1.000351
1.000024
1.000222
1.000399
0.999621
1.000144
1.000371
1.000208
0.999690
1.000061
1.000263
1.000156
1.000183
1.000528
1.000351
1.000000
1.000177
1.000287
1.000101
0.999701
1.000217
1.000381
1.000149
0.999540
1.000175
1.000199
0.999986
1.000152
1.000512
0.999926
1.000251
1.000302
1.000165
0.999645
1.000108
1.000297
1.000205
1.000159
1.000472
1.000491
1.000159
1.000205
1.000275
1.000016
0.999783
1.000359
1.000394
1.000314
0.999912
1.000482
1.000165
1.000850
1.000643
1.001212
1.001278
1.001354
1.000923
1.000509
1.000974
1.000509
1.000600
1.000477
1.000573
1.000622
1.000637
1.000572
1.000475
1.000602
1.000399
1.000728
1.000473
1.000943
1.001447
1.001231
1.000926
1.000428
1.000848
1.000737
1.000917
1.000934
1.001259
1.000880
1.000370
1.000721
1.000385
1.000613
1.000443
1.000265
1.000382
1.000548
1.000471
1.000497
1.000640
1.000537
1.000945
1.000577
1.000979
1.001256
1.001082
1.001061
1.000712
1.000826
1.000419
1.001090
1.001345
1.001420
1.000939
1.000526
1.000991
1.000500
1.000611
1.000522
1.000427
1.000480
1.000665
1.000607
1.000512
1.000596
1.000246
1.000629
1.000393
1.000865
1.001431
1.001230
1.001059
1.000729
1.000994
1.000587
1.000940
1.001141
1.001404
1.001037
1.000587
1.000950
1.000513
1.000595
1.000502
1.000439
1.000492
1.000490
1.000433
1.000499
1.000571
1.000582
1.000906
1.000424
1.001017
1.001368
1.001142
1.001068
1.000635
0.999948
0.999607
0.999023
0.999768
0.999805
0.999494
0.999538
1.000284
0.999675
0.999943
0.999595
0.999944
0.999672
0.999663
0.999832
0.999486
0.999928
0.999849
1.000446
0.999459
0.999501
0.999918
0.999972
0.999388
0.999879
0.999900
0.999751
0.999422
1.000022
0.999930
0.999483
0.999586
1.000609
0.999843
0.999973
0.999644
1.000070
0.999779
0.999753
0.999962
0.999466
0.999854
0.999662
1.000299
0.999557
0.999500
0.999821
1.000011
0.999390
0.999793
0.999917
0.999882
0.999235
0.999779
0.999810
0.999403
0.999430
1.000300
0.999675
0.999954
0.999643
0.999981
0.999680
0.999670
0.999974
0.999623
0.999957
0.999810
1.000595
0.999604
0.999497
0.999926
0.999983
0.999412
0.999753
0.999743
0.999783
0.999345
0.999887
0.999829
0.999444
0.999330
1.000099
0.999634
0.999922
0.999598
0.999939
0.999668
0.999688
0.999949
0.999587
0.999949
0.999621
1.000388
0.999692
0.999502
0.999803
0.999779
0.998972
0.999630
0.999649
0.999826
0.999369
0.999248
0.999149
0.999245
0.999154
0.999535
1.000004
0.999373
0.999581
0.999330
0.999382
0.999436
0.999533
0.999737
0.999126
0.999801
0.999587
0.999195
0.999268
0.999163
0.999225
0.999225
0.999730
0.999675
0.999676
0.999062
0.999134
0.999177
0.999238
0.999177
0.999559
1.000023
0.999145
0.999317
0.999326
0.999379
0.999430
0.999304
0.999418
0.999289
1.000041
0.999548
0.999144
0.999192
0.999026
0.999173
0.999223
0.999669
0.999570
0.999658
0.999220
0.999206
0.999177
0.999314
0.999155
0.999558
1.000026
0.999368
0.999556
0.999361
0.999435
0.999361
0.999304
0.999528
0.999181
0.999747
0.999304
0.999010
0.999279
0.999134
0.999065
0.999066
0.999677
0.999698
0.999729
0.999220
0.999144
0.999086
0.999283
0.999207
0.999497
0.999917
0.999379
0.999588
0.999377
0.999429
0.999382
0.999329
0.999315
0.998966
0.999771
0.999284
0.999021
0.999314
0.999185
0.999242
0.999363
0.999803
1.000101
0.999895
1.000424
1.000186
0.999949
1.000413
1.000362
0.999907
1.000092
0.999604
1.000434
1.000093
1.000103
1.000081
1.000036
1.000444
0.999834
1.000308
0.999919
1.000390
1.000422
0.999925
1.000098
1.000227
0.999855
1.000288
1.000000
1.000444
1.000182
0.999939
1.000420
1.000431
0.999958
1.000105
0.999799
1.000641
1.000166
1.000128
1.000085
1.000227
1.000733
0.999672
0.999938
0.999787
1.000420
1.000611
1.000097
1.000124
1.000232
0.999716
1.000038
0.999729
1.000277
1.000159
1.000001
1.000553
1.000479
0.999948
1.000032
0.999460
1.000385
1.000069
1.000075
1.000137
1.000142
1.000363
0.999779
1.000480
1.000115
1.000480
1.000445
0.999964
1.000185
1.000323
0.999865
1.000289
0.999858
1.000241
1.000138
0.999964
1.000435
1.000462
1.000111
1.000223
0.999634
1.000432
1.000055
1.000088
1.000144
1.000122
1.000653
1.000036
1.000442
1.000122
1.000480
1.000504
1.000006
1.000176
1.000306
0.999736
1.000008
1.000093
1.000297
1.000502
1.000460
1.000225
1.000691
1.000254
0.999888
1.000254
1.000366
1.000787
1.000327
1.000328
1.000791
1.000386
1.000336
0.999948
1.000366
1.000845
1.000264
1.000460
1.000482
1.000338
1.000195
1.000101
1.000119
1.000294
1.000491
1.000629
1.000441
1.000599
1.000148
0.999902
1.000235
1.000286
1.000689
1.000300
1.000224
1.000671
1.000379
1.000351
0.999996
1.000372
1.001043
1.000485
1.000479
1.000465
1.000355
1.000350
1.000454
1.000449
1.000434
1.000490
1.000518
1.000289
1.000549
1.000093
0.999844
1.000196
1.000285
1.000671
1.000297
1.000202
1.000735
1.000392
1.000229
0.999922
1.000162
1.000621
1.000447
1.000596
1.000454
1.000371
1.000215
1.000110
1.000302
1.000453
1.000486
1.000464
1.000264
1.000720
1.000265
0.999884
1.000253
1.000372
1.000791
1.000322
1.000321
1.000772
1.000381
1.000383
1.000031
1.000184
1.000625
1.000332
1.000507
1.000490
1.000385
1.000168
0.999819
1.000303
1.000230
1.000394
1.000327
0.999636
1.000172
0.999842
1.000154
1.000362
0.999722
0.999621
0.999517
0.999405
0.999384
0.999632
1.000293
0.999988
0.999766
1.000111
0.999753
1.000471
1.000503
1.000325
1.000165
0.999518
1.000087
1.000203
1.000429
1.000190
0.999522
1.000193
0.999867
1.000151
1.000347
0.999886
0.999667
0.999408
0.999525
0.999638
0.999856
1.000393
1.000061
0.999763
0.999970
0.999476
1.000290
1.000423
1.000264
1.000137
0.999499
1.000109
1.000232
1.000411
1.000186
0.999471
1.000149
0.999812
1.000118
1.000540
0.999899
0.999621
0.999507
0.999523
0.999472
0.999663
1.000487
1.000077
0.999757
1.000180
0.999530
1.000205
1.000481
1.000331
1.000191
0.999546
1.000090
1.000201
1.000475
1.000492
0.999758
1.000131
0.999799
1.000111
1.000357
0.999579
0.999377
0.999402
0.999522
0.999636
0.999789
1.000308
0.999969
0.999762
1.000180
0.999541
1.000222
1.000454
1.000341
1.000365
1.000569
1.000045
1.000104
1.000286
1.000329
1.000335
1.000124
1.000191
1.000021
1.000423
1.000369
1.000054
1.000493
1.000598
1.000267
1.000444
1.000403
1.000137
1.000430
1.000073
1.000018
1.000144
1.000280
1.000161
0.999989
1.000290
0.999898
1.000121
1.000263
1.000495
1.000383
1.000105
1.000559
1.000325
1.000491
1.000377
1.000168
1.000594
1.000584
1.000183
1.000389
1.000413
1.000239
1.000513
1.000228
1.000297
1.000319
1.000299
1.000122
0.999876
1.000195
0.999840
1.000085
1.000264
1.000497
1.000585
1.000434
1.000760
1.000367
1.000390
1.000425
1.000147
1.000496
1.000593
1.000267
1.000525
1.000490
1.000193
1.000488
1.000250
1.000323
1.000349
1.000291
1.000148
1.000000
1.000359
0.999992
1.000112
1.000282
1.000201
1.000116
1.000206
1.000416
1.000177
1.000489
1.000450
1.000259
1.000603
1.000566
1.000068
1.000248
1.000431
1.000500
1.000730
1.000239
1.000311
1.000324
1.000272
1.000131
1.000069
1.000361
1.000364
1.000172
0.999394
0.999539
1.000491
0.999979
1.000157
0.999839
0.999480
0.999727
1.000450
1.000749
1.000696
1.000567
0.999835
0.999427
0.999795
1.000090
0.999995
1.000553
0.999557
0.999200
0.999896
1.000117
1.000157
1.000385
1.000201
0.999404
0.999427
1.000643
1.000055
0.999991
0.999737
0.999381
0.999737
1.000378
1.000669
1.000694
1.000560
0.999882
0.999463
0.999795
0.999950
1.000029
1.000817
0.999616
0.999127
0.999935
1.000383
1.000591
1.000577
0.999927
0.999085
0.999380
1.000297
0.999716
0.999948
0.999786
0.999425
0.999833
1.000609
1.000776
1.000704
1.000567
0.999832
0.999421
0.999815
1.000002
0.999820
1.000644
0.999776
0.999205
0.999997
1.000434
1.000399
1.000407
0.999937
0.999098
0.999726
1.000647
0.999928
1.000297
1.000074
0.999579
0.999749
1.000392
1.000676
1.000701
1.000556
0.999909
0.999408
0.999513
0.999787
0.999986
1.000641
0.999534
0.999423
1.000134
1.000318
0.999399
0.999693
0.998940
0.998669
0.999374
0.999764
0.999239
0.999265
0.999700
0.999407
0.999265
0.999335
0.999294
0.999340
0.999201
0.999083
0.999493
0.999823
0.999337
0.999223
0.999546
0.999240
0.998929
0.999172
0.999865
0.999854
0.999850
0.998921
0.998658
0.999229
0.999393
0.998933
0.999119
0.999610
0.999394
0.999270
0.999334
0.999288
0.999331
0.999187
0.999088
0.999374
0.999618
0.999168
0.999065
0.999376
0.999149
0.998956
0.999279
0.999825
0.999567
0.999776
0.999240
0.998948
0.999429
0.999705
0.999132
0.999204
0.999618
0.999384
0.999102
0.999173
0.999301
0.999340
0.999206
0.999094
0.999524
0.999843
0.999274
0.999147
0.999445
0.999159
0.998906
0.999085
0.999504
0.999302
0.999681
0.999258
0.998953
0.999202
0.999467
0.999140
0.999165
0.999585
0.999441
0.999191
0.999194
0.999303
0.999284
0.999002
0.999013
0.999566
0.999833
0.999284
0.998990
0.999583
0.999389
0.998656
0.998957
0.999602
1.000011
0.999597
0.999746
1.000795
1.000264
0.999531
0.999769
1.000229
1.000073
1.000436
1.000053
0.999300
0.999025
0.998963
0.999233
1.000031
1.000326
0.999986
1.000066
0.999594
0.999677
1.000481
1.000843
0.999736
0.999560
0.999919
0.999560
0.999742
1.000704
1.000365
0.999691
0.999696
1.000172
1.000066
1.000436
1.000040
0.999423
0.999144
0.999097
0.999405
1.000140
1.000431
1.000036
1.000063
0.999600
0.999560
1.000284
1.000800
0.999746
0.999632
1.000000
0.999477
0.999465
1.000673
1.000292
0.999530
0.999569
1.000083
1.000039
1.000379
1.000050
0.999304
0.999025
0.998972
0.999295
1.000100
1.000380
1.000005
1.000070
0.999601
0.999524
1.000106
1.000494
0.999673
0.999732
1.000084
0.999642
0.999578
1.000666
1.000299
0.999551
0.999583
1.000074
0.999969
1.000252
1.000059
0.999550
0.999165
0.999031
0.999481
1.000150
1.000290
1.000027
1.000208
0.999662
0.999534
1.000302
1.000806
0.999768
0.999650
1.000367
1.000509
1.000431
1.000214
1.000571
1.000419
1.000413
1.000217
1.000248
1.000075
1.000496
1.000635
0.999874
0.999871
1.000638
1.000462
1.000008
1.000353
1.000612
1.000497
1.000209
1.000507
1.000476
1.000677
1.000424
1.000376
1.000424
1.000686
1.000454
1.000465
1.000206
1.000395
1.000335
1.000245
1.000069
1.000593
1.000567
0.999640
0.999672
1.000466
1.000390
0.999947
1.000406
1.000629
1.000489
1.000325
1.000412
1.000041
1.000432
1.000308
1.000263
1.000434
1.000652
1.000264
1.000416
1.000317
1.000486
1.000639
1.000298
0.999902
1.000604
1.000774
0.999874
0.999872
1.000678
1.000518
1.000046
1.000332
1.000412
1.000499
1.000428
1.000723
1.000604
1.000574
1.000309
1.000275
1.000310
1.000573
1.000218
1.000369
1.000293
1.000356
1.000474
1.000343
1.000045
1.000471
1.000430
0.999659
0.999851
1.000669
1.000491
1.000026
1.000206
1.000400
1.000431
1.000316
1.000427
1.000041
1.000423
1.000349
0.999545
0.999978
1.000309
0.999510
0.999747
0.999933
1.000459
1.000237
1.000398
0.999712
1.000185
1.000795
1.000627
1.000633
1.000795
1.000159
0.999866
1.000403
1.000006
1.000348
0.999963
0.999761
0.999210
1.000034
0.999949
0.999622
0.999937
1.000047
0.999374
0.999868
0.999899
1.000422
1.000241
1.000362
0.999656
1.000015
1.000693
1.000671
1.000672
1.000737
1.000189
0.999819
1.000131
0.999938
1.000366
0.999965
0.999899
0.999655
1.000343
1.000040
0.999769
1.000087
1.000400
0.999646
0.999920
0.999988
1.000379
0.999929
1.000377
0.999875
0.999986
1.000549
1.000551
1.000622
1.000635
0.999987
0.999662
1.000335
1.000165
1.000444
0.999950
0.999763
0.999496
1.000353
1.000019
0.999623
1.000054
1.000389
0.999600
0.999877
0.999877
1.000422
1.000147
1.000264
0.999706
1.000126
1.000874
1.000754
1.000607
1.000623
0.999991
0.999823
1.000308
0.999947
1.000391
0.999969
0.999891
0.999647
1.000481
0.999998
0.999922
0.999868
0.999990
1.000896
1.000240
0.999775
0.999763
1.000031
0.999842
1.000262
1.000115
0.999802
1.000599
1.000615
0.999802
1.000098
1.000407
1.000146
1.000129
0.999699
0.999782
1.000038
1.000451
0.999784
0.999838
0.999887
0.999915
0.999911
1.000616
1.000156
0.999923
0.999821
0.999894
0.999900
1.000326
1.000229
0.999900
1.000643
1.000801
1.000165
1.000272
1.000304
0.999961
1.000077
0.999735
0.999749
1.000152
1.000848
1.000006
0.999867
1.000007
0.999824
0.999627
1.000322
0.999962
0.999855
0.999862
1.000061
0.999887
1.000276
1.000209
1.000065
1.000816
1.000579
1.000022
1.000380
1.000443
1.000157
1.000116
0.999704
0.999697
0.999989
1.000366
0.999653
0.999881
0.999991
0.999895
0.999782
1.000425
1.000024
0.999948
0.999811
0.999977
0.999919
1.000296
1.000229
0.999855
1.000596
1.000777
1.000199
1.000371
1.000494
1.000124
1.000053
0.999735
0.999749
0.999951
1.000629
1.000057
0.999832
1.000811
1.000368
0.999918
1.000365
1.000467
1.000385
1.000013
1.000056
0.999708
1.000674
1.000121
0.999679
1.000269
1.000265
0.999668
1.000102
1.000490
0.999436
1.000032
1.000113
1.000383
1.000537
1.000576
1.000087
1.000493
1.000925
1.000402
1.000009
1.000521
1.000542
1.000391
1.000146
1.000211
0.999881
1.000590
0.999909
0.999669
1.000266
1.000062
0.999353
0.999982
1.000792
0.999876
1.000203
1.000146
1.000396
1.000495
1.000381
0.999927
1.000396
1.000862
1.000430
1.000096
1.000625
1.000581
1.000280
1.000067
1.000203
0.999802
1.000769
1.000127
0.999500
1.000049
1.000209
0.999493
0.999772
1.000269
0.999436
1.000029
1.000118
1.000397
1.000532
1.000553
1.000054
1.000401
1.000798
1.000273
1.000065
1.000880
1.000701
1.000356
1.000136
1.000215
0.999884
1.000592
0.999909
0.999665
1.000272
1.000084
0.999366
0.999745
1.000275
0.999576
1.000229
1.000210
1.000399
1.000528
1.000391
0.999773
1.000287
0.999924
0.999841
1.000113
0.999328
0.999534
1.000166
1.000158
0.999828
0.999993
0.999918
0.999234
0.999997
0.999793
0.999795
0.999974
0.999205
0.999819
0.999963
0.999800
1.000127
1.000165
0.999598
0.999431
1.000371
0.999880
0.999777
0.999983
1.000137
0.999174
0.999481
1.000098
1.000154
0.999831
0.999930
0.999960
0.999395
0.999978
0.999786
0.999731
0.999930
0.999215
0.999776
0.999924
0.999782
1.000080
1.000135
0.999519
0.999299
1.000314
0.999941
0.999794
0.999965
1.000392
0.999434
0.999529
1.000083
1.000012
0.999750
0.999744
0.999584
0.998981
0.999712
0.999719
0.999730
0.999733
0.999213
1.000029
0.999970
0.999744
1.000050
1.000130
0.999694
0.999359
1.000156
0.999975
0.999806
0.999780
0.999983
0.999115
0.999305
0.999944
1.000107
0.999779
0.999927
0.999960
0.999395
0.999978
0.999791
0.999779
0.999766
0.999137
1.000168
1.000153
0.999725
1.000032
0.999921
0.999497
0.999286
0.999980
0.999843
0.999326
0.999434
0.999784
0.999668
0.999187
0.999607
0.999715
0.999765
1.000210
0.999669
0.999773
1.000191
0.999800
0.999813
1.000187
0.999701
0.999565
1.000359
0.999914
0.999699
0.999690
0.999327
0.999725
0.999700
0.999374
0.999358
0.999338
0.999724
0.999701
0.999154
0.999595
0.999631
0.999668
0.999989
0.999365
0.999705
1.000189
0.999810
0.999925
1.000292
0.999691
0.999362
0.999989
0.999741
0.999635
0.999607
0.999225
0.999613
0.999669
0.999367
0.999336
0.999270
0.999405
0.999522
0.999302
0.999675
0.999765
0.999973
1.000346
0.999773
1.000145
1.000587
0.999957
0.999967
1.000516
0.999933
0.999650
1.000365
0.999891
0.999681
0.999663
0.999208
0.999893
0.999915
0.999344
0.999282
0.999474
1.000115
0.999882
0.999402
0.999788
0.999635
0.999734
0.999984
0.999364
0.999705
1.000188
0.999804
0.999805
1.000429
1.000130
0.999551
0.999967
0.999731
0.999646
0.999719
0.999344
0.999676
0.999906
0.999548
0.999841
1.000296
1.000117
1.000410
1.000817
1.000163
1.000003
1.000129
0.999856
0.999853
1.000962
1.000635
1.000439
1.000371
1.000572
1.001294
1.000094
0.999783
1.000139
0.999918
1.000099
1.000838
1.000401
1.000055
1.000338
0.999940
1.000328
1.000222
1.000671
1.000909
1.000156
1.000079
1.000202
0.999848
1.000179
1.001292
1.000572
1.000372
1.000379
1.000393
1.001097
1.000197
0.999882
1.000210
1.000084
0.999987
1.000585
1.000247
0.999952
1.000258
0.999773
1.000363
1.000277
1.000491
1.000787
1.000137
0.999987
1.000140
0.999857
0.999825
1.000757
1.000392
1.000382
1.000402
1.000624
1.001001
0.999860
0.999990
1.000318
1.000037
0.999953
1.000565
1.000323
0.999997
1.000314
1.000161
1.000621
0.999992
1.000380
1.000734
0.999928
1.000028
1.000341
1.000077
1.000276
1.001290
1.000638
1.000439
1.000364
1.000359
1.000745
0.999918
1.000070
1.000330
1.000103
1.000180
1.000767
1.000537
1.000202
1.000320
1.000032
1.000309
1.000289
1.000178
1.000420
1.000300
1.000264
1.000294
1.000047
0.999861
1.000490
1.000014
0.999995
1.000000
1.000015
1.000227
0.999506
0.999890
1.000233
1.000252
1.000278
1.000373
1.000111
1.000196
1.000249
0.999929
1.000249
1.000186
1.000149
1.000403
1.000300
1.000263
1.000280
1.000102
0.999671
1.000213
1.000014
1.000005
1.000016
1.000185
1.000394
0.999496
0.999889
1.000232
1.000269
1.000502
1.000723
1.000331
1.000319
1.000424
1.000045
1.000218
1.000255
1.000354
1.000401
1.000175
1.000284
1.000241
0.999816
0.999623
1.000591
1.000172
0.999997
0.999958
0.999947
1.000477
0.999874
0.999957
1.000170
1.000243
1.000496
1.000759
1.000409
1.000259
1.000347
0.999803
0.999995
1.000247
1.000172
1.000455
1.000367
1.000244
1.000200
0.999748
0.999423
1.000230
0.999996
0.999985
1.000053
1.000274
1.000674
0.999853
0.999949
1.000186
1.000270
1.000297
1.000508
1.000354
1.000258
1.000349
0.999984
0.999661
0.999527
0.999487
0.999650
0.999876
0.999487
0.999448
0.999890
0.999396
0.999152
0.999717
0.999073
0.999113
0.999618
0.999164
0.999756
1.000117
0.999432
0.999598
0.999988
0.999735
0.999653
0.999651
0.999683
1.000069
0.999674
0.999631
0.999585
0.999635
0.999871
0.999499
0.999444
0.999934
0.999846
0.999528
0.999758
0.999124
0.999135
0.999607
0.999415
1.000015
1.000252
0.999556
0.999499
0.999872
0.999696
0.999519
0.999501
0.999596
0.999975
0.999670
0.999523
0.999540
0.999814
1.000048
0.999591
0.999606
1.000186
0.999698
0.999287
0.999558
0.998942
0.999114
0.999756
0.999168
0.999411
1.000038
0.999561
0.999488
0.999877
0.999621
0.999520
0.999610
0.999652
0.999981
0.999673
0.999530
0.999463
0.999720
1.000062
0.999605
0.999489
1.000030
0.999679
0.999168
0.999438
0.998923
0.998943
0.999436
0.999285
0.999632
1.000017
0.999572
0.999490
0.999880
0.999604
0.999489
0.999544
0.999590
0.999904
0.999898
0.999960
0.999472
0.999390
0.999845
0.999895
0.999535
1.000026
1.000169
0.999313
0.999534
0.999827
0.999836
0.999663
0.999438
1.000174
1.000027
0.999545
0.999694
0.999537
0.999188
0.999313
0.999882
0.999822
0.999757
0.999849
0.999844
0.999394
0.999378
0.999737
0.999664
0.999382
0.999980
0.999899
0.999055
0.999318
0.999635
0.999653
0.999440
0.999195
0.999920
0.999835
0.999337
0.999796
0.999746
0.999377
0.999427
0.999825
0.999894
0.999831
0.999747
0.999841
0.999319
0.999163
0.999640
0.999798
0.999368
0.999838
1.000147
0.999301
0.999698
1.000008
0.999829
0.999558
0.999311
1.000156
0.999828
0.999350
0.999786
0.999758
0.999246
0.999250
0.999766
0.999891
0.999911
0.999809
0.999847
0.999411
0.999239
0.999637
0.999682
0.999427
1.000003
1.000164
0.999440
0.999811
0.999990
0.999791
0.999591
0.999218
0.999927
0.999821
0.999350
0.999909
0.999753
0.999233
0.999362
0.999829
0.999959
0.999684
0.999713
1.000204
1.000273
0.999697
0.999925
1.000022
0.999874
0.999720
0.999909
0.999989
0.999821
1.000761
1.000763
0.999796
0.999950
0.999908
0.999802
0.999959
1.000086
1.000014
0.999901
1.000358
1.000166
0.999801
0.999663
0.999700
1.000369
1.000443
0.999762
0.999972
1.000089
0.999918
0.999793
1.000028
0.999946
0.999966
1.001067
1.001086
1.000068
1.000042
1.000030
0.999804
0.999798
0.999957
0.999966
0.999670
1.000282
1.000343
0.999822
0.999715
0.999809
1.000382
1.000561
0.999905
0.999992
1.000038
0.999947
0.999868
0.999920
0.999848
0.999825
1.000889
1.000768
0.999791
0.999894
0.999931
0.999813
0.999887
1.000056
0.999969
0.999836
1.000435
1.000355
0.999824
0.999693
0.999831
1.000370
1.000448
0.999939
0.999954
0.999976
0.999993
0.999826
0.999918
0.999901
0.999722
1.000772
1.001045
0.999986
0.999938
0.999947
0.999744
0.999908
1.000035
0.999964
0.999800
1.000507
1.000436
0.999831
1.000888
1.000987
1.000587
1.000933
1.000494
1.000053
1.000158
1.000866
1.000695
1.000846
1.000675
1.000577
1.000127
1.000130
1.000583
1.000692
1.000853
1.000696
1.000739
1.000115
1.000097
1.000311
1.000908
1.000480
1.000761
1.000895
1.000749
1.000240
1.000647
1.000338
1.000157
1.000307
1.000975
1.000738
1.000748
1.000688
1.000776
1.000275
0.999972
1.000419
1.000691
1.000830
1.000734
1.000972
1.000305
1.000123
1.000474
1.001042
1.000612
1.000820
1.000823
1.000764
1.000357
1.000759
1.000298
1.000034
1.000036
1.000682
1.000626
1.000796
1.000745
1.000763
1.000259
1.000162
1.000491
1.000547
1.000817
1.000675
1.000726
1.000115
1.000115
1.000316
1.000869
1.000381
1.000597
1.000761
1.000615
1.000400
1.000948
1.000419
1.000249
1.000387
1.000917
1.000707
1.000860
1.000669
1.000562
1.000156
0.999986
1.000491
1.000775
1.000814
1.000724
1.000770
1.000131
1.000140
1.000490
1.000856
1.000150
1.000673
1.000341
1.000169
0.999838
0.999738
0.999934
1.000179
1.000818
1.000750
1.000508
0.999836
0.999708
1.000135
0.999659
0.999660
1.000135
0.999736
0.999968
1.000608
1.000871
1.000962
1.000203
1.000060
0.999723
0.999944
1.000481
1.000495
1.000463
1.000109
1.000043
1.000111
0.999988
1.000535
1.000563
1.000629
1.000010
0.999770
0.999870
0.999406
0.999663
1.000153
0.999651
0.999684
1.000414
1.000569
1.000664
1.000187
1.000116
0.999805
0.999740
1.000193
1.000340
1.000265
0.999938
0.999988
1.000188
1.000191
1.000796
1.000738
1.000496
0.999847
0.999751
0.999867
0.999410
0.999566
1.000119
0.999840
1.000061
1.000717
1.000760
1.000800
1.000203
1.000038
0.999831
1.000083
1.000417
1.000356
1.000300
0.999825
0.999819
1.000058
1.000068
1.000780
1.000725
1.000601
0.999968
0.999820
1.000227
0.999678
0.999579
1.000054
0.999788
0.999789
1.000400
1.000694
1.000621
0.999946
1.000055
0.999979
1.000110
1.000395
0.999243
0.998937
0.999336
0.999251
0.999832
0.999794
0.999526
0.999032
0.998855
0.999024
0.999158
0.998653
0.999424
0.999423
0.998653
0.999157
0.999051
0.998915
0.999053
0.999529
0.999873
0.999987
0.999416
0.999491
0.999087
0.999317
0.998948
0.999332
0.999161
0.999768
0.999774
0.999643
0.999203
0.998928
0.999149
0.999233
0.998645
0.999416
0.999426
0.998663
0.999249
0.999124
0.998899
0.999156
0.999641
0.999810
0.999773
0.999247
0.999461
0.999073
0.999392
0.999143
0.999486
0.999205
0.999765
0.999810
0.999634
0.999142
0.998879
0.999107
0.999438
0.998856
0.999436
0.999482
0.998867
0.999409
0.999138
0.998901
0.999143
0.999640
0.999878
0.999979
0.999360
0.999445
0.999143
0.999519
0.999206
0.999507
0.999225
0.999761
0.999794
0.999514
0.999028
0.998889
0.999044
0.999161
0.998661
0.999441
0.999624
0.999061
0.999460
0.999107
0.998881
0.999137
0.999797
0.999988
0.999826
0.999233
0.999353
0.998950
0.999596
0.999662
0.999674
0.999961
1.000226
1.000324
0.999552
0.999789
0.999648
1.000309
1.000351
1.000225
1.000455
1.000456
1.000224
1.000310
1.000109
0.999400
0.999716
0.999558
1.000402
1.000190
0.999902
0.999616
0.999577
0.999600
0.999662
0.999674
0.999948
1.000210
1.000463
0.999605
0.999654
0.999409
1.000049
1.000433
1.000341
1.000450
1.000383
1.000161
1.000320
1.000290
0.999706
0.999796
0.999428
1.000202
1.000210
0.999998
0.999666
0.999733
0.999816
0.999743
0.999662
0.999980
1.000210
1.000199
0.999422
0.999796
0.999700
1.000271
1.000227
1.000062
1.000387
1.000394
1.000081
1.000245
1.000057
0.999416
0.999741
0.999436
1.000295
1.000198
0.999913
0.999683
0.999641
0.999636
0.999638
0.999661
0.999975
1.000186
1.000194
0.999316
0.999676
0.999512
1.000108
1.000313
1.000160
1.000399
1.000258
0.999936
1.000228
1.000333
0.999699
0.999741
0.999427
1.000207
1.000092
0.999937
0.999837
0.999727
1.000222
1.000337
1.000509
1.000467
1.000365
1.000573
1.000736
1.000887
1.000833
1.000571
1.000806
1.001043
1.000600
1.000601
1.001035
1.000734
1.000450
1.000763
1.000861
1.000730
1.000503
1.000315
1.000469
1.000503
1.000355
1.000291
1.000406
1.000512
1.000478
1.000378
1.000579
1.000810
1.000930
1.000814
1.000490
1.000644
1.000929
1.000579
1.000737
1.001188
1.000804
1.000568
1.000825
1.000870
1.000718
1.000556
1.000382
1.000469
1.000419
1.000197
1.000078
1.000082
1.000223
1.000356
1.000371
1.000740
1.000907
1.000856
1.000762
1.000404
1.000624
1.000989
1.000638
1.000738
1.001087
1.000714
1.000563
1.000830
1.000887
1.000910
1.000671
1.000210
1.000375
1.000333
1.000090
1.000173
1.000266
1.000434
1.000486
1.000366
1.000550
1.000773
1.000911
1.000825
1.000513
1.000742
1.001094
1.000648
1.000687
1.001025
1.000670
1.000498
1.000773
1.000780
1.000645
1.000639
1.000429
1.000305
1.000202
1.000141
1.000638
1.000720
1.000876
1.000920
1.000369
0.999495
1.000263
0.999901
1.000340
1.000799
1.001085
1.000748
0.999862
0.999862
1.000619
1.001012
1.000796
1.000271
0.999881
1.000260
0.999469
1.000394
1.000891
1.000783
1.000733
1.000691
1.000733
1.000972
1.001078
1.000407
0.999638
1.000468
0.999951
1.000325
1.000840
1.001061
1.000673
0.999855
0.999633
1.000525
1.001072
1.000785
1.000326
0.999898
1.000559
0.999799
1.000415
1.000999
1.000823
1.000659
1.000643
1.000787
1.000948
1.000923
1.000566
0.999686
1.000241
0.999870
1.000281
1.000795
1.001048
1.000670
0.999854
0.999778
1.000716
1.001129
1.000791
1.000430
1.000000
1.000253
0.999466
1.000411
1.001011
1.000966
1.000782
1.000568
1.000648
1.000986
1.001082
1.000424
0.999666
1.000465
1.000017
1.000246
1.000691
1.001154
1.000606
0.999697
0.999625
1.000440
1.000966
1.000709
1.000276
0.999944
1.000463
0.999582
1.000327
1.001025
1.001129
1.000854
0.999738
1.000192
0.999358
0.999581
0.999704
0.999608
0.999708
0.999535
0.999584
0.999593
0.999524
0.999325
0.999434
0.999442
0.999389
0.999554
0.999923
0.999959
0.999524
0.999708
0.999610
0.999704
0.999582
0.999323
0.999847
0.999109
0.999840
0.999255
0.999499
0.999872
0.999732
0.999642
0.999520
0.999761
0.999680
0.999516
0.999169
0.999223
0.999603
0.999491
0.999445
0.999684
0.999761
0.999518
0.999638
0.999731
0.999870
0.999504
0.999558
1.000448
0.999716
1.000452
0.999613
0.999576
0.999634
0.999672
0.999810
0.999513
0.999761
0.999741
0.999552
0.999378
0.999425
0.999423
0.999317
0.999496
0.999562
0.999478
0.999425
0.999706
0.999615
0.999705
0.999516
0.999558
1.000443
0.999721
1.000175
0.999280
0.999515
0.999704
0.999611
0.999793
0.999491
0.999652
0.999753
0.999500
0.999503
0.999601
0.999394
0.999339
0.999586
0.999768
0.999761
0.999522
0.999822
0.999893
0.999963
0.999577
0.999497
1.000404
0.999342
0.999560
0.999476
0.999165
0.999499
0.999896
0.999326
0.999945
0.999571
0.998969
0.998330
0.999084
0.999843
0.999851
0.999026
0.998432
0.998946
0.999297
0.999789
0.999322
0.999899
0.999403
0.999051
0.999600
1.000208
1.000368
1.000203
0.999533
0.998939
0.999286
0.999715
0.998994
0.999545
0.999369
0.998979
0.998368
0.999203
1.000017
0.999841
0.998946
0.998265
0.998972
0.999381
0.999542
0.998817
0.999546
0.999297
0.998937
0.999306
0.999719
0.999853
0.999725
0.999378
0.999134
0.999397
0.999548
0.998831
0.999572
0.999447
0.998975
0.998412
0.999135
0.999820
0.999823
0.998945
0.998210
0.998974
0.999458
0.999813
0.999319
0.999892
0.999394
0.999047
0.999392
0.999734
0.999581
0.999685
0.999623
0.999040
0.999398
0.999883
0.999061
0.999558
0.999463
0.999118
0.998483
0.999067
0.999832
1.000015
0.999328
0.998440
0.998977
0.999570
0.999905
0.999046
0.999544
0.999293
0.999004
0.999387
0.999466
1.000795
0.999938
1.000713
1.000422
1.000261
1.000181
0.999830
0.999809
0.999838
1.000573
1.000406
1.000534
1.000264
1.000201
1.000621
1.000429
1.000519
1.000068
1.000125
1.000020
1.000167
1.000302
1.000410
1.000367
0.999384
1.000333
0.999606
1.000706
1.000492
1.000314
1.000202
1.000029
1.000204
0.999965
1.000414
1.000475
1.000646
1.000212
1.000271
1.000698
1.000456
1.000417
0.999917
1.000332
1.000418
1.000350
1.000263
1.000464
1.000485
0.999401
1.000344
0.999389
1.000369
1.000353
1.000271
1.000229
1.000116
1.000180
1.000081
1.000675
1.000485
1.000449
1.000089
1.000099
1.000530
1.000463
1.000484
1.000031
0.999987
0.999696
1.000065
1.000286
1.000363
1.000608
0.999639
1.000568
0.999611
1.000384
1.000365
1.000262
1.000163
1.000243
1.000349
1.000061
1.000517
1.000330
1.000446
1.000112
1.000205
1.000499
1.000354
1.000573
1.000003
1.000039
1.000049
1.000214
1.000273
1.000352
1.000385
0.999620
1.000048
0.999643
1.000001
1.000040
0.999928
1.000240
1.000613
1.000388
1.000984
1.000689
1.000990
1.000539
1.000443
1.000445
1.000537
1.000883
1.000178
1.000557
1.000263
1.000470
1.000209
0.999884
1.000016
1.000209
0.999921
1.000229
0.999718
0.999978
0.999998
0.999917
1.000264
1.000582
1.000221
1.000561
1.000462
1.001024
1.000553
1.000450
1.000433
1.000537
1.000916
1.000361
1.000703
1.000253
1.000463
1.000203
0.999922
1.000035
1.000180
0.999809
1.000113
0.999988
1.000271
1.000052
0.999925
1.000318
1.000713
1.000404
1.000841
1.000428
1.000724
1.000373
1.000423
1.000618
1.000609
1.000903
1.000473
1.000570
1.000226
1.000696
1.000288
0.999889
1.000043
1.000026
0.999742
1.000143
0.999823
1.000225
1.000064
0.999933
1.000217
1.000471
1.000260
1.000797
1.000419
1.000725
1.000388
1.000444
1.000441
1.000547
1.001036
1.000574
1.000829
1.000253
1.000568
1.000304
0.999927
1.000064
1.000225
0.999835
0.999669
1.000156
0.999713
0.999866
0.999758
0.999831
0.999775
1.000193
0.999873
0.999324
0.999698
0.999595
1.000235
1.000212
0.999567
0.999830
0.999637
0.999822
0.999891
0.999680
0.999817
0.999799
0.999861
0.999910
1.000317
0.999217
1.000065
0.999614
0.999774
0.999756
0.999793
0.999619
1.000050
1.000001
0.999509
0.999696
0.999577
1.000242
1.000215
0.999568
0.999844
0.999621
1.000014
1.000240
0.999872
0.999908
0.999771
0.999773
0.999856
1.000651
0.999829
1.000540
0.999893
0.999853
0.999712
0.999741
0.999634
0.999874
0.999583
0.999345
0.999907
0.999849
1.000380
1.000205
0.999667
0.999769
0.999459
1.000218
1.000383
0.999808
1.000001
0.999903
0.999732
0.999586
1.000090
0.999600
1.000693
0.999934
0.999832
0.999715
0.999839
0.999876
1.000244
0.999870
0.999458
0.999917
0.999851
1.000404
1.000213
0.999573
0.999718
0.999267
0.999796
1.000110
0.999678
0.999823
0.999770
0.999836
0.999917
1.000669
0.999741
1.000220
0.999969
1.000175
1.000598
1.000140
1.000119
0.999738
0.999151
0.999251
0.999982
1.000463
0.999639
0.999689
1.000575
1.000042
0.999310
0.999349
0.999870
0.999984
0.999864
1.000320
1.000034
0.999885
1.000241
1.000072
1.000324
1.000036
1.000122
1.000320
0.999878
0.999994
0.999878
0.999355
0.999318
1.000071
1.000217
0.999322
0.999370
1.000178
0.999965
0.999329
0.999223
0.999737
1.000026
0.999926
1.000328
1.000066
0.999947
0.999998
0.999562
0.999995
0.999884
1.000157
1.000661
1.000072
0.999989
0.999883
0.999360
0.999489
1.000155
1.000181
0.999368
0.999376
1.000288
1.000240
0.999468
0.999204
0.999747
1.000031
0.999901
1.000325
1.000108
1.000033
1.000233
0.999641
0.999791
0.999749
1.000012
1.000553
1.000125
0.999843
0.999519
0.999146
0.999299
0.999981
1.000141
0.999323
0.999370
1.000178
0.999973
0.999307
0.999158
0.999692
1.000120
1.000014
1.000337
1.000006
0.999853
1.000016
0.999802
0.999436
0.999353
0.999809
1.000238
1.000161
1.000091
0.999407
1.000003
1.000007
0.999865
0.999693
0.999306
0.999512
0.999826
0.999784
1.000014
1.000013
0.999566
1.000390
1.000411
1.000484
1.000096
0.999544
0.999339
0.999634
0.999342
0.999515
1.000196
1.000527
1.000332
1.000341
0.999573
1.000013
1.000021
0.999820
0.999944
0.999617
0.999848
1.000215
0.999827
1.000005
1.000005
0.999472
1.000142
1.000166
1.000458
1.000194
0.999486
0.999248
0.999704
0.999312
0.999284
0.999869
1.000280
1.000261
1.000383
0.999577
1.000027
0.999847
0.999699
1.000229
0.999818
0.999594
0.999905
0.999824
1.000068
1.000005
0.999402
1.000101
1.000297
1.000482
0.999967
0.999399
0.999463
0.999877
0.999470
0.999413
0.999978
1.000288
1.000097
1.000382
0.999818
1.000159
1.000020
0.999859
1.000017
0.999631
0.999844
1.000225
0.999859
1.000012
1.000166
0.999816
1.000320
1.000165
1.000406
0.999956
0.999395
0.999430
1.000303
1.000385
1.000360
1.000031
0.999657
1.000074
0.999670
1.000248
1.000542
1.000541
0.999585
0.999569
1.000609
1.000353
0.999271
0.999454
1.000456
1.000537
1.000475
1.000030
1.000345
0.999804
0.999887
1.000179
1.000499
1.000550
1.000582
0.999918
0.999629
0.999688
1.000232
1.000056
1.000478
1.000545
1.000534
0.999576
0.999419
1.000475
1.000477
0.999428
0.999566
1.000504
1.000387
1.000212
0.999957
1.000372
0.999788
0.999884
1.000192
1.000440
1.000411
1.000421
1.000108
0.999814
0.999671
1.000064
0.999655
1.000116
1.000425
1.000543
0.999568
0.999290
1.000347
1.000480
0.999410
0.999295
1.000263
1.000388
1.000341
1.000041
1.000343
0.999770
1.000056
1.000386
1.000467
1.000430
1.000487
1.000119
0.999796
0.999809
1.000227
0.999592
0.999954
1.000357
1.000539
0.999579
0.999565
1.000612
1.000489
0.999406
0.999469
1.000403
1.000296
1.000185
0.999833
1.000120
0.999684
1.000055
1.000289
1.000392
1.000215
1.000304
1.000370
0.999650
0.999678
1.000120
0.999925
1.000347
1.000321
1.000325
1.000069
0.999928
1.000231
1.000419
1.000093
1.000167
1.000455
1.000293
1.000202
0.999667
0.999844
0.999521
0.999644
1.000470
1.000348
1.000123
1.000293
1.000540
0.999813
0.999689
0.999961
0.999625
1.000210
1.000313
1.000331
1.000107
1.000109
1.000377
1.000221
0.999900
1.000055
1.000396
1.000487
1.000312
0.999673
0.999830
0.999581
0.999706
1.000403
1.000348
1.000152
1.000148
1.000514
0.999842
0.999703
1.000158
1.000005
1.000422
1.000328
1.000307
1.000092
1.000087
1.000332
1.000349
1.000026
1.000158
1.000429
1.000314
1.000185
0.999599
0.999810
0.999577
0.999728
1.000434
1.000320
1.000199
1.000304
1.000608
0.999914
0.999573
0.999994
0.999993
1.000266
1.000224
1.000318
1.000057
0.999862
1.000164
1.000149
0.999829
1.000183
1.000551
1.000297
1.000062
0.999787
1.000174
0.999703
0.999698
1.000405
1.000280
0.999606
0.999388
0.999451
0.999815
0.999904
0.999590
1.000154
0.999829
1.000065
0.999974
1.000262
1.000145
0.999786
0.999784
1.000140
1.000172
0.999984
1.000141
0.999916
0.999994
0.999153
0.999720
0.999894
0.999439
0.999169
0.999451
0.999263
0.999422
0.999771
0.999908
0.999588
1.000230
0.999916
1.000064
0.999864
1.000110
1.000170
0.999858
0.999778
1.000154
1.000171
0.999912
1.000076
0.999827
0.999899
0.999343
0.999972
0.999895
0.999432
0.999337
0.999767
0.999430
0.999560
0.999872
0.999716
0.999136
0.999911
0.999944
1.000147
1.000003
1.000226
1.000235
0.999914
0.999915
1.000356
1.000235
1.000004
1.000280
1.000000
1.000222
0.999609
0.999924
0.999868
0.999458
0.999199
0.999484
0.999121
0.999350
0.999848
0.999912
0.999352
0.999978
1.000014
1.000161
1.000001
1.000266
1.000299
0.999941
0.999939
1.000322
1.000155
0.999879
1.000163
1.000002
0.999972
0.999331
0.999899
0.999831
0.999338
0.999117
1.000306
0.999903
1.000110
0.999870
0.999697
0.999291
1.000136
1.000347
0.999823
0.999685
0.999961
1.000136
0.999681
0.999753
1.000224
1.000010
0.999772
0.999807
1.000161
1.000275
0.999628
0.999809
0.999969
1.000222
1.000053
1.000341
1.000086
1.000461
1.000090
0.999686
0.999310
1.000030
1.000147
0.999865
0.999868
1.000035
1.000129
0.999682
0.999680
1.000149
1.000008
0.999741
0.999681
1.000140
1.000320
0.999459
0.999625
0.999703
1.000025
0.999979
1.000197
1.000037
1.000289
0.999942
0.999820
0.999633
1.000389
1.000299
0.999780
0.999690
0.999949
1.000087
0.999617
0.999617
1.000042
0.999949
0.999762
0.999812
1.000159
1.000053
0.999246
0.999624
0.999930
1.000244
1.000116
1.000449
1.000042
1.000126
0.999840
0.999672
0.999533
1.000202
1.000005
0.999639
0.999724
0.999979
1.000087
0.999629
0.999692
1.000175
1.000019
0.999764
0.999663
1.000047
1.000285
0.999468
0.999585
0.999854
1.000127
1.000031
1.000273
1.000854
1.001066
1.000850
1.000258
1.000306
1.000176
1.000012
0.999492
1.000364
0.999868
0.999277
0.999918
0.999805
0.999178
0.999873
1.000126
0.999260
1.000006
1.000182
1.000286
1.000075
1.000625
1.000850
1.000712
1.000368
1.000703
1.000842
1.000579
1.000035
1.000245
1.000142
0.999998
0.999234
1.000035
0.999881
0.999402
0.999922
0.999914
0.999388
0.999875
1.000076
0.999536
1.000316
1.000226
1.000285
1.000247
1.000865
1.001002
1.000469
0.999786
1.000467
1.000881
1.000635
1.000116
1.000308
1.000191
1.000016
0.999500
1.000357
0.999868
0.999284
0.999903
0.999896
0.999255
0.999848
1.000119
0.999246
0.999989
1.000164
1.000278
1.000252
1.000788
1.000909
1.000684
1.000191
1.000749
1.001239
1.000985
1.000212
1.000265
1.000221
1.000348
0.999747
1.000369
0.999859
0.999253
0.999912
1.000080
0.999578
0.999999
1.000383
0.999761
1.000273
1.000171
1.000267
1.000235
1.001014
1.001284
1.000804
0.999416
1.000461
1.000248
1.000851
1.000235
1.000240
0.999806
1.000180
0.999687
0.999691
0.999996
1.000464
1.000369
1.000032
1.000152
0.999882
0.999788
0.999913
1.000161
0.999936
1.000524
1.000551
1.000694
0.999688
1.000139
0.999279
1.000139
0.999688
1.000703
1.000543
1.000413
0.999834
1.000161
1.000086
1.000123
0.999835
0.999981
1.000031
1.000381
1.000503
1.000185
1.000069
0.999834
0.999982
0.999826
1.000475
1.000337
1.000664
0.999819
1.000447
0.999887
1.000403
0.999657
1.000693
1.000413
1.000243
0.999806
1.000173
0.999868
0.999883
1.000017
1.000147
1.000026
1.000370
1.000675
1.000199
0.999909
0.999963
1.000225
1.000027
1.000492
1.000248
1.000733
1.000089
1.000417
0.999351
1.000387
1.000101
1.000697
1.000363
1.000506
0.999807
0.999973
0.999786
0.999863
1.000191
1.000670
1.000355
1.000075
1.000021
0.999841
0.999885
0.999791
0.999968
0.999733
1.000367
1.000335
1.000513
0.999890
1.000418
0.999821
0.999260
0.998845
0.998969
0.999631
1.000426
1.000063
1.000016
1.000290
0.999630
1.000438
1.000391
0.999396
0.999603
1.000449
1.000307
0.999654
1.000286
1.000003
0.999904
1.000239
0.999606
0.998956
0.998896
0.999470
0.999846
0.999209
0.998887
0.998935
0.999606
1.000369
1.000022
0.999997
1.000117
0.999611
1.000402
1.000456
0.999592
0.999394
1.000206
1.000143
0.999579
1.000351
1.000136
1.000031
1.000257
0.999631
0.998949
0.998898
0.999342
1.000001
0.999485
0.998887
0.999004
0.999682
1.000416
1.000061
1.000010
1.000133
0.999381
1.000175
1.000448
0.999603
0.999392
1.000193
1.000240
0.999703
1.000363
0.999875
0.999790
1.000314
0.999626
0.998973
0.998853
0.999262
0.999691
0.999128
0.998814
0.998946
0.999592
1.000229
1.000022
1.000118
1.000124
0.999352
1.000121
1.000208
0.999368
0.999390
1.000209
1.000138
0.999368
1.000134
1.000013
1.000058
1.000402
0.999653
0.998930
0.998816
0.999255
1.000023
0.999367
0.999970
0.998919
0.999952
1.000081
1.000082
0.999719
0.999788
0.999621
0.999862
0.999535
1.000531
1.000784
0.999946
1.000177
0.999789
0.999799
0.999701
1.000131
1.000448
1.000436
0.999306
1.000364
0.999586
1.000290
0.999877
1.000178
0.998928
0.999945
1.000074
1.000071
0.999700
0.999777
0.999647
1.000018
0.999936
1.000783
1.000558
0.999518
0.999993
0.999697
0.999704
0.999704
0.999988
0.999985
0.999940
0.998918
1.000163
0.999643
1.000059
0.999583
1.000349
0.999119
0.999950
0.999999
1.000007
0.999725
0.999792
0.999779
1.000166
0.999940
1.000784
1.000529
0.999531
0.999862
0.999540
0.999715
0.999816
1.000183
1.000088
0.999950
0.998936
1.000088
0.999550
1.000317
0.999646
0.999765
0.998730
0.999932
1.000059
1.000057
0.999687
0.999780
0.999759
1.000014
0.999805
1.000753
1.000520
0.999685
1.000152
0.999760
0.999787
0.999806
1.000100
1.000009
1.000112
0.999062
0.999958
0.999426
1.000381
1.000696
1.000743
1.000971
1.001150
0.999938
0.999793
0.999889
1.000296
1.000003
0.999660
1.000364
1.000790
1.000674
1.000406
0.999769
0.999886
1.000016
0.999652
0.999739
0.999626
1.000613
1.000984
1.000870
1.000699
1.000527
1.000481
1.000915
1.001034
1.000916
1.000032
0.999881
0.999867
1.000199
0.999925
0.999631
1.000214
1.000675
1.000818
1.000501
0.999874
1.000067
1.000271
0.999875
0.999878
1.000011
1.001132
1.001254
1.000850
1.000553
1.000524
1.000575
1.000863
1.001225
1.001143
1.000039
0.999866
0.999657
1.000024
0.999881
0.999585
1.000224
1.000669
1.000791
1.000365
0.999660
0.999983
1.000089
0.999646
0.999751
0.999962
1.000930
1.000981
1.000858
1.000592
1.000532
1.000719
1.001023
1.001007
1.000901
1.000006
0.999865
0.999676
1.000014
0.999994
0.999926
1.000426
1.000658
1.000789
1.000372
0.999744
0.999981
1.000213
0.999864
0.999869
1.000046
1.000900
1.001008
1.001082
1.000670
0.999595
1.000017
1.000163
1.000695
0.999136
0.999693
0.999925
0.999952
1.000218
1.000686
1.000130
0.999932
0.999429
0.999250
0.999546
0.999810
1.000668
1.000587
1.000207
0.999933
0.999716
0.999119
1.000356
0.999726
0.999724
0.999413
0.999965
1.000111
1.001171
0.999776
0.999858
0.999921
1.000012
1.000557
1.000936
1.000138
0.999765
0.999239
0.999434
0.999725
0.999818
1.000754
1.000465
1.000009
0.999957
0.999674
0.999354
1.000977
1.000159
0.999932
0.999502
0.999975
0.999933
1.000502
0.999122
0.999692
0.999861
1.000084
1.000519
1.000789
1.000152
0.999765
0.999239
0.999453
1.000121
1.000290
1.000855
1.000587
1.000076
0.999860
0.999695
0.999613
1.000833
0.999755
0.999736
0.999221
0.999777
0.999981
1.000742
0.999275
0.999679
0.999944
1.000114
1.000480
1.000538
0.999848
0.999727
0.999270
0.999421
0.999928
0.999889
1.000523
1.000391
0.999963
0.999848
0.999706
0.999150
1.000703
1.000058
0.999918
1.000231
1.000010
0.999227
0.999655
0.999545
0.999768
1.000200
1.000622
1.000227
1.000373
1.000399
0.999921
0.999855
0.999851
0.999921
1.000520
1.000469
1.000056
1.000409
1.000163
0.999884
0.999627
0.999811
0.999404
1.000047
1.000256
1.000016
0.999219
0.999556
0.999328
0.999638
1.000154
1.000403
0.999933
1.000225
1.000370
0.999913
0.999852
0.999851
0.999913
1.000381
1.000235
0.999946
1.000401
1.000232
0.999951
0.999528
0.999535
0.999203
1.000006
1.000231
1.000251
0.999429
0.999627
0.999634
0.999978
1.000333
1.000657
1.000235
1.000369
1.000399
0.999919
0.999851
0.999823
0.999661
1.000305
1.000383
1.000110
1.000607
1.000309
0.999861
0.999439
0.999691
0.999594
1.000271
1.000287
1.000278
0.999607
0.999806
0.999543
0.999885
1.000277
1.000448
1.000125
1.000518
1.000298
0.999645
0.999797
0.999850
0.999913
1.000655
1.000647
1.000099
1.000489
1.000230
0.999786
0.999544
0.999645
0.999231
1.000021
1.000454
1.000110
0.999682
0.999407
1.000430
0.999871
1.000155
0.999893
1.000077
0.999995
0.999842
1.000245
1.000239
1.000333
1.000541
1.000035
0.999901
1.000340
1.000286
1.000230
0.999671
1.000229
0.999400
0.999688
1.000181
1.000604
1.000177
0.999676
0.999252
1.000213
0.999776
1.000231
1.000275
1.000308
1.000032
1.000160
1.000433
1.000234
1.000330
1.000529
1.000164
1.000083
1.000372
1.000163
1.000024
0.999692
1.000045
0.999085
0.999830
1.000336
1.000523
0.999865
0.999590
0.999576
1.000367
0.999797
1.000148
0.999899
1.000077
0.999995
0.999838
1.000336
1.000339
1.000244
1.000284
0.999895
0.999987
1.000055
0.999954
1.000222
0.999836
1.000130
0.999089
0.999572
1.000163
1.000728
1.000001
0.999431
0.999242
1.000145
0.999651
1.000155
1.000089
1.000137
0.999918
0.999885
1.000341
1.000278
1.000335
1.000329
0.999716
0.999866
1.000203
1.000017
1.000217
0.999933
1.000280
0.999226
0.999838
1.000285
0.999433
0.999482
1.000863
1.000327
1.000196
1.000029
0.999536
0.999436
0.999823
0.999891
0.999805
1.000392
0.999435
0.999333
1.000027
0.999527
0.999872
0.999712
0.999286
0.999521
1.000056
1.000228
1.000329
1.000864
0.999499
0.999326
0.998997
1.000524
1.000308
1.000183
1.000016
0.999520
0.999286
0.999674
0.999789
0.999445
1.000100
0.999424
0.999355
1.000021
0.999456
0.999788
0.999678
0.999387
0.999811
1.000216
1.000248
1.000367
1.000366
0.998846
0.999289
0.999486
1.000698
1.000164
1.000193
1.000143
0.999656
0.999440
0.999823
0.999902
0.999810
1.000312
0.999369
0.999629
1.000486
0.999633
0.999691
0.999704
0.999425
0.999662
1.000149
1.000264
1.000390
1.000389
0.998960
0.999300
0.999410
1.000850
1.000397
1.000315
1.000059
0.999532
0.999409
0.999823
0.999880
0.999792
1.000389
0.999444
0.999364
1.000308
0.999800
0.999875
0.999893
0.999515
0.999657
1.000149
1.000280
1.000378
1.000362
0.999000
0.999927
0.999339
0.999588
1.000438
1.000390
1.000698
1.000266
1.000101
0.999497
0.999549
1.000336
1.000212
0.999593
0.999672
1.000398
1.000652
0.999857
0.999440
0.999930
1.000267
1.000781
1.000467
1.000639
0.999780
0.999405
1.000135
0.999842
0.999955
1.000481
1.000436
1.000698
1.000267
0.999928
0.999422
0.999890
1.000689
1.000319
0.999602
0.999599
1.000115
1.000478
0.999768
0.999430
1.000099
1.000100
1.000483
1.000512
1.000747
1.000421
1.000049
1.000006
0.999333
0.999617
1.000523
1.000405
1.000481
1.000084
0.999994
0.999387
0.999782
1.000332
1.000009
0.999608
0.999447
0.999963
1.000267
0.999679
0.999586
1.000109
1.000022
1.000416
1.000492
1.000765
1.000131
0.999701
0.999933
0.999620
1.000055
1.000752
1.000582
1.000714
1.000232
1.000107
0.999597
0.999640
1.000120
1.000003
0.999610
0.999611
1.000213
1.000547
0.999777
0.999340
0.999944
1.000013
1.000437
1.000568
1.000586
1.000216
0.999966
1.000761
1.001403
1.000056
1.000165
0.999825
0.999276
1.000208
0.999756
0.999924
1.000084
0.999782
0.999477
1.000135
1.000134
0.999361
0.999443
0.999830
1.000049
0.999865
1.000169
0.999262
0.999813
1.000008
0.999702
1.001121
1.000608
1.001011
1.000073
1.000131
0.999781
0.999269
1.000373
1.000267
1.000227
0.999801
0.999440
0.999375
1.000159
1.000321
0.999742
0.999900
1.000105
0.999923
0.999755
1.000513
0.999577
0.999818
0.999946
0.999627
1.001176
1.001077
1.001398
1.000052
1.000124
0.999894
0.999699
1.000674
1.000261
1.000240
1.000091
0.999922
0.999757
1.000317
1.000128
0.999546
1.000129
1.000352
1.000105
1.000137
1.000409
0.999423
0.999839
0.999906
0.999914
1.001096
1.000489
1.000691
0.999495
1.000006
0.999952
0.999731
1.000534
0.999764
0.999921
1.000098
0.999900
0.999760
1.000321
1.000158
0.999379
0.999733
1.000100
1.000037
1.000063
1.000387
0.999288
0.999783
1.000086
0.999644
1.000676
0.999714
1.000176
1.000794
1.000069
0.999565
0.999728
1.000043
1.000149
1.000283
1.000339
0.999471
0.999447
1.000116
1.000115
0.999458
0.999487
1.000354
1.000281
1.000374
1.000515
0.999958
0.999539
0.999867
1.000498
1.000099
0.999641
1.000374
1.000823
1.000050
0.999708
0.999882
0.999830
0.999930
1.000289
1.000359
0.999490
0.999456
1.000129
0.999927
0.999260
0.999225
1.000094
1.000303
1.000142
0.999940
0.999645
0.999555
1.000068
1.000790
1.000184
0.999466
1.000183
1.000789
1.000066
0.999572
0.999625
0.999962
1.000134
1.000247
1.000082
0.999225
0.999260
0.999919
1.000114
0.999436
0.999205
1.000058
1.000238
1.000153
1.000074
0.999588
0.999527
1.000156
1.000813
1.000376
0.999820
1.000254
1.000493
0.999862
0.999570
0.999651
0.999954
1.000141
1.000291
1.000358
0.999490
0.999275
0.999927
1.000128
0.999440
0.999220
1.000060
1.000432
1.000340
1.000054
0.999708
0.999561
1.000046
1.001030
1.000697
0.999524
0.998850
0.999591
0.999602
1.000387
1.001077
0.999940
1.000132
0.999292
0.999720
1.000199
0.999974
1.000167
1.000143
0.999997
1.000344
0.999827
0.999400
1.000052
0.999592
1.000965
1.000264
0.999593
1.000088
0.999207
0.999797
0.999141
0.999609
0.999591
1.000252
1.000947
0.999940
1.000112
0.999449
0.999830
1.000163
0.999978
1.000166
1.000209
1.000050
1.000240
0.999734
0.999379
1.000186
0.999713
1.000959
1.000269
0.999427
0.999543
0.999044
1.000005
0.999078
0.999606
0.999433
1.000053
1.000490
0.999291
0.999763
0.999294
0.999877
1.000233
1.000048
1.000206
1.000136
0.999943
1.000213
0.999866
0.999304
0.999775
0.999724
1.001124
1.000278
0.999427
0.999539
0.998839
0.999627
0.999238
1.000116
0.999776
1.000225
1.000503
0.999502
1.000088
0.999290
0.999819
1.000345
1.000060
1.000206
1.000135
0.999940
1.000367
0.999845
0.999142
0.999778
0.999468
1.000803
1.000189
0.999440
0.999598
0.998834
1.000395
0.999755
0.999038
0.999515
0.999694
0.999504
0.999636
0.999730
0.999522
1.000041
1.001194
1.000855
1.000635
1.000576
1.000738
1.000761
0.999698
0.999412
0.999599
0.999650
0.999595
0.999876
0.999604
0.999041
0.999764
1.000250
0.999825
0.999259
0.999417
0.999597
0.999199
0.999351
0.999603
0.999309
0.999982
1.001191
1.000862
1.000639
1.000534
1.000748
1.001182
1.000046
0.999363
0.999682
0.999725
0.999588
0.999990
0.999725
0.999245
0.999809
1.000097
0.999607
0.998893
0.999448
0.999959
0.999622
0.999641
0.999749
0.999416
0.999966
1.001165
1.000849
1.000635
1.000673
1.000892
1.001201
0.999988
0.999422
0.999770
0.999714
0.999583
0.999876
0.999621
0.999261
0.999975
1.000437
0.999768
0.998884
0.999368
0.999679
0.999778
0.999914
0.999689
0.999511
0.999657
1.000739
1.000787
1.000640
1.000560
1.000842
1.000870
0.999628
0.999488
0.999774
0.999660
0.999450
0.999767
0.999449
0.998889
0.999756
1.000031
1.000567
0.999967
1.000102
0.999559
0.999295
0.999717
1.000511
1.001339
0.999952
1.000220
1.000407
0.999829
0.999862
1.000367
1.000415
1.000240
1.001119
1.000428
0.999761
0.999022
0.999629
1.000353
0.999966
1.000555
0.999931
1.000262
0.999760
1.000367
0.999706
0.999410
1.000065
1.000412
1.000720
0.999664
1.000304
1.000419
0.999845
0.999848
1.000397
1.000281
0.999715
1.000776
1.000476
0.999801
0.998901
0.999264
1.000075
0.999724
1.000270
0.999851
1.000514
1.000166
1.000506
0.999607
0.999392
1.000072
1.000547
1.001254
0.999972
1.000275
1.000317
0.999748
0.999770
1.000266
1.000159
0.999940
1.001062
1.000366
0.999683
0.999012
0.999634
1.000364
0.999826
1.000526
1.000266
1.000722
1.000160
1.000429
0.999589
0.999165
0.999782
1.000564
1.000995
0.999945
1.000558
1.000342
0.999764
0.999836
1.000388
1.000519
0.999949
1.000775
1.000333
1.000085
0.999583
0.999646
1.000349
1.000166
1.000608
1.000126
1.000235
1.000502
1.000213
1.000346
1.000729
1.000059
1.000151
1.000876
1.000160
0.999185
0.999260
0.999555
0.999487
0.999228
0.999240
1.000200
1.001146
1.000380
1.000275
1.000992
1.000448
1.000297
1.000645
1.000453
1.000195
1.000219
1.000493
1.000310
1.000592
1.000978
1.000100
1.000372
1.001351
1.000394
0.999206
0.999248
0.999549
0.999473
0.999170
0.999463
1.000670
1.001372
1.000380
1.000273
1.001142
1.000756
1.000391
1.000403
1.000227
1.000113
1.000302
1.000584
1.000296
1.000424
1.000736
1.000062
1.000147
1.000856
1.000438
0.999391
0.999095
0.999474
0.999665
0.999400
0.999226
1.000184
1.001127
1.000425
1.000329
1.001058
1.000514
1.000310
1.000441
1.000131
1.000049
1.000272
1.000579
1.000290
1.000481
1.000814
1.000066
1.000148
1.001091
1.000390
0.999208
0.999178
0.999481
0.999488
0.999187
0.999220
1.000402
1.001280
1.000325
1.000064
1.000736
1.000359
1.000236
1.000600
1.000323
0.999542
0.999843
1.000046
0.999670
1.000669
1.000931
1.001154
1.000075
0.999732
1.000837
0.999768
0.999256
1.000359
1.000362
0.999271
0.999767
1.000595
0.999366
0.999706
1.000700
1.000707
1.000503
0.999504
0.999920
0.999640
0.999616
0.999966
1.000035
0.999519
1.000269
1.000388
1.000745
0.999853
0.999432
1.000580
0.999695
0.999096
1.000191
1.000358
0.999259
0.999411
1.000305
0.999675
0.999948
1.000729
1.000621
1.000352
0.999637
1.000206
0.999847
0.999684
0.999884
0.999953
0.999496
1.000490
1.000930
1.001005
1.000155
0.999714
1.000213
0.999435
0.999296
1.000369
1.000195
0.999105
0.999757
1.000582
0.999588
1.000035
1.000502
1.000163
1.000276
0.999547
1.000063
0.999895
0.999675
0.999827
0.999954
0.999448
1.000308
1.000473
1.000836
1.000083
0.999799
1.000872
0.999747
0.999416
1.000507
1.000544
0.999445
0.999784
1.000907
0.999819
1.000078
1.001139
1.000931
1.000709
0.999750
0.999955
0.999721
0.999499
1.000094
1.000120
0.999902
0.999380
0.998875
0.999728
0.999551
0.998925
0.999428
0.999604
1.000223
1.000313
1.000505
1.000410
0.999591
0.999681
0.999172
0.999637
0.999859
0.998879
0.999428
0.999978
1.000144
1.000078
0.999373
0.999985
1.000132
0.999970
0.999607
0.999356
1.000040
0.999565
0.999208
0.999766
0.999661
1.000403
1.000493
1.000500
1.000411
0.999674
0.999770
0.998986
0.999468
0.999896
0.998906
0.999389
0.999873
1.000097
1.000173
0.999478
0.999973
1.000119
0.999966
0.999417
0.998874
0.999877
0.999438
0.998968
0.999759
0.999676
1.000417
1.000499
1.000494
1.000399
0.999629
0.999727
0.998974
0.999460
1.000200
0.999368
0.999428
0.999748
1.000084
0.999991
0.999364
1.000043
1.000099
0.999893
0.999521
0.999349
1.000056
0.999562
0.998942
0.999478
0.999639
1.000467
1.000556
1.000325
1.000446
0.999823
0.999446
0.998936
0.999533
0.999718
0.998885
0.999269
0.999777
1.000098
1.000094
1.000371
1.000202
1.000529
1.000084
0.999751
0.999843
0.999345
0.999715
0.999682
0.999292
0.999921
1.000331
0.999746
0.999753
1.000346
1.000048
0.999603
0.999927
0.999536
0.998912
0.999563
0.999550
1.000091
1.000702
1.000492
1.000617
1.000072
1.000414
0.999898
0.999573
0.999834
0.999344
0.999718
0.999708
0.999437
1.000263
1.000567
0.999738
0.999742
1.000324
0.999909
0.999466
0.999863
0.999656
0.999295
0.999842
0.999745
1.000208
1.000675
1.000337
1.000500
1.000226
1.000560
0.999904
0.999608
0.999675
0.999083
0.999637
0.999714
0.999447
1.000043
1.000346
0.999754
0.999744
1.000557
1.000250
0.999416
0.999710
0.999432
0.998815
0.999597
0.999761
1.000088
1.000420
1.000093
1.000495
1.000327
1.000671
1.000216
0.999749
0.999855
0.999067
0.999416
0.999892
0.999485
0.999888
1.000160
0.999582
0.999752
1.000252
0.999965
0.999607
0.999856
0.999468
0.999159
0.999888
0.999750
1.000229
1.000680
1.000210
1.000763
1.000219
0.999752
0.999744
0.999845
1.000561
0.999785
1.000301
1.000400
1.000064
1.000280
0.999203
1.000009
1.000289
0.999620
1.000280
0.999779
1.000204
1.000431
1.000215
1.000694
0.999677
0.999549
0.999370
0.999737
1.000499
1.000153
0.999693
0.999745
0.999633
1.000342
0.999719
1.000240
1.000400
0.999889
0.999903
0.999280
1.000271
1.000013
0.999202
1.000225
0.999870
1.000243
1.000293
0.999780
1.000345
0.999634
0.999787
0.999806
0.999850
1.000258
1.000113
0.999764
0.999745
0.999842
1.000821
1.000055
1.000293
1.000389
0.999938
1.000279
0.999620
1.000302
1.000269
0.999276
0.999890
0.999886
1.000416
1.000476
1.000246
1.000842
0.999844
0.999745
0.999702
1.000051
1.000256
0.999850
0.999805
0.999782
0.999838
1.000566
1.000025
1.000606
1.000289
0.999885
1.000377
0.999307
0.999994
1.000283
0.999430
1.000047
0.999747
1.000305
1.000585
0.999996
1.000333
0.999645
0.999594
0.999375
1.000008
0.999476
0.999624
0.999671
1.000300
1.000186
1.000090
1.000687
1.000165
0.999973
0.999757
1.000343
1.000304
1.000343
1.000286
1.000132
1.000233
0.999771
0.999982
1.000189
1.000443
0.999670
1.000051
1.000329
0.999722
0.999646
0.999585
0.999640
0.999702
1.000380
1.000121
0.999701
1.000587
1.000325
0.999986
0.999941
1.000513
1.000240
1.000283
1.000350
1.000306
1.000511
1.000011
1.000077
1.000303
1.000868
1.000020
1.000040
1.000121
0.999509
0.999628
0.999594
0.999481
0.999523
1.000312
1.000186
1.000100
1.000707
1.000167
1.000030
0.999828
1.000217
1.000124
1.000282
1.000277
1.000306
1.000561
1.000012
1.000064
1.000178
1.000716
1.000083
1.000165
1.000316
0.999729
0.999674
0.999578
0.999613
0.999509
1.000119
1.000152
1.000089
1.000708
1.000104
0.999970
0.999829
1.000209
1.000445
1.000608
1.000012
0.999865
1.000396
1.000004
1.000008
1.000125
1.000423
0.999701
1.000071
1.000329
0.999729
0.999563
1.000036
0.999671
1.000017
1.000352
1.000352
0.999143
0.999817
0.999362
1.000244
1.000304
0.999974
1.000446
0.999135
0.999142
1.000584
1.000117
1.000270
1.000496
0.999778
1.000257
0.999710
1.000604
1.000362
1.000182
0.999785
0.999944
0.999746
1.000163
1.000345
1.000624
0.999703
0.999951
0.999553
1.000498
1.000123
1.000022
1.000639
0.999143
0.999350
1.000843
1.000004
1.000106
1.000481
0.999502
0.999695
0.999443
1.000582
1.000394
1.000100
0.999732
1.000113
0.999847
1.000143
1.000378
1.000371
0.999098
0.999875
0.999769
1.000460
1.000512
1.000347
1.000349
0.998902
0.998927
1.000176
1.000030
1.000336
1.000446
0.999778
0.999922
0.999100
1.000294
1.000354
1.000109
0.999767
1.000005
0.999651
1.000081
1.000397
1.000283
0.999035
0.999860
0.999780
1.000430
1.000459
1.000356
1.000343
0.998911
0.999355
1.000618
1.000043
1.000351
1.000167
0.999477
1.000186
0.999707
1.000663
1.000364
1.000175
0.999857
0.999926
1.000228
0.999568
1.000103
1.000328
1.000582
0.999340
0.999674
0.999835
1.000607
0.999948
1.000716
1.000089
0.999877
1.000143
0.999583
1.000905
0.999832
0.999113
0.999018
1.000390
1.000141
1.000236
0.999936
1.000430
0.999722
1.000029
0.999574
1.000105
1.000339
1.000596
0.999324
0.999409
0.999828
1.000908
0.999576
1.000141
0.999886
0.999891
1.000157
0.999584
1.000933
0.999566
0.999121
0.999761
1.000711
0.999969
1.000233
0.999923
1.000448
0.999949
1.000442
0.999925
1.000289
1.000332
1.000566
0.999192
0.999275
0.999486
1.000176
0.999162
1.000332
1.000079
1.000079
1.000492
0.999510
1.000713
0.999579
0.999024
0.999215
1.000381
1.000119
1.000092
0.999552
1.000037
0.999550
1.000021
0.999540
0.999980
1.000041
1.000800
0.999617
0.999300
0.999814
1.000498
0.999180
1.000328
1.000086
0.999895
1.000289
0.999321
1.000198
0.999548
0.999342
0.999650
1.001014
1.000338
1.000103
0.999579
1.000255
0.999665
1.000622
1.000689
1.000441
1.000163
1.000854
1.000147
1.000405
0.999525
0.999705
1.000203
1.000345
1.000414
1.000341
1.000165
1.000446
0.999948
0.999383
1.000539
1.000378
1.001319
1.000485
1.000401
1.000412
1.000383
0.999988
1.000679
1.000529
1.000387
1.000117
1.000874
1.000157
1.000417
0.999371
0.999941
1.000790
1.000510
1.000343
1.000357
1.000184
1.000099
0.999593
0.999551
1.000609
0.999807
1.000963
1.000708
1.000324
1.000076
1.000235
0.999785
1.000247
1.000107
1.000204
1.000217
1.001091
1.000271
1.000407
0.999708
1.000177
1.000327
1.000180
1.000380
1.000414
1.000247
1.000454
0.999979
0.999784
1.000813
1.000172
1.001290
1.000601
1.000425
1.000540
1.000701
1.000202
1.000835
1.000854
1.000658
1.000553
1.000863
0.999816
1.000417
0.999362
0.999843
1.000339
1.000233
1.000419
1.000359
1.000168
1.000700
1.000364
0.999916
1.000822
0.999850
1.000636
1.000262
1.000440
1.000700
1.000527
1.000602
1.000186
1.000318
0.999412
0.999425
0.999055
1.000455
1.001200
1.001033
0.999694
1.000268
0.999288
0.999839
0.999665
0.999396
1.000158
0.999214
1.000521
1.000580
1.000174
0.999074
0.999529
0.999498
1.000342
1.000106
1.000458
1.000286
1.000641
0.999634
0.999463
0.999044
1.000449
1.001187
1.000900
0.999201
0.999851
0.999271
0.999818
0.999854
0.999598
1.000519
0.999560
1.000527
1.000587
1.000183
0.998921
0.999330
0.999592
1.000643
1.000248
1.000405
1.000262
1.000654
0.999685
0.999503
0.998997
1.000173
1.000953
1.001189
0.999795
1.000456
0.999407
0.999673
0.999846
0.999587
1.000133
0.999504
1.000605
1.000362
1.000574
0.999295
0.999325
0.999396
1.000464
1.000310
1.000575
1.000226
1.000171
0.999298
0.999433
0.999002
1.000184
1.000584
1.000524
0.999514
1.000452
0.999394
0.999646
0.999854
0.999591
1.000177
0.999357
1.000770
1.000712
1.000198
0.998928
0.999330
0.999584
1.000485
1.000213
0.999807
0.999462
0.999312
0.998937
0.999043
0.999368
1.000070
0.999369
0.999992
0.999456
0.999187
0.999548
1.000213
1.000369
0.999667
0.999121
0.999441
1.000351
0.999922
1.000295
0.999408
0.998946
0.998700
0.999210
0.999582
1.000037
0.999674
0.999171
0.998749
0.999130
0.999504
1.000122
0.999179
0.999815
0.999444
0.999252
0.999647
1.000194
1.000204
0.999410
0.999024
0.999445
1.000346
0.999920
1.000250
0.999357
0.999028
0.998793
0.999210
0.999572
1.000024
0.999644
0.999191
0.998707
0.998948
0.999413
1.000319
0.999577
0.999768
0.999212
0.999142
0.999685
1.000375
1.000235
0.999431
0.999022
0.999219
0.999978
0.999793
1.000007
0.999187
0.999074
0.998932
0.999388
0.999580
0.999894
0.999475
0.999307
0.998934
0.999042
0.999362
1.000266
0.999752
1.000195
0.999465
0.999024
0.999584
1.000372
1.000207
0.999564
0.999190
0.999461
1.000001
0.999588
1.000272
0.999364
0.999028
0.998793
0.999217
0.999515
0.999945
0.999200
0.999576
1.000376
1.000317
1.000285
1.000078
1.000213
0.999337
0.999983
0.999920
0.999869
0.999427
0.999348
1.000098
1.000202
1.000160
0.999527
1.000086
0.999945
1.000272
1.000368
1.000628
0.999931
0.999580
1.000133
0.999105
0.999768
1.000609
1.000325
1.000271
0.999954
1.000193
0.999653
1.000180
0.999908
0.999861
0.999421
0.999649
1.000315
1.000104
0.999967
0.999230
0.999963
0.999953
1.000282
1.000462
1.000504
0.999696
0.999319
0.999875
0.999275
0.999692
1.000402
1.000370
1.000371
1.000104
1.000164
0.999325
0.999855
1.000123
1.000111
0.999359
0.999607
1.000252
1.000107
1.000121
0.999600
1.000261
1.000027
1.000278
1.000369
1.000397
0.999691
0.999571
1.000435
0.999430
0.999797
1.000738
1.000459
1.000365
1.000073
1.000201
0.999655
1.000172
1.000109
1.000071
0.999420
0.999416
0.999869
0.999919
0.999975
0.999240
1.000047
1.000123
1.000377
1.000461
1.000737
0.999742
0.999131
1.000248
1.000002
1.001113
1.001436
1.001091
1.000428
0.999962
1.000050
1.000049
1.000831
1.000496
1.000003
0.999698
0.999898
1.000151
1.000477
1.000695
0.999870
1.000141
1.000074
1.000361
1.001008
1.001187
1.000700
0.999707
0.999970
1.000015
1.000720
1.000926
1.000853
1.000308
1.000084
1.000154
0.999894
1.000706
1.000548
1.000012
0.999709
0.999456
0.999760
1.000489
1.000812
1.000192
1.000288
1.000080
1.000456
1.000868
1.001028
1.000642
0.999869
1.000232
0.999699
1.000630
1.001236
1.001021
1.000251
0.999859
1.000040
1.000047
1.000889
1.000444
1.000107
0.999881
0.999634
0.999997
1.000530
1.000554
0.999791
1.000049
0.999961
1.000350
1.001019
1.001418
1.000810
0.999575
0.999841
0.999747
1.000760
1.001067
1.000965
1.000328
0.999973
1.000125
0.999777
1.000550
1.000532
1.000037
0.999694
0.999692
1.000043
1.000549
1.000814
1.000200
1.000160
0.999830
1.000334
1.000975
1.000897
1.000569
1.000034
0.999482
1.000492
1.000298
0.999100
0.999707
1.000260
1.000051
0.999302
0.999903
1.000301
1.000164
1.000379
1.001000
1.000861
1.000181
0.999990
1.000249
1.000192
0.999760
1.000294
1.000266
0.999704
0.999103
1.000299
1.000423
0.999528
1.000812
1.000644
0.999509
0.999881
1.000340
1.000044
0.999312
0.999982
1.000262
1.000060
1.000387
1.001005
1.000994
1.000376
1.000164
1.000294
0.999941
0.999371
1.000097
1.000077
0.999638
0.999589
1.000601
1.000374
0.999512
1.000966
1.000620
0.999235
0.999710
1.000255
1.000060
0.999552
1.000133
1.000216
1.000070
1.000240
1.000837
1.000833
1.000169
1.000095
1.000403
1.000004
0.999298
1.000050
1.000047
0.999553
0.999164
1.000249
1.000365
0.999135
1.000369
1.000250
0.999096
0.999710
1.000269
1.000279
0.999790
1.000254
1.000394
1.000217
1.000441
1.001005
1.001007
1.000445
1.000212
1.000271
0.999949
0.999379
1.000086
1.000265
0.999719
0.999442
1.000812
1.000897
0.999996
1.000335
0.998995
0.999471
0.999372
0.999546
1.000345
1.000265
1.000209
0.999745
1.000035
1.000514
0.999885
0.999876
1.000454
0.999984
0.999625
0.999901
0.999861
0.999929
0.999121
0.999326
0.999652
0.999193
1.000420
0.999921
1.000003
0.999178
0.999823
0.999544
0.999545
1.000345
1.000261
1.000105
0.999534
0.999939
1.000319
0.999668
0.999662
1.000304
1.000033
0.999752
1.000038
0.999967
1.000023
0.999346
0.999438
0.999747
0.999568
1.000610
0.999924
1.000009
0.998996
0.999470
0.999372
0.999559
1.000220
0.999803
0.999885
0.999764
1.000033
1.000550
0.999893
0.999698
1.000330
1.000035
0.999749
1.000205
1.000260
1.000164
0.999363
0.999449
0.999555
0.999189
1.000415
1.000137
1.000601
0.999371
0.999482
0.999150
0.999138
0.999941
0.999871
1.000024
0.999638
0.999838
1.000470
0.999904
0.999911
1.000472
0.999842
0.999654
1.000073
0.999977
1.000223
0.999562
0.999575
0.999409
0.998750
1.000009
0.874731
0.874315
0.874327
0.876446
0.875338
0.873463
0.874337
0.875325
0.873744
0.873501
0.874643
0.874658
0.874021
0.874011
0.874632
0.874610
0.873580
0.873809
0.875318
0.874622
0.874224
0.875636
0.876258
0.874098
0.874274
0.875044
0.874417
0.873618
0.875526
0.875118
0.873460
0.874337
0.875321
0.873829
0.873903
0.874852
0.874766
0.874218
0.874213
0.874746
0.874523
0.873519
0.873842
0.875518
0.874699
0.873932
0.875340
0.875546
0.873409
0.874278
0.875059
0.874453
0.874330
0.876446
0.875338
0.873487
0.874724
0.876226
0.874298
0.873540
0.874643
0.874651
0.874001
0.874209
0.874858
0.874892
0.873736
0.873743
0.875329
0.874627
0.874231
0.875645
0.876265
0.874339
0.874383
0.874852
0.874158
0.874106
0.876469
0.875833
0.874227
0.874626
0.875324
0.873745
0.873817
0.874955
0.874659
0.874003
0.874008
0.874662
0.874959
0.873859
0.874312
0.875972
0.874468
0.873743
0.875430
0.876268
0.874333
0.874318
0.750146
0.749266
0.748724
0.750888
0.751546
0.749778
0.750268
0.752146
0.749138
0.748762
0.750267
0.749563
0.749752
0.749746
0.749798
0.750481
0.748753
0.749136
0.752170
0.750007
0.748725
0.750889
0.751002
0.748853
0.749137
0.749599
0.749070
0.749701
0.751838
0.751634
0.749780
0.750268
0.752145
0.749182
0.748152
0.749871
0.749827
0.749754
0.749743
0.749817
0.750509
0.748781
0.749171
0.752237
0.750040
0.749516
0.751676
0.751853
0.749617
0.748995
0.749599
0.748983
0.748729
0.750888
0.751546
0.749792
0.749637
0.750404
0.748029
0.748781
0.750267
0.749563
0.749763
0.749753
0.749592
0.749625
0.748136
0.749173
0.752169
0.750007
0.748725
0.750889
0.750997
0.748714
0.749283
0.750164
0.749416
0.748863
0.750902
0.750781
0.748735
0.750007
0.752170
0.749162
0.748134
0.749644
0.749587
0.749752
0.749754
0.749587
0.749644
0.748152
0.748034
0.751049
0.750335
0.749024
0.750884
0.750997
0.748714
0.749266
