1.012379
1.008831
1.012170
1.015634
1.008900
1.015909
1.012380
1.011938
1.008777
1.012443
1.015825
1.008762
1.015742
1.012336
1.008808
1.012315
1.015682
1.012289
1.008669
1.015608
1.008973
1.015668
1.012141
1.008624
1.012114
1.016052
1.012110
1.008648
1.012143
1.015668
1.008973
1.015667
1.012025
1.008765
1.015851
1.008743
1.015384
1.008872
1.015804
1.008770
1.015824
1.012375
1.012260
1.008631
1.015608
1.009026
1.015668
1.012143
1.008590
1.012114
1.015962
1.008826
1.012166
1.015634
1.008900
1.015954
1.008783
1.011971
1.015763
1.009049
1.012211
1.015337
1.008872
1.015915
1.012067
1.008699
1.015793
1.012289
1.008583
1.012321
1.016006
1.012215
1.008685
1.012013
1.015481
1.008897
1.015446
1.008628
1.015723
1.008976
1.012359
1.015603
1.008674
1.015718
1.008969
1.015864
1.012125
1.008802
1.015915
1.012065
1.008722
1.015852
1.008792
1.015297
1.008827
1.012528
1.012382
1.012253
1.011916
1.015400
1.003044
1.001443
1.002768
1.004214
1.001517
1.004445
1.002932
1.002626
1.001515
1.003057
1.004288
1.001374
1.004323
1.002947
1.001429
1.002916
1.004347
1.002848
1.001322
1.004270
1.001654
1.004270
1.002848
1.001355
1.002791
1.004470
1.002825
1.001403
1.002831
1.004288
1.001654
1.004258
1.002723
1.001476
1.004489
1.001485
1.004047
1.001585
1.004326
1.001389
1.004312
1.003037
1.002878
1.001305
1.004233
1.001716
1.004259
1.002878
1.001305
1.002820
1.004474
1.001487
1.002792
1.004164
1.001516
1.004473
1.001485
1.002645
1.004286
1.001741
1.002877
1.004012
1.001585
1.004406
1.002726
1.001444
1.004412
1.002872
1.001250
1.002938
1.004460
1.002886
1.001496
1.002737
1.004165
1.001651
1.004158
1.001367
1.004238
1.001575
1.003030
1.004231
1.001357
1.004246
1.001662
1.004329
1.002738
1.001528
1.004377
1.002745
1.001485
1.004383
1.001494
1.004015
1.001536
1.003088
1.002909
1.002883
1.002704
1.004152
1.000862
1.000672
1.000662
1.000322
0.999941
1.000325
1.000695
1.000646
1.000554
1.000516
1.000532
1.000598
1.000638
1.000630
1.000649
1.000541
1.000507
1.000518
1.000651
1.000698
1.000427
1.000047
1.000263
1.000674
1.000692
1.000845
1.000785
1.000870
1.000337
0.999985
1.000334
1.000772
1.000694
1.000557
1.000564
1.000597
1.000650
1.000639
1.000614
1.000648
1.000565
1.000543
1.000549
1.000691
1.000808
1.000454
0.999991
1.000303
1.000749
1.000752
1.000968
1.000829
1.000756
1.000325
1.000054
1.000393
1.000690
1.000670
1.000532
1.000528
1.000579
1.000561
1.000565
1.000643
1.000639
1.000576
1.000512
1.000514
1.000613
1.000787
1.000333
0.999929
1.000286
1.000677
1.000742
1.000893
1.000715
1.000787
1.000371
0.999967
1.000325
1.000772
1.000661
1.000503
1.000532
1.000565
1.000666
1.000651
1.000583
1.000629
1.000612
1.000516
1.000537
1.000757
1.000781
1.000319
0.999948
1.000349
1.000759
1.000719
1.001399
1.001753
1.001310
1.001130
1.001266
1.001567
1.001473
1.001573
1.001686
1.001699
1.001656
1.001866
1.001481
1.001459
1.001928
1.001729
1.001749
1.001731
1.001702
1.001668
1.001623
1.001253
1.001210
1.001311
1.001598
1.001445
1.001688
1.001127
1.001167
1.001287
1.001666
1.001605
1.001720
1.001739
1.001728
1.001683
1.001799
1.001433
1.001489
1.001928
1.001711
1.001733
1.001688
1.001689
1.001599
1.001575
1.001273
1.001215
1.001325
1.001876
1.001517
1.001684
1.001264
1.001141
1.001241
1.001574
1.001547
1.001592
1.001707
1.001752
1.001693
1.001857
1.001474
1.001459
1.001848
1.001656
1.001715
1.001731
1.001725
1.001659
1.001701
1.001238
1.001093
1.001343
1.001845
1.001399
1.001827
1.001379
1.001165
1.001295
1.001666
1.001560
1.001627
1.001709
1.001737
1.001712
1.001928
1.001477
1.001454
1.001938
1.001679
1.001715
1.001775
1.001631
1.001638
1.001758
1.001275
1.001222
1.001364
1.001737
1.000058
1.000162
1.000107
1.000183
1.000324
1.000135
1.000074
1.000052
1.000143
1.000165
1.000070
0.999934
1.000145
1.000168
0.999883
1.000059
1.000231
1.000011
1.000057
0.999999
1.000030
1.000457
1.000169
1.000015
1.000197
1.000111
1.000123
1.000043
1.000042
1.000223
1.000100
1.000102
0.999987
1.000032
1.000181
1.000057
0.999960
1.000215
1.000138
0.999883
1.000059
1.000232
1.000029
0.999984
1.000012
1.000144
1.000357
1.000199
0.999943
1.000009
1.000116
1.000131
1.000108
1.000210
1.000357
1.000144
1.000001
0.999983
1.000077
1.000199
1.000083
0.999924
1.000085
1.000096
0.999936
1.000074
1.000179
1.000019
1.000021
0.999985
1.000081
1.000346
1.000234
0.999988
1.000044
1.000204
1.000004
1.000027
1.000091
1.000223
1.000064
1.000181
1.000026
1.000037
1.000223
1.000048
0.999883
1.000118
1.000189
0.999950
0.999972
1.000234
1.000083
0.999977
1.000095
1.000096
1.000354
1.000110
0.999984
1.000158
1.000035
1.000112
0.999908
0.999991
1.000094
1.000015
1.000088
0.999959
1.000035
1.000060
0.999968
0.999907
1.000052
1.000103
0.999886
1.000017
1.000114
0.999890
0.999996
1.000121
0.999946
1.000085
0.999996
0.999956
1.000196
0.999977
0.999946
1.000076
1.000002
0.999988
1.000068
1.000190
0.999954
0.999961
1.000056
1.000035
0.999900
1.000058
1.000103
0.999886
1.000017
1.000077
0.999961
0.999964
1.000105
1.000017
0.999931
0.999984
0.999992
1.000062
1.000068
0.999920
1.000035
0.999966
0.999947
0.999965
1.000169
0.999950
0.999938
1.000133
1.000069
0.999905
1.000044
1.000091
0.999878
1.000028
1.000128
0.999984
0.999998
1.000048
0.999950
1.000095
1.000097
0.999858
1.000037
1.000243
0.999902
0.999947
1.000155
0.999988
1.000035
1.000203
0.999983
1.000010
1.000127
0.999992
0.999890
1.000079
1.000111
0.999918
0.999993
1.000073
0.999983
0.999953
1.000238
0.999962
1.000037
0.999982
1.000009
1.000070
1.000069
1.000090
0.999800
0.999957
1.000094
0.999933
0.999979
0.999993
0.999953
1.000030
1.000230
1.000031
1.000162
1.000127
0.999969
1.000360
0.999995
0.999853
0.999959
1.000064
0.999952
1.000046
0.999913
0.999934
1.000203
0.999878
1.000002
1.000066
0.999937
0.999972
0.999993
1.000066
0.999956
0.999936
0.999961
1.000413
1.000035
1.000110
1.000141
0.999956
1.000360
1.000002
0.999938
0.999969
1.000049
0.999901
1.000045
0.999786
0.999919
1.000215
1.000014
0.999892
0.999978
1.000034
0.999895
0.999920
1.000111
0.999947
0.999830
1.000021
1.000420
1.000005
1.000083
1.000097
0.999994
1.000223
1.000071
0.999942
0.999964
1.000045
0.999943
1.000089
0.999957
0.999764
1.000043
1.000225
1.000052
0.999971
1.000000
0.999967
0.999981
0.999976
0.999944
0.999986
1.000010
1.000410
0.999976
1.000191
1.000091
0.999996
1.000395
0.999977
0.999915
0.999998
1.000129
0.999876
1.000017
0.999984
1.000067
1.000049
1.000884
1.000861
1.001398
1.000966
1.001236
1.000583
1.000388
1.000695
1.000878
1.000906
1.001355
1.001334
1.000971
1.000971
1.001336
1.001222
1.000928
1.001013
1.000729
1.000458
1.000683
1.001265
1.000890
1.001174
1.000762
1.000831
1.000801
1.001152
1.000932
1.001288
1.000617
1.000347
1.000559
1.000987
1.000994
1.001193
1.001330
1.000953
1.001076
1.001484
1.001256
1.001096
1.001052
1.000685
1.000480
1.000461
1.001084
1.001024
1.001508
1.000981
1.000949
1.000906
1.001344
1.000805
1.000985
1.000503
1.000393
1.000632
1.000802
1.000798
1.001140
1.001377
1.001020
1.000924
1.001172
1.001142
1.000967
1.001004
1.000675
1.000393
1.000605
1.001235
1.000966
1.001393
1.000882
1.000917
1.000914
1.001204
1.000895
1.001243
1.000594
1.000349
1.000625
1.000987
1.000879
1.001089
1.001240
1.000964
1.001028
1.001417
1.001183
1.000986
1.001059
1.000683
1.000431
1.000485
1.000914
1.000775
1.001344
1.000890
1.000001
1.000021
0.999923
0.999970
0.999880
1.000390
1.000030
1.000219
1.000364
0.999923
0.999974
1.000030
0.999975
0.999957
1.000057
1.000103
0.999979
1.000412
1.000271
1.000035
1.000126
1.000004
1.000059
0.999916
1.000067
0.999965
0.999915
1.000019
1.000108
0.999892
1.000394
1.000020
1.000228
1.000314
1.000037
0.999921
1.000038
0.999922
1.000055
1.000096
0.999936
0.999993
1.000414
1.000163
1.000107
1.000341
0.999896
1.000048
0.999992
1.000023
1.000006
0.999955
0.999912
1.000100
1.000057
1.000176
1.000019
1.000298
1.000497
1.000081
0.999902
1.000075
1.000070
0.999928
1.000064
0.999903
0.999988
1.000301
1.000237
1.000037
1.000340
0.999887
0.999970
0.999931
1.000001
1.000034
1.000020
1.000133
1.000048
0.999837
1.000393
1.000028
1.000207
1.000317
1.000056
0.999878
1.000030
0.999934
1.000011
1.000111
0.999921
0.999986
1.000280
1.000189
1.000079
1.000289
0.999880
1.000055
1.000027
1.000013
1.000553
1.000599
1.000264
1.000795
1.000397
1.000667
1.000793
1.000633
1.000641
1.000935
1.000567
1.000547
1.000680
1.000696
1.000590
1.000570
1.000801
1.000641
1.000642
1.000897
1.000904
1.000393
1.000518
1.000191
1.000670
1.000660
1.000751
1.000264
1.000637
1.000346
1.000599
1.000705
1.000633
1.000619
1.000812
1.000588
1.000561
1.000692
1.000704
1.000521
1.000410
1.000679
1.000602
1.000621
1.000806
1.000692
1.000238
1.000436
1.000045
1.000505
1.000502
1.000673
1.000198
1.000351
1.000240
1.000839
1.000812
1.000602
1.000615
1.000814
1.000549
1.000574
1.000716
1.000730
1.000593
1.000660
1.000911
1.000621
1.000638
1.000772
1.000702
1.000472
1.000813
1.000267
1.000455
1.000371
1.000367
1.000166
1.000565
1.000219
1.000666
1.000793
1.000641
1.000629
1.000672
1.000441
1.000592
1.000732
1.000714
1.000568
1.000583
1.000804
1.000713
1.000689
1.000751
1.000641
1.000255
1.000387
1.000030
1.000467
1.000805
1.001028
1.000919
1.001259
1.001311
1.000404
1.001004
1.001191
1.000664
1.000692
1.001130
1.001338
1.001523
1.001529
1.001364
1.001071
1.000638
1.000570
1.001063
1.000998
1.000647
1.001479
1.001206
1.000914
1.001000
1.000785
1.001030
1.000933
1.001197
1.001168
1.000573
1.001116
1.001142
1.000714
1.000679
1.001065
1.001360
1.001572
1.001585
1.001409
1.001159
1.000687
1.000624
1.001173
1.001096
1.000544
1.001212
1.001237
1.000952
1.001031
1.000860
1.001064
1.000996
1.001362
1.001559
1.000789
1.001142
1.001182
1.000713
1.000645
1.001101
1.001415
1.001542
1.001584
1.001404
1.001177
1.000731
1.000689
1.001234
1.001127
1.000616
1.001432
1.001179
1.000865
1.001031
1.000845
1.001015
1.000889
1.001259
1.001318
1.000419
1.001015
1.001191
1.000710
1.000755
1.001236
1.001377
1.001487
1.001542
1.001384
1.001111
1.000722
1.000632
1.001058
1.001128
1.000490
1.001382
1.001348
1.000883
1.000992
1.000059
0.999935
1.000026
1.000221
1.000291
1.000326
1.000159
1.000044
0.999918
0.999978
1.000212
1.000097
1.000014
1.000033
1.000057
1.000171
1.000025
0.999862
1.000054
1.000229
1.000103
1.000020
1.000178
1.000122
1.000048
0.999967
0.999990
1.000132
1.000162
1.000373
1.000301
1.000085
1.000049
1.000000
0.999990
1.000102
1.000105
1.000063
1.000048
1.000104
1.000193
0.999982
0.999972
1.000067
1.000132
1.000077
1.000268
1.000163
1.000078
0.999997
0.999975
0.999962
1.000014
1.000194
1.000143
1.000149
1.000121
1.000080
0.999952
1.000055
1.000101
1.000030
1.000041
1.000045
1.000122
1.000054
0.999992
1.000026
1.000033
1.000238
1.000113
1.000001
1.000218
1.000230
0.999959
0.999959
1.000048
1.000076
1.000206
1.000292
1.000265
1.000139
1.000051
0.999956
1.000004
1.000176
1.000042
0.999971
1.000118
1.000082
1.000111
1.000008
0.999887
1.000032
1.000195
1.000141
1.000211
1.000224
1.000109
0.999966
1.000003
0.999965
1.000105
0.999991
0.999918
1.000136
1.000196
0.999984
0.999907
1.000007
1.000136
1.000011
0.999932
0.999963
1.000015
1.000122
1.000023
0.999870
1.000010
1.000122
1.000096
0.999907
0.999906
1.000157
1.000079
0.999917
1.000025
1.000157
0.999991
0.999814
1.000096
1.000211
0.999983
0.999968
0.999994
1.000099
0.999995
1.000003
0.999950
0.999965
1.000151
1.000024
0.999931
0.999907
1.000243
1.000066
0.999834
1.000021
1.000118
0.999973
0.999974
1.000006
1.000129
1.000026
0.999879
1.000125
1.000089
0.999996
0.999929
1.000055
1.000101
0.999955
0.999958
0.999977
1.000039
1.000063
0.999988
0.999945
0.999954
1.000240
1.000103
0.999757
0.999969
1.000215
1.000005
0.999868
1.000086
1.000157
0.999937
1.000009
1.000119
1.000058
1.000007
0.999947
0.999954
1.000166
1.000019
0.999894
1.000039
1.000028
1.000062
1.000004
0.999914
0.999960
1.000268
1.000160
0.999799
1.000011
1.000158
0.999963
0.999996
1.000011
0.999969
0.999925
0.999905
1.000052
1.000168
1.000024
0.999919
0.999961
1.000036
0.999980
0.999882
0.999938
1.000099
1.000089
0.999982
0.999919
1.000091
1.000111
0.999984
0.999956
0.999888
1.000040
1.000072
0.999953
1.000060
1.000035
0.999977
0.999796
1.000000
1.000194
1.000024
0.999955
0.999960
0.999914
0.999990
0.999998
0.999884
0.999956
1.000046
0.999983
0.999954
0.999911
1.000151
1.000076
0.999835
1.000048
1.000010
1.000055
0.999983
1.000079
1.000025
0.999967
0.999875
1.000000
1.000077
0.999956
0.999954
0.999978
0.999973
0.999925
0.999899
0.999939
1.000090
1.000017
0.999938
0.999944
1.000046
1.000191
1.000008
0.999779
0.999956
1.000085
1.000128
0.999911
1.000156
1.000043
0.999919
1.000013
1.000032
1.000049
0.999968
0.999958
0.999945
1.000135
1.000074
0.999830
0.999957
1.000090
1.000016
0.999965
0.999881
0.999973
1.000229
1.000002
0.999820
0.999982
1.000031
1.000059
0.999988
1.000003
0.999956
0.999840
1.000244
1.000043
0.999990
1.000251
1.000012
0.999896
0.999968
1.000268
0.999863
0.999910
1.000094
0.999980
0.999875
0.999963
1.000261
1.000011
1.000081
0.999983
0.999860
0.999904
1.000018
1.000206
1.000017
0.999948
0.999858
1.000077
1.000088
1.000036
1.000278
0.999974
0.999896
0.999902
1.000338
0.999961
0.999877
1.000271
0.999953
0.999927
0.999951
1.000219
0.999963
1.000164
0.999941
0.999866
0.999937
1.000026
1.000122
1.000024
0.999965
0.999859
1.000263
1.000035
0.999999
1.000516
0.999957
0.999882
0.999967
1.000271
0.999867
0.999910
1.000095
0.999986
0.999833
0.999980
1.000283
0.999952
1.000023
0.999904
0.999879
0.999942
1.000011
1.000148
1.000064
0.999933
0.999850
1.000022
1.000021
0.999981
1.000531
1.000005
0.999879
1.000022
1.000058
0.999843
0.999895
1.000092
0.999976
0.999897
0.999960
1.000639
1.000079
1.000013
1.000063
0.999907
0.999945
0.999996
1.002642
1.002427
1.002157
1.001588
1.001715
1.002421
1.001968
1.002631
1.002792
1.002590
1.002585
1.002313
1.001576
1.001777
1.002450
1.002544
1.002601
1.002861
1.002686
1.001703
1.002196
1.001849
1.001755
1.002200
1.002424
1.002562
1.002382
1.002168
1.001567
1.001703
1.002095
1.001628
1.002619
1.002827
1.002655
1.002552
1.002245
1.001556
1.001604
1.002280
1.002552
1.002656
1.002800
1.002609
1.001735
1.002221
1.001720
1.001597
1.002203
1.002515
1.002593
1.002351
1.002131
1.001419
1.001357
1.002098
1.001585
1.002400
1.002864
1.002590
1.002706
1.002456
1.001575
1.001777
1.002450
1.002548
1.002667
1.002926
1.002703
1.001789
1.002328
1.001927
1.001658
1.002103
1.002462
1.002538
1.002376
1.002226
1.001630
1.001755
1.002347
1.001583
1.002409
1.002823
1.002600
1.002568
1.002499
1.001785
1.001763
1.002456
1.002585
1.002727
1.002887
1.002340
1.001621
1.002377
1.001701
1.001496
1.002118
1.002487
1.000056
1.000707
1.000968
1.001255
1.000460
1.000579
1.000023
1.000170
1.000034
1.000359
1.001001
1.000832
1.001107
1.000934
1.000724
1.001121
1.000462
1.000036
1.000200
1.000065
1.000459
1.000361
1.000811
1.000697
1.000658
1.000058
1.000427
1.000839
1.000948
1.000397
1.000642
1.000197
1.000130
1.000019
1.000474
1.000826
1.000627
1.000935
1.000961
1.000636
1.000828
1.000472
1.000086
1.000247
1.000161
1.000457
1.000503
1.000974
1.000712
1.000420
1.000010
1.000451
1.000821
1.001322
1.000660
1.000814
1.000143
1.000234
1.000033
1.000438
1.000940
1.000702
1.001093
1.000934
1.000732
1.001093
1.000413
0.999997
1.000174
1.000097
1.000506
1.000281
1.001236
1.000934
1.000675
1.000078
1.000682
1.000830
1.001309
1.000457
1.000559
1.000146
1.000195
1.000015
1.000460
1.001099
1.000780
1.001067
1.001088
1.000798
1.000958
1.000335
0.999983
1.000202
1.000065
1.000466
1.000546
1.001406
1.000939
1.000636
0.999969
0.999874
1.000116
1.000090
1.000014
1.000024
1.000060
0.999983
0.999944
1.000059
1.000044
0.999963
1.000084
1.000040
0.999961
1.000054
1.000001
0.999938
0.999994
1.000047
1.000033
1.000075
1.000274
0.999991
1.000006
1.000034
0.999980
1.000019
1.000199
1.000060
1.000004
1.000031
0.999998
0.999957
1.000073
1.000017
0.999994
1.000091
1.000050
0.999982
1.000029
1.000049
0.999946
0.999994
1.000060
1.000034
1.000019
1.000276
1.000021
0.999981
1.000014
0.999923
1.000061
1.000127
0.999957
0.999932
1.000052
1.000004
0.999944
1.000069
1.000005
1.000000
1.000106
1.000025
0.999950
1.000074
1.000001
0.999922
1.000029
1.000147
0.999993
0.999947
1.000089
1.000135
0.999898
0.999902
0.999934
1.000103
1.000105
0.999956
0.999943
1.000075
1.000039
0.999921
1.000036
1.000027
0.999959
1.000069
1.000084
0.999967
1.000052
1.000035
0.999924
0.999998
1.000047
1.000051
1.000003
1.000069
1.000069
0.999983
1.001049
1.000602
1.000204
1.000080
1.000106
1.000104
1.000734
1.000658
1.000535
1.000395
1.000075
0.999937
1.000067
1.000048
0.999945
1.000051
1.000454
1.000644
1.000726
1.001079
1.000239
1.000186
0.999970
1.000088
1.000349
1.001144
1.000572
1.000247
0.999987
1.000221
1.000126
1.000890
1.000721
1.000542
1.000516
1.000117
0.999935
1.000079
1.000053
0.999937
1.000061
1.000371
1.000627
1.000914
1.001118
1.000322
1.000233
0.999945
1.000341
1.000703
1.001118
1.000589
1.000222
1.000077
1.000127
1.000270
1.001245
1.000840
1.000542
1.000422
1.000063
0.999959
1.000096
1.000047
0.999931
1.000115
1.000410
1.000637
1.001001
1.001081
1.000211
1.000219
1.000013
1.000261
1.000550
1.001171
1.000622
1.000137
1.000044
1.000070
1.000273
1.001258
1.000800
1.000537
1.000398
1.000051
0.999963
1.000061
1.000078
0.999930
1.000123
1.000574
1.000630
1.000726
1.001051
1.000227
1.000167
1.000032
1.000074
1.000345
1.000161
0.999972
0.999939
1.000015
0.999928
1.000202
1.000118
0.999934
1.000083
1.000113
0.999883
0.999975
1.000047
1.000034
0.999984
0.999980
1.000054
1.000056
0.999936
0.999941
1.000183
0.999996
0.999939
0.999956
1.000069
1.000148
1.000014
0.999911
0.999985
1.000004
1.000162
0.999948
0.999899
1.000101
1.000127
0.999885
0.999922
1.000060
1.000052
0.999934
0.999855
1.000079
1.000102
1.000033
1.000055
1.000099
0.999995
0.999914
0.999978
1.000050
1.000111
0.999973
0.999939
1.000005
0.999961
1.000188
1.000069
0.999980
1.000063
1.000114
0.999877
0.999990
1.000046
1.000055
0.999995
0.999956
1.000062
1.000052
0.999967
0.999976
1.000242
0.999976
0.999927
0.999980
1.000073
1.000128
1.000014
0.999992
0.999949
0.999967
1.000197
1.000039
1.000066
0.999997
1.000005
0.999988
1.000008
1.000050
1.000034
0.999928
0.999914
1.000129
1.000114
0.999857
0.999991
1.000305
0.999934
1.000014
0.999952
0.999979
0.999989
0.999957
1.000577
1.000410
1.000769
1.000312
1.000075
1.000098
1.000170
1.000075
0.999897
1.000399
1.000120
1.000126
1.000377
0.999987
1.000073
1.000197
1.000205
0.999920
1.000612
1.000695
1.000550
1.000850
1.000008
1.000078
1.000006
1.000603
1.000430
1.000769
1.000617
0.999918
1.000125
1.000197
1.000131
1.000010
1.000383
1.000095
1.000083
1.000399
1.000019
1.000135
1.000287
1.000057
0.999928
1.000585
1.000690
1.000349
1.000230
1.000047
0.999917
0.999942
1.000632
1.000439
1.000792
1.000408
1.000017
1.000093
1.000159
1.000076
0.999960
1.000252
1.000065
1.000078
1.000239
0.999960
1.000016
1.000298
1.000180
1.000000
1.000314
1.000624
1.000279
1.000258
1.000087
1.000042
1.000051
1.000646
1.000383
1.000661
1.000382
1.000000
1.000076
1.000273
1.000059
0.999977
1.000240
1.000082
1.000067
1.000266
0.999994
1.000115
1.000151
1.000203
0.999970
1.000319
1.000700
1.000513
1.000772
0.999931
0.999906
1.000141
1.000190
1.000051
0.999987
1.000143
1.000170
1.000033
0.999990
1.000168
1.000275
0.999938
1.000059
1.000049
0.999972
1.000311
1.000022
1.000013
0.999934
1.000319
1.000119
1.000002
0.999998
0.999984
1.000023
1.000027
1.000101
1.000170
1.000051
0.999979
1.000126
1.000477
0.999974
1.000048
1.000098
1.000302
1.000178
1.000279
1.000109
1.000029
1.000295
1.000098
1.000038
0.999956
1.000423
1.000120
1.000050
0.999964
1.000445
1.000074
0.999990
0.999996
1.000152
1.000060
0.999988
1.000069
1.000293
0.999982
1.000013
1.000082
1.000187
1.000070
1.000109
1.000251
1.000279
1.000460
1.000076
0.999999
1.000070
1.000598
1.000166
1.000067
1.000052
1.000359
1.000030
1.000001
1.000163
1.000075
0.999930
1.000042
1.000048
1.000388
1.000049
0.999959
1.000031
1.000316
1.000032
1.000081
1.000113
1.000035
1.000130
1.000145
1.000045
0.999858
1.000295
1.000227
0.999960
1.000109
1.000114
0.999969
1.001033
1.001143
1.000081
1.000481
0.999958
1.000080
1.000740
1.000724
1.000238
1.000607
1.000492
1.000636
1.001017
1.001037
1.000710
1.000549
1.000773
1.000477
1.000842
1.000758
1.000243
1.000149
1.000790
1.000488
1.001213
1.000958
1.000930
1.000075
1.000481
1.000037
1.000240
1.000488
1.000616
1.000283
1.000578
1.000422
1.000499
1.000896
1.001022
1.000632
1.000564
1.000726
1.000302
1.000617
1.000488
1.000229
1.000231
1.000909
1.000491
1.001237
1.001018
1.001237
1.000430
1.000820
1.000213
1.000340
1.000761
1.000639
1.000571
1.000871
1.000441
1.000595
1.001030
1.000908
1.000456
1.000421
1.000571
1.000280
1.000528
1.000248
1.000046
0.999991
1.000591
1.000247
1.001143
1.001125
1.001006
1.000215
1.000674
1.000017
1.000154
1.000422
1.000521
1.000463
1.000797
1.000583
1.000714
1.001046
1.001029
1.000610
1.000552
1.000609
1.000213
1.000682
1.000807
1.000429
1.000029
1.000466
1.000297
1.001263
1.001929
1.002021
1.001706
1.001421
1.001054
1.001217
1.000746
1.000887
1.001769
1.000853
1.000653
1.001308
1.000429
1.000203
1.000818
1.000473
1.000786
1.001703
1.000878
1.000515
1.001048
1.001010
1.001004
1.001381
1.002060
1.001938
1.002242
1.001674
1.001185
1.001085
1.001077
1.000395
1.000496
1.001355
1.000720
1.000562
1.001171
1.000383
1.000392
1.001271
1.000542
1.000749
1.001499
1.000495
1.000395
1.001069
1.000957
1.001152
1.001572
1.002034
1.001831
1.001983
1.001552
1.001185
1.001025
1.001095
1.000439
1.000475
1.001340
1.000695
1.000528
1.001214
1.000432
1.000204
1.000839
1.000498
1.000754
1.001352
1.000697
1.000752
1.001261
1.001116
1.001457
1.001968
1.002174
1.001786
1.002183
1.001541
1.001053
1.001067
1.001039
1.000777
1.001162
1.001772
1.000791
1.000439
1.000828
1.000224
1.000408
1.001192
1.000464
1.000881
1.001868
1.000670
1.000344
1.001083
1.001173
1.001499
1.001754
1.002060
1.000084
1.000005
1.000008
1.000066
0.999945
1.000079
1.000143
0.999954
1.000045
1.000137
1.000073
0.999893
0.999948
1.000140
0.999987
0.999937
1.000165
1.000068
1.000036
1.000110
1.000002
1.000027
0.999987
1.000054
1.000028
1.000078
1.000002
1.000024
1.000038
0.999999
1.000041
1.000047
0.999878
1.000053
1.000129
0.999992
0.999942
1.000098
1.000108
0.999916
1.000067
1.000202
1.000076
0.999879
1.000057
1.000037
1.000014
1.000028
1.000020
1.000012
1.000120
1.000061
0.999966
1.000043
0.999985
1.000094
1.000143
0.999843
1.000052
1.000116
1.000109
0.999930
0.999984
1.000035
0.999905
1.000026
1.000144
1.000037
0.999901
1.000059
1.000014
0.999989
1.000057
0.999986
1.000054
1.000091
1.000008
1.000057
0.999967
0.999955
1.000071
1.000181
0.999893
0.999951
1.000108
1.000091
0.999977
0.999991
1.000098
0.999938
0.999993
1.000157
1.000061
1.000005
1.000159
0.999998
1.000019
1.000071
0.999998
1.000006
1.000087
0.999987
0.999919
1.000216
1.000242
1.000373
1.000687
1.000374
1.000278
1.000472
1.000422
1.000100
1.000788
1.000552
1.000051
1.000630
1.000365
1.000283
1.000602
1.000565
1.000355
1.000289
0.999997
0.999976
1.000004
1.000077
0.999992
0.999913
1.000059
1.000367
1.000286
1.000417
1.000288
1.000297
1.000465
1.000599
1.000004
1.000510
1.000538
0.999870
1.000430
1.000426
1.000141
1.000043
1.000401
1.000289
1.000325
1.000212
0.999907
1.000004
1.000071
0.999993
0.999913
1.000067
1.000198
1.000185
1.000384
1.000037
1.000198
1.000489
1.000424
1.000120
1.000789
1.000762
1.000305
1.000759
1.000542
1.000296
1.000274
1.000373
1.000172
1.000261
1.000049
0.999933
0.999986
1.000061
1.000021
0.999932
1.000371
1.000462
1.000343
1.000817
1.000495
1.000083
1.000416
1.000395
1.000078
1.000770
1.000562
1.000063
1.000700
1.000526
1.000278
1.000410
1.000628
1.000255
1.000271
1.000205
0.999930
0.999997
1.000729
1.001011
1.000198
1.000193
1.001786
1.001199
1.001397
1.002242
1.000664
1.000751
1.000523
1.000982
1.001051
1.001018
1.001091
1.000661
1.001040
1.000493
1.001757
1.001446
1.000959
1.001778
1.000685
1.000348
1.000706
1.000078
1.000718
1.000351
1.000623
1.001940
1.001227
1.001491
1.001858
1.000299
1.001034
1.000827
1.001007
1.000965
1.000984
1.000923
1.000564
1.001098
1.001048
1.002374
1.001493
1.001244
1.001628
1.000184
1.000176
1.001003
1.000674
1.001041
1.000626
1.000435
1.001633
1.001245
1.001495
1.002130
1.000528
1.000964
1.000777
1.001081
1.001044
1.001046
1.001095
1.000796
1.000990
1.000300
1.001856
1.001444
1.001171
1.001942
1.000628
1.000310
1.000638
1.000072
1.000634
1.000385
1.000206
1.001328
1.000907
1.001099
1.002011
1.001026
1.001063
1.000538
1.000972
1.001068
1.001044
1.001091
1.000623
1.000740
1.000664
1.002240
1.001383
1.001155
1.002060
1.000621
1.000447
1.001095
0.999856
1.000128
1.000337
1.000157
1.000110
0.999968
0.999962
1.000150
1.000111
1.000087
1.000093
0.999970
1.000031
1.000027
0.999964
1.000013
1.000070
1.000081
1.000076
1.000005
1.000030
1.000011
1.000307
1.000514
1.000018
0.999903
1.000029
1.000554
1.000322
0.999956
0.999965
1.000021
1.000186
1.000046
1.000026
1.000020
0.999961
1.000075
1.000063
0.999976
1.000078
1.000036
0.999963
1.000122
0.999981
0.999938
1.000055
1.000160
1.000337
1.000071
1.000010
1.000089
1.000065
1.000143
1.000019
0.999940
1.000001
1.000179
1.000049
1.000104
1.000040
0.999960
1.000041
1.000058
0.999950
1.000076
1.000038
1.000002
1.000106
1.000044
1.000001
1.000003
1.000317
1.000310
1.000069
0.999919
1.000101
1.000152
1.000296
1.000113
0.999988
1.000027
1.000033
1.000037
1.000044
1.000069
1.000009
1.000003
1.000026
0.999951
1.000053
1.000111
1.000110
1.000064
1.000024
1.000009
0.999974
1.000244
1.000342
1.000033
0.999812
0.999965
1.000107
1.000115
0.999881
1.000002
0.999952
0.999976
1.000075
0.999982
1.000286
1.000128
0.999994
0.999946
0.999997
1.000084
0.999988
1.000091
1.000007
0.999957
0.999927
0.999919
1.000075
1.000134
1.000011
0.999954
0.999985
1.000111
1.000091
0.999887
0.999976
0.999960
0.999938
1.000032
0.999901
1.000159
1.000070
1.000019
1.000086
1.000197
1.000102
0.999936
1.000012
0.999963
0.999928
0.999983
0.999875
1.000487
1.000125
0.999895
1.000008
1.000073
1.000047
1.000476
0.999873
0.999998
1.000047
1.000007
1.000046
1.000003
1.000110
1.000143
0.999996
0.999953
1.000003
1.000163
0.999939
0.999990
1.000084
1.000060
1.000001
0.999944
1.000429
1.000133
1.000014
0.999998
0.999885
1.000109
1.000129
0.999886
0.999988
1.000080
0.999986
1.000124
1.000011
1.000339
1.000233
0.999958
0.999973
1.000126
1.000259
1.000007
1.000040
1.000067
1.000078
1.000021
0.999890
1.000074
1.000171
0.999985
0.999805
1.000018
1.000209
1.000044
0.999871
0.999988
1.000556
0.999969
1.000024
0.999947
1.000028
1.000273
0.999970
0.999845
1.000879
1.000152
0.999969
1.000033
1.000006
1.000734
0.999934
0.999997
1.000072
1.000131
1.000015
1.000020
1.000031
1.000034
0.999978
0.999902
1.000022
1.000399
0.999967
1.000057
0.999918
1.000190
1.000959
0.999829
0.999966
1.000243
1.000077
0.999990
1.000080
0.999941
1.000611
0.999990
0.999844
0.999960
1.000208
0.999969
0.999940
1.000069
1.000040
0.999993
0.999961
0.999993
1.000532
0.999988
1.000033
0.999987
1.000020
1.000290
0.999973
0.999844
1.000740
1.000103
0.999937
0.999999
1.000030
1.000698
0.999941
0.999974
1.000032
1.000086
1.000055
0.999978
0.999903
1.000089
1.000009
0.999903
0.999961
1.000487
0.999999
0.999969
0.999981
1.000038
1.000512
0.999910
0.999934
1.000527
1.000039
0.999966
0.999975
1.000033
1.000085
0.999990
0.999912
0.999929
1.000170
1.000065
0.999861
1.000332
1.000483
1.000002
1.000557
1.000838
1.000401
1.000000
1.000185
1.000590
1.000511
1.000292
1.000819
1.000792
1.000242
1.000518
1.000653
1.000185
1.000084
1.000235
1.000742
1.000287
1.000021
1.000651
1.000485
1.000131
1.000457
1.000780
1.000140
1.000684
1.001184
1.000687
1.000049
1.000161
1.000616
1.000488
1.000346
1.001080
1.000848
1.000107
1.000343
1.000497
1.000146
0.999907
1.000428
1.000864
1.000700
0.999992
1.000547
1.000714
1.000163
1.000491
1.000838
0.999979
1.000324
1.000980
1.000397
1.000021
1.000242
1.000531
1.000363
1.000293
1.001098
1.000783
1.000094
1.000359
1.000616
1.000306
1.000032
1.000414
1.000993
1.000315
1.000022
1.000388
1.000455
1.000053
1.000432
1.001015
1.000126
1.000539
1.000772
1.000397
0.999995
1.000294
1.000589
1.000416
1.000302
1.001037
1.001056
1.000302
1.000416
1.000588
1.000140
1.000008
1.000816
1.000920
1.000664
1.000122
1.000902
1.000327
1.001687
1.001336
1.002351
1.002475
1.002718
1.001870
1.001029
1.001832
1.001069
1.001261
1.000950
1.001025
1.001280
1.001329
1.001036
1.000938
1.001289
1.000912
1.001331
1.001075
1.001986
1.002781
1.002423
1.001937
1.000987
1.001655
1.001499
1.001929
1.001921
1.002484
1.001780
1.000894
1.001333
1.000878
1.001285
1.000876
1.000486
1.000860
1.001135
1.000896
1.001019
1.001316
1.001114
1.001846
1.001258
1.001950
1.002520
1.002183
1.002172
1.001460
1.001629
1.000936
1.002115
1.002641
1.002853
1.001906
1.001107
1.001847
1.001052
1.001263
1.001051
1.000806
1.000982
1.001332
1.001135
1.001050
1.001228
1.000674
1.001195
1.000915
1.001783
1.002771
1.002424
1.002195
1.001504
1.001981
1.001226
1.001870
1.002258
1.002727
1.002112
1.001296
1.001809
1.001043
1.001261
1.000969
1.000788
1.001026
1.001015
1.000774
1.000967
1.001215
1.001115
1.001725
1.001053
1.002050
1.002685
1.002232
1.002153
1.001350
1.000089
0.999985
0.999988
1.000097
1.000023
0.999974
0.999992
1.000495
0.999978
1.000068
0.999998
1.000115
0.999969
0.999945
1.000140
1.000034
1.000049
1.000015
1.000768
0.999968
0.999949
1.000133
1.000059
0.999919
1.000122
1.000058
1.000054
0.999911
1.000040
1.000090
0.999949
0.999949
1.001102
1.000000
1.000099
0.999992
1.000112
0.999982
0.999939
1.000090
1.000059
0.999921
0.999959
1.000528
0.999984
1.000021
1.000031
1.000029
0.999929
1.000084
1.000069
1.000125
1.000010
1.000049
1.000034
0.999979
0.999948
1.000491
0.999978
1.000068
1.000004
1.000074
0.999967
0.999970
1.000079
0.999959
1.000126
1.000106
1.001113
0.999921
0.999965
1.000133
1.000053
0.999914
1.000069
1.000006
1.000094
1.000032
1.000099
1.000085
0.999975
0.999925
1.000185
1.000049
1.000068
1.000011
1.000095
0.999948
0.999981
1.000109
0.999954
1.000129
1.000129
1.000699
0.999893
0.999992
1.000059
1.000096
0.999916
0.999989
1.000113
1.000028
0.999924
1.000061
1.000008
0.999951
1.000049
1.000092
1.000055
0.999857
1.000056
1.000065
0.999939
0.999933
1.000127
1.000116
0.999809
1.000127
1.000102
0.999963
0.999992
1.000032
1.000017
0.999998
1.000079
0.999986
0.999977
0.999911
1.000008
1.000044
0.999935
1.000048
1.000096
1.000067
0.999829
0.999979
1.000088
0.999942
0.999929
1.000073
1.000069
0.999913
1.000086
1.000074
1.000099
1.000002
0.999963
0.999994
0.999993
1.000043
1.000036
1.000038
0.999983
0.999996
1.000011
1.000039
1.000079
1.000100
1.000061
0.999849
1.000071
1.000057
0.999943
0.999912
1.000040
1.000020
0.999891
1.000103
0.999980
0.999931
1.000010
1.000036
0.999975
0.999942
1.000000
0.999969
1.000042
1.000045
1.000001
1.000009
1.000015
0.999956
1.000057
1.000104
0.999864
1.000071
1.000061
0.999930
0.999952
1.000080
0.999958
0.999820
1.000120
0.999954
0.999930
1.000018
1.000026
1.000050
0.999908
1.000078
1.000141
0.999940
1.000963
1.000353
1.000014
1.000888
1.000688
1.000305
1.000252
0.999919
1.000871
1.000222
1.000318
1.000231
1.000123
1.000860
0.999886
1.000697
1.000375
1.000828
1.000895
0.999976
1.000213
1.000438
1.000073
1.000599
1.000122
1.000971
1.000363
1.000014
1.000879
1.000849
1.000266
1.000263
0.999980
1.001278
1.000243
1.000378
1.000237
1.000440
1.001430
1.000046
1.000078
1.000207
1.000731
1.001269
1.000288
1.000287
1.000441
0.999979
1.000056
1.000011
1.000599
1.000344
1.000080
1.001124
1.000891
1.000262
1.000194
0.999882
1.000658
1.000111
1.000256
1.000387
1.000245
1.000669
0.999979
1.000972
1.000410
1.000971
1.000868
0.999982
1.000417
1.000662
1.000084
1.000624
1.000070
1.000449
1.000313
0.999996
1.000887
1.000935
1.000371
1.000415
0.999981
1.000869
1.000140
1.000248
1.000358
1.000241
1.001317
1.000195
1.000920
1.000408
1.000952
1.001037
1.000074
1.000341
1.000674
0.999957
1.000115
1.000209
1.000627
1.000980
1.000891
1.000514
1.001325
1.000506
1.000174
1.000536
1.000785
1.001534
1.000711
1.000693
1.001519
1.000809
1.000737
1.000098
1.000644
1.001646
1.000632
1.000923
1.000932
1.000738
1.000515
1.000216
1.000280
1.000636
1.000976
1.001193
1.000852
1.001190
1.000320
1.000182
1.000552
1.000575
1.001267
1.000690
1.000487
1.001328
1.000862
1.000667
1.000185
1.000766
1.001928
1.000996
1.001038
1.000918
1.000749
1.000711
1.000848
1.000852
1.000900
1.000976
1.001034
1.000581
1.001056
1.000167
1.000078
1.000494
1.000598
1.001247
1.000669
1.000483
1.001396
1.000880
1.000437
1.000120
1.000398
1.001236
1.000859
1.001174
1.000920
1.000788
1.000552
1.000266
1.000634
1.000923
1.000958
1.000919
1.000602
1.001380
1.000496
1.000056
1.000546
1.000800
1.001519
1.000692
1.000672
1.001482
1.000812
1.000760
1.000188
1.000395
1.001234
1.000679
1.001017
1.000974
1.000820
1.000358
0.999949
1.000632
1.000450
1.000794
1.000708
1.000068
1.000314
0.999997
1.000345
1.000682
1.000068
1.000052
1.000047
0.999975
0.999976
0.999998
1.000583
1.000055
1.000195
1.000183
0.999907
1.000954
1.000950
1.000655
1.000387
1.000010
1.000157
1.000442
1.000865
1.000381
1.000031
1.000446
1.000028
1.000338
1.000681
1.000104
1.000018
0.999966
0.999979
1.000067
1.000167
1.000747
1.000160
1.000008
1.000101
1.000041
1.000624
1.000825
1.000575
1.000274
1.000060
1.000234
1.000480
1.000845
1.000408
1.000045
1.000242
1.000098
1.000246
1.001110
0.999999
1.000034
1.000032
0.999972
1.000008
1.000017
1.000949
1.000134
1.000055
1.000447
1.000013
1.000407
1.000936
1.000670
1.000405
0.999937
1.000174
1.000412
1.000920
1.000958
0.999905
1.000218
1.000201
1.000271
1.000699
1.000015
0.999966
0.999971
1.000049
1.000046
1.000054
1.000579
1.000064
1.000074
1.000447
1.000017
1.000448
1.000911
1.000684
1.000759
1.001061
1.000194
1.000335
1.000649
1.000897
1.000585
1.000300
1.000462
1.000248
1.000847
1.000761
1.000288
1.000955
1.001214
1.000599
1.000994
1.000795
1.000432
1.000789
1.000220
1.000111
1.000601
1.000562
1.000407
1.000137
1.000573
1.000205
1.000382
1.000597
1.001080
1.000666
1.000405
1.001098
1.000658
1.001000
1.000745
1.000447
1.001213
1.001201
1.000475
1.000786
1.000845
1.000480
1.001070
1.000538
1.000516
1.000759
1.000652
1.000394
1.000165
1.000304
1.000178
1.000312
1.000632
1.001068
1.000997
1.000859
1.001425
1.000708
1.000804
1.000992
1.000360
1.000944
1.001209
1.000598
1.001123
1.000953
1.000500
1.001002
1.000573
1.000601
1.000911
1.000592
1.000401
1.000147
1.000742
1.000118
1.000392
1.000602
1.000665
1.000297
1.000406
1.000765
1.000552
1.000966
1.000978
1.000582
1.001209
1.001100
1.000262
1.000589
1.000871
1.000977
1.001407
1.000556
1.000563
1.000889
1.000585
1.000353
1.000265
1.000657
1.000656
1.000529
0.999861
1.000038
1.000912
1.000088
1.000418
0.999997
0.999987
0.999996
1.000825
1.001478
1.001382
1.001109
0.999951
1.000035
1.000030
1.000344
1.000107
1.001078
1.000013
0.999939
1.000060
1.000225
1.000323
1.000697
1.000559
0.999890
1.000021
1.001155
1.000218
1.000134
1.000094
0.999923
1.000017
1.000705
1.001352
1.001391
1.001055
1.000006
0.999952
1.000124
1.000108
1.000155
1.001469
1.000015
0.999872
1.000076
1.000729
1.001120
1.001052
1.000068
0.999836
1.000057
1.000460
0.999962
1.000154
1.000132
0.999982
0.999946
1.001174
1.001488
1.001402
1.001109
0.999956
1.000036
1.000066
1.000322
1.000065
1.001188
1.000016
0.999930
1.000084
1.000815
1.000778
1.000759
1.000091
0.999883
1.000025
1.001208
1.000040
1.000618
1.000124
0.999979
0.999962
1.000766
1.001334
1.001364
1.001082
0.999955
0.999989
1.000038
1.000100
1.000054
1.001182
1.000023
0.999895
1.000462
1.000602
1.000074
1.000116
0.999919
0.999852
1.000150
1.000145
1.000046
0.999991
0.999985
0.999951
1.000051
1.000100
0.999986
0.999992
1.000055
1.000002
0.999999
1.000121
1.000051
0.999947
0.999994
1.000105
0.999944
0.999983
1.000082
1.000105
1.000086
0.999918
0.999917
1.000111
1.000042
0.999952
1.000046
1.000070
0.999921
1.000057
1.000099
0.999980
0.999993
1.000054
1.000051
0.999901
1.000093
1.000049
0.999972
1.000117
1.000129
0.999879
1.000073
1.000054
1.000089
1.000120
1.000031
0.999893
1.000204
1.000092
0.999867
1.000122
1.000093
0.999896
1.000035
1.000059
1.000006
0.999993
1.000046
1.000004
1.000005
1.000111
1.000042
0.999925
1.000032
1.000176
0.999897
1.000042
1.000034
0.999995
1.000057
1.000078
0.999902
1.000200
1.000040
0.999891
1.000050
1.000117
0.999980
0.999950
1.000078
1.000004
1.000011
1.000029
0.999948
1.000014
1.000105
1.000026
0.999911
1.000118
1.000163
0.999853
0.999949
1.000026
1.000065
1.000116
0.999937
1.001668
1.000519
1.000026
0.999998
1.000486
1.000186
1.000943
1.000166
1.000047
0.999922
0.999913
1.000031
1.000163
1.000700
1.000156
1.000140
0.999905
0.999892
1.000893
1.001685
0.999923
1.000046
1.000114
1.000046
0.999926
1.001416
1.000717
0.999912
0.999993
1.000368
1.000155
1.000943
1.000160
1.000093
0.999931
0.999947
1.000032
1.000265
1.000973
1.000133
1.000139
0.999941
1.000027
1.000570
1.001693
1.000032
1.000001
1.000059
1.000060
0.999977
1.001396
1.000548
0.999954
0.999847
1.000177
1.000133
1.000918
1.000165
1.000046
0.999924
0.999927
1.000014
1.000234
1.000848
1.000183
1.000155
0.999871
0.999961
1.000352
1.001036
1.000092
1.000054
1.000201
1.000028
1.000089
1.001406
1.000570
0.999962
0.999845
1.000163
1.000159
1.000603
1.000304
1.000088
0.999966
0.999932
1.000005
1.000413
1.000552
1.000052
1.000417
0.999882
0.999959
1.000549
1.001691
0.999980
1.000020
1.000737
1.000997
1.000953
1.000595
1.001142
1.000839
1.000869
1.000480
1.000483
1.000241
1.001039
1.001241
0.999983
0.999979
1.001249
1.001038
1.000144
1.000613
1.001132
1.001049
1.000558
1.000971
1.000949
1.001437
1.000896
1.000702
1.000896
1.001439
1.000912
1.000901
1.000538
1.000814
1.000626
1.000478
1.000238
1.001214
1.001085
0.999911
0.999948
1.000971
1.000788
1.000024
1.000806
1.001137
1.001014
1.000706
1.000812
1.000271
1.000866
1.000660
1.000534
1.000883
1.001321
1.000649
1.000815
1.000718
1.001045
1.001161
1.000550
1.000017
1.001225
1.001501
0.999978
0.999976
1.001351
1.001062
1.000210
1.000632
1.000800
1.001047
1.000899
1.001436
1.001253
1.001143
1.000692
1.000603
1.000695
1.001111
1.000577
1.000744
1.000662
1.000808
1.000843
1.000645
1.000198
1.001035
1.000822
0.999961
0.999948
1.001357
1.001059
1.000169
1.000412
1.000767
1.000894
1.000728
1.000826
1.000266
1.000875
1.000818
0.999965
1.000049
1.000713
1.000006
1.000071
1.000010
1.000971
1.000477
1.000783
0.999944
1.000429
1.001590
1.001314
1.001317
1.001590
1.000415
0.999968
1.000844
1.000108
1.000740
1.000019
1.000085
1.000051
1.000137
0.999986
0.999991
0.999985
1.000139
1.000013
0.999997
1.000029
1.000869
1.000479
1.000706
0.999932
1.000182
1.001403
1.001394
1.001388
1.001527
1.000507
1.000011
1.000320
1.000102
1.000711
0.999989
1.000064
0.999957
1.000707
1.000063
1.000011
1.000167
1.000829
0.999967
1.000093
1.000046
1.000755
1.000084
1.000778
0.999936
1.000149
1.001141
1.001197
1.001312
1.001257
1.000142
0.999900
1.000674
1.000313
1.000906
0.999983
1.000049
1.000024
1.000778
1.000038
0.999987
1.000115
1.000806
1.000027
1.000076
1.000011
1.000879
1.000264
1.000526
0.999947
1.000311
1.001706
1.001522
1.001301
1.001248
1.000133
1.000008
1.000649
1.000079
1.000751
1.000012
1.000064
0.999953
1.000943
1.000024
1.000029
1.000040
1.000053
1.001701
1.000437
1.000001
1.000008
1.000072
1.000002
1.000499
1.000393
0.999966
1.001136
1.001151
0.999966
1.000392
1.000800
1.000298
1.000286
0.999921
0.999972
1.000127
1.000835
1.000042
1.000068
0.999990
1.000159
1.000168
1.001197
1.000366
1.000031
1.000040
0.999987
1.000042
1.000624
1.000517
0.999980
1.001244
1.001550
1.000364
1.000692
1.000583
1.000060
1.000149
1.000002
0.999976
1.000340
1.001653
1.000050
1.000009
1.000071
1.000034
0.999973
1.000652
1.000083
1.000028
1.000008
1.000117
0.999960
1.000566
1.000496
1.000159
1.001582
1.001111
1.000153
1.000883
1.000895
1.000309
1.000276
0.999947
0.999936
1.000103
1.000700
0.999917
1.000060
1.000048
1.000100
1.000100
1.000791
1.000137
1.000018
1.000023
1.000007
0.999995
1.000569
1.000526
0.999970
1.001126
1.001498
1.000392
1.000852
1.000902
1.000256
1.000130
1.000000
0.999960
1.000064
1.001291
1.000116
1.000106
1.001582
1.000788
1.000210
1.000694
1.001051
1.000746
1.000172
1.000193
0.999984
1.001299
1.000379
0.999959
1.000499
1.000489
0.999942
1.000350
1.000945
1.000082
1.000099
1.000316
1.000748
1.001068
1.001189
1.000250
1.001024
1.001818
1.000779
1.000091
1.001122
1.001134
1.000782
1.000303
1.000481
0.999942
1.001111
0.999998
0.999941
1.000515
1.000179
1.000019
1.000079
1.001560
0.999926
1.000462
1.000318
1.000771
1.001101
1.000729
1.000221
1.000887
1.001646
1.000881
1.000263
1.001262
1.001156
1.000565
1.000150
1.000347
0.999968
1.001537
1.000338
1.000016
1.000167
1.000449
1.000023
0.999927
1.000549
1.000083
1.000096
1.000321
1.000773
1.001051
1.001144
1.000224
1.000776
1.001552
1.000629
1.000218
1.001711
1.001422
1.000707
1.000291
1.000489
0.999936
1.001114
0.999998
0.999947
1.000504
1.000167
0.999982
0.999941
1.000472
0.999984
1.000542
1.000427
1.000793
1.001097
1.000774
1.000192
1.000630
1.000010
1.000186
1.000244
1.000034
0.999995
1.000337
1.000300
0.999984
1.000046
1.000179
0.999987
1.000116
1.000092
1.000100
1.000097
1.000011
1.000047
1.000136
1.000083
1.000296
1.000316
1.000007
0.999915
1.000701
1.000100
0.999985
1.000146
1.000388
1.000051
1.000001
1.000263
1.000281
1.000000
1.000135
1.000054
1.000020
1.000103
1.000083
1.000137
1.000060
1.000038
1.000004
1.000129
0.999968
1.000160
1.000284
1.000034
1.000025
1.000539
1.000177
0.999975
1.000209
1.000731
0.999952
1.000006
1.000232
1.000062
1.000116
1.000054
0.999911
1.000089
1.000087
1.000117
1.000124
1.000105
1.000026
1.000240
1.000153
1.000042
1.000141
1.000274
1.000023
1.000014
1.000411
1.000150
0.999986
1.000187
1.000087
1.000072
0.999995
1.000036
1.000195
0.999963
1.000132
1.000054
1.000020
1.000103
1.000090
1.000071
1.000144
1.000044
1.000268
1.000289
0.999963
1.000063
1.000020
0.999970
1.000039
1.000082
1.000185
0.999937
0.999968
1.000063
1.000108
0.999944
1.000044
1.000012
1.000012
1.000419
0.999965
1.000045
1.000450
0.999978
0.999989
1.000442
1.000011
0.999996
1.000739
1.000046
0.999953
1.000124
0.999998
1.000095
1.000061
1.000051
0.999935
1.000014
1.000080
1.000044
0.999969
1.000021
1.000004
0.999968
1.000133
0.999998
1.000004
1.000445
0.999986
1.000014
1.000564
1.000017
0.999996
1.000132
0.999976
0.999957
1.000054
1.000078
1.000120
1.000033
1.000039
0.999900
0.999981
0.999991
1.000047
1.000049
1.000074
0.999979
1.000074
1.000736
1.000023
1.000349
1.001169
0.999999
1.000010
1.001083
1.000186
0.999937
1.000720
0.999998
0.999950
1.000072
1.000028
1.000169
1.000071
1.000026
0.999940
0.999992
1.000172
1.000178
1.000017
1.000106
0.999974
0.999984
1.000131
0.999997
1.000004
1.000443
0.999982
0.999975
1.000890
1.000349
1.000024
1.000119
0.999988
0.999997
1.000043
0.999979
1.000057
1.000078
1.000036
0.999885
1.000639
1.000316
1.000837
1.001667
1.000306
1.000046
1.000252
1.000035
0.999995
1.001863
1.001164
1.000904
1.000778
1.001041
1.002525
1.000308
1.000010
1.000279
0.999988
1.000145
1.001653
1.000871
1.000196
1.000640
1.000001
1.000633
1.000427
1.001341
1.001804
1.000312
1.000153
1.000416
0.999998
1.000464
1.002525
1.001041
1.000778
1.000789
1.000717
1.002143
1.000487
1.000013
1.000442
1.000220
1.000113
1.001095
1.000564
1.000083
1.000476
0.999858
1.000766
1.000569
1.000970
1.001516
1.000262
1.000022
1.000276
1.000004
0.999982
1.001424
1.000760
1.000817
1.000825
1.001209
1.001972
1.000012
1.000047
1.000656
1.000152
1.000111
1.001089
1.000694
1.000148
1.000598
1.000432
1.001208
1.000063
1.000782
1.001396
1.000047
1.000115
1.000666
1.000141
1.000666
1.002524
1.001165
1.000905
1.000770
1.000671
1.001426
1.000003
1.000125
1.000672
1.000213
1.000377
1.001521
1.001055
1.000397
1.000595
1.000126
1.000699
1.000518
1.000409
1.000849
1.000575
1.000559
1.000602
1.000061
1.000115
1.000997
1.000177
1.000011
1.000063
1.000195
1.000477
1.000096
1.000081
1.000498
1.000578
1.000585
1.000729
1.000291
1.000335
1.000534
0.999973
1.000534
1.000327
1.000364
1.000814
1.000575
1.000553
1.000590
1.000178
1.000077
1.000457
1.000195
1.000066
1.000067
1.000350
1.000772
1.000103
1.000071
1.000528
1.000566
1.000916
1.001406
1.000713
1.000637
1.000794
1.000140
1.000561
1.000520
1.000714
1.000812
1.000373
1.000572
1.000534
1.000003
1.000063
1.001160
1.000294
1.000004
0.999983
1.000126
1.001000
1.000122
1.000092
1.000369
1.000555
1.000904
1.001505
1.000813
1.000496
1.000668
0.999960
1.000128
1.000503
1.000416
1.000908
1.000727
1.000582
1.000356
1.000057
1.000017
1.000476
1.000152
1.000000
1.000133
1.000452
1.001339
1.000102
1.000074
1.000385
1.000577
1.000587
1.001025
1.000700
1.000493
1.000668
0.999988
0.999992
1.000038
1.000001
1.000004
1.000141
0.999963
0.999963
1.000147
0.999901
0.999970
1.000150
1.000002
0.999989
1.000077
0.999998
1.000075
1.000337
0.999955
0.999959
1.000136
1.000019
1.000000
1.000077
1.000005
1.000221
0.999974
1.000074
1.000031
0.999973
1.000134
0.999974
0.999942
1.000152
1.000159
1.000068
1.000112
0.999987
1.000005
0.999995
1.000002
1.000329
1.000626
0.999881
1.000006
1.000151
0.999997
0.999990
0.999998
1.000096
0.999989
0.999996
1.000034
1.000011
0.999989
1.000101
0.999999
0.999943
1.000547
1.000039
1.000027
1.000123
1.000018
0.999992
1.000118
0.999943
0.999931
1.000315
0.999947
0.999981
1.000160
0.999955
1.000015
1.000035
1.000052
0.999987
0.999991
1.000043
0.999995
0.999990
1.000157
0.999946
1.000041
1.000278
0.999995
1.000014
1.000107
0.999979
0.999981
1.000078
0.999987
1.000053
1.000302
0.999953
0.999978
1.000142
0.999948
0.999994
1.000028
1.000034
0.999967
1.000012
1.000115
0.999982
1.000006
1.000121
1.000057
0.999972
1.000078
1.000409
0.999930
1.000048
1.000211
1.000223
1.000017
0.999896
1.000367
1.000136
0.999971
0.999995
1.000050
0.999947
0.999968
1.000044
1.000018
0.999952
0.999989
1.000081
1.000046
0.999952
1.000119
1.000015
0.999954
1.000091
1.000069
0.999922
0.999946
1.000075
1.000090
0.999923
0.999921
1.000089
1.000061
0.999898
1.000003
1.000136
0.999975
1.000029
1.000086
1.000034
0.999989
0.999994
1.000099
1.000004
0.999933
1.000042
1.000056
0.999966
1.000021
1.000342
0.999921
1.000068
1.000287
1.000210
1.000028
0.999894
1.000355
1.000062
0.999974
1.000005
1.000160
0.999912
0.999991
1.000086
1.000016
0.999980
0.999994
1.000120
1.000001
0.999940
1.000040
1.000061
1.000029
1.000056
1.000395
0.999935
1.000084
1.000261
1.000057
1.000000
0.999999
1.000037
1.000010
0.999977
1.000083
1.000074
0.999901
1.000028
1.000065
1.000063
0.999966
1.000012
1.000409
1.000603
1.000048
1.000069
1.000198
0.999989
1.000012
1.000024
1.000048
1.000034
1.001479
1.001477
1.000012
1.000010
1.000032
1.000049
1.000033
1.000194
1.000084
1.000005
1.000728
1.000345
1.000047
0.999992
0.999962
1.000698
1.000856
0.999982
1.000030
1.000300
1.000001
1.000048
1.000153
0.999955
1.000136
1.002083
1.002107
1.000256
1.000131
1.000156
1.000056
0.999954
1.000093
1.000030
0.999995
1.000547
1.000695
0.999985
1.000011
1.000041
1.000721
1.001092
1.000004
1.000142
1.000215
1.000001
1.000069
1.000074
0.999929
1.000110
1.001745
1.001470
0.999996
0.999980
1.000096
1.000058
0.999987
1.000169
1.000038
0.999997
1.000871
1.000678
0.999993
0.999988
0.999987
1.000708
1.000890
1.000040
1.000094
1.000195
1.000088
1.000052
1.000023
0.999936
1.000038
1.001458
1.002095
1.000168
1.000023
1.000112
0.999995
1.000021
1.000212
1.000113
0.999978
1.000976
1.000848
1.000006
1.001773
1.001963
1.001176
1.001880
1.000993
1.000146
1.000347
1.001718
1.001399
1.001698
1.001409
1.001142
1.000464
1.000468
1.001155
1.001417
1.001756
1.001412
1.001404
1.000258
1.000267
1.000672
1.001811
1.001016
1.001518
1.001762
1.001518
1.000571
1.001285
1.000660
1.000322
1.000625
1.001925
1.001500
1.001515
1.001378
1.001630
1.000551
1.000225
1.000877
1.001398
1.001690
1.001467
1.001920
1.000643
1.000263
1.000943
1.002068
1.001252
1.001692
1.001624
1.001551
1.000805
1.001512
1.000629
1.000147
1.000179
1.001338
1.001226
1.001578
1.001534
1.001606
1.000547
1.000490
1.001031
1.001183
1.001600
1.001363
1.001445
1.000276
1.000263
1.000652
1.001735
1.000811
1.001244
1.001497
1.001282
1.000867
1.001887
1.000864
1.000482
1.000781
1.001798
1.001403
1.001756
1.001381
1.001130
1.000483
1.000246
1.001069
1.001508
1.001635
1.001496
1.001503
1.000304
1.000325
1.001027
1.001657
1.000425
1.001371
1.000641
1.000339
1.000053
1.000023
1.000130
1.000391
1.001634
1.001491
1.001006
1.000001
0.999988
1.000251
1.000014
1.000016
1.000251
1.000043
1.000148
1.001251
1.001695
1.001893
1.000432
1.000253
0.999998
0.999987
1.000932
1.000924
1.000912
1.000209
1.000159
1.000334
0.999991
1.001087
1.001155
1.001272
1.000268
1.000024
1.000025
1.000040
1.000001
1.000284
0.999996
0.999955
1.000806
1.001146
1.001350
1.000397
1.000382
0.999992
0.999970
1.000371
1.000629
1.000601
1.000001
1.000159
1.000457
1.000427
1.001591
1.001483
1.000963
1.000040
0.999987
1.000017
1.000050
0.999980
1.000310
0.999978
1.000317
1.001409
1.001503
1.001594
1.000410
1.000221
1.000083
1.000133
1.000836
1.000663
1.000637
0.999917
1.000030
1.000303
1.000200
1.001529
1.001409
1.001219
1.000148
1.000048
1.000415
1.000054
0.999953
1.000177
1.000061
1.000004
1.000796
1.001399
1.001202
1.000017
1.000311
1.000073
1.000217
1.000802
1.000011
0.999990
1.000026
0.999981
1.000010
1.000200
1.000031
1.000014
0.999965
1.000015
1.000026
0.999985
0.999999
0.999997
0.999985
1.000027
1.000098
0.999952
1.000011
1.000046
1.000213
1.000041
0.999935
0.999987
1.000000
1.000019
1.000006
0.999996
1.000001
1.000065
1.000060
1.000058
1.000010
0.999948
1.000100
1.000023
0.999999
0.999992
0.999996
0.999998
1.000018
1.000000
1.000012
0.999987
1.000003
1.000205
1.000097
0.999969
0.999927
1.000011
1.000069
0.999954
0.999924
1.000028
1.000079
1.000205
1.000005
0.999984
1.000010
1.000009
1.000034
1.000002
1.000027
0.999980
0.999924
1.000019
1.000114
0.999983
0.999986
1.000017
1.000232
1.000016
0.999965
1.000037
0.999981
1.000021
0.999944
0.999930
1.000018
1.000059
1.000183
1.000048
1.000013
0.999947
1.000085
1.000027
0.999985
1.000034
0.999953
0.999961
1.000085
1.000010
1.000013
0.999967
1.000051
1.000267
1.000043
0.999970
1.000007
0.999990
0.999963
0.999987
0.999979
1.000036
1.000416
1.000631
1.000007
1.000057
0.999912
1.000647
1.000737
1.000474
1.000962
1.000963
1.000474
1.000691
1.000176
0.999958
1.000004
1.000016
1.000775
1.000387
0.999984
0.999946
1.000004
0.999972
0.999992
0.999979
1.000040
1.000362
1.000942
1.000010
1.000002
0.999900
1.000118
1.000841
1.000651
1.000973
1.000868
1.000357
1.000694
1.000609
0.999935
0.999980
0.999990
1.000358
1.000364
1.000014
0.999910
1.000010
1.000058
1.000008
0.999916
1.000018
1.000364
1.000348
0.999991
0.999980
0.999945
1.000587
1.000431
1.000135
1.000876
1.000902
1.000176
1.000467
1.000133
0.999943
0.999983
1.000016
1.000539
1.000422
0.999993
0.999981
0.999996
1.000009
0.999948
0.999943
1.000076
1.000361
1.000360
1.000036
0.999954
0.999943
1.000194
1.000691
1.000364
1.000873
1.000606
1.000006
1.000439
1.000660
0.999972
0.999965
0.999993
1.000324
1.000180
0.999988
0.999999
0.999996
1.000488
1.000695
1.001031
1.000934
1.000749
1.001171
1.001447
1.001773
1.001737
1.001140
1.001557
1.002081
1.001245
1.001247
1.002066
1.001454
1.000853
1.001553
1.001776
1.001446
1.001005
1.000686
1.000948
1.001061
1.000714
1.000618
1.000837
1.001031
1.000957
1.000771
1.001194
1.001625
1.001859
1.001690
1.001023
1.001198
1.001821
1.001238
1.001517
1.002372
1.001560
1.001145
1.001705
1.001748
1.001415
1.001146
1.000777
1.000921
1.000898
1.000404
1.000164
1.000194
1.000499
1.000728
1.000764
1.001469
1.001756
1.001750
1.001561
1.000860
1.001182
1.001950
1.001379
1.001541
1.002135
1.001335
1.001144
1.001723
1.001795
1.001747
1.001285
1.000554
1.000778
1.000699
1.000205
1.000352
1.000564
1.000897
1.000960
1.000770
1.001135
1.001524
1.001861
1.001670
1.001002
1.001460
1.002198
1.001367
1.001421
1.002006
1.001310
1.000983
1.001567
1.001662
1.001292
1.001265
1.000866
1.000666
1.000443
1.000298
1.001338
1.001431
1.001758
1.001807
1.000719
0.999965
1.000476
1.000010
1.000730
1.001547
1.002087
1.001485
0.999983
0.999980
1.001218
1.001988
1.001549
1.000587
0.999971
1.000479
1.000004
1.000755
1.001786
1.001600
1.001445
1.001377
1.001450
1.001944
1.002116
1.000816
1.000030
1.000919
1.000002
1.000674
1.001678
1.002028
1.001314
0.999954
0.999977
1.001032
1.002087
1.001534
1.000678
1.000034
1.001092
1.000013
1.000822
1.001962
1.001687
1.001327
1.001327
1.001558
1.001915
1.001821
1.001124
0.999970
1.000429
0.999980
1.000597
1.001593
1.002050
1.001295
0.999958
0.999983
1.001387
1.002174
1.001563
1.000911
1.000023
1.000455
1.000026
1.000812
1.002032
1.001933
1.001555
1.001186
1.001292
1.001954
1.002119
1.000853
0.999957
1.000905
1.000062
1.000552
1.001359
1.002262
1.001196
0.999949
0.999937
1.000840
1.001880
1.001394
1.000604
0.999987
1.000916
0.999965
1.000610
1.002042
1.002239
1.001680
0.999930
1.000337
1.000025
0.999991
1.000176
0.999986
0.999979
1.000010
1.000046
1.000111
1.000032
1.000113
1.000077
1.000077
1.000064
1.000016
1.000221
1.000221
0.999982
0.999979
1.000009
1.000222
0.999976
1.000002
1.000084
1.000035
1.000067
1.000043
0.999973
1.000270
1.000092
0.999978
0.999983
1.000154
1.000061
1.000044
1.000055
0.999978
1.000097
1.000194
1.000001
1.000065
1.000154
0.999985
0.999979
1.000090
1.000268
0.999978
1.000039
1.000878
0.999952
1.000868
0.999990
0.999978
1.000080
1.000068
0.999999
0.999978
1.000059
1.000190
1.000026
1.000079
1.000068
1.000068
1.000126
1.000025
1.000089
1.000029
1.000004
0.999977
1.000017
1.000205
0.999987
1.000042
1.000867
0.999934
1.000306
1.000087
0.999999
1.000211
0.999983
1.000026
1.000039
1.000019
1.000193
1.000004
1.000204
1.000080
0.999985
1.000118
1.000056
1.000209
1.000055
0.999973
0.999996
1.000082
1.000308
0.999973
1.000044
1.000778
0.999928
0.999960
0.999996
0.999998
1.000001
1.000037
0.999957
1.000038
1.000008
1.000008
0.999962
1.000027
1.000043
1.000012
0.999978
0.999978
0.999996
1.000022
1.000026
0.999970
1.000043
1.000001
0.999960
1.000042
1.000320
1.000605
1.000336
1.000068
0.999917
1.000020
1.000103
0.999940
0.999951
1.000037
1.000026
0.999969
0.999974
1.000069
1.000052
1.000029
0.999925
1.000018
1.000034
0.999941
0.999933
1.000074
1.000009
0.999918
1.000079
1.000023
1.000025
1.000039
1.000046
0.999926
1.000028
1.000069
0.999934
0.999981
0.999992
0.999998
0.999963
1.000010
1.000015
1.000016
1.000032
0.999956
0.999983
1.000014
1.000044
0.999935
1.000049
1.000002
0.999983
1.000078
1.000040
0.999965
0.999998
1.000119
0.999974
0.999986
1.000019
0.999986
1.000043
0.999985
0.999989
0.999969
1.000034
1.000052
1.000058
0.999972
0.999993
0.999985
1.000002
1.000004
0.999937
1.000070
1.000018
0.999922
1.000102
1.000005
1.001568
0.999993
1.001465
1.000823
1.000552
1.000374
0.999996
0.999978
1.000019
1.001116
1.000811
1.001125
1.000499
1.000414
1.001342
1.000853
1.001070
1.000193
1.000243
1.000077
1.000374
1.000620
1.000838
1.000740
1.000038
1.000581
1.000003
1.001443
1.001042
1.000626
1.000382
1.000174
1.000479
1.000061
1.000884
1.000996
1.001361
1.000445
1.000513
1.001425
1.000974
1.000873
1.000009
1.000706
1.000797
1.000729
1.000548
1.000975
1.000946
1.000031
1.000638
1.000038
1.000721
1.000760
1.000547
1.000550
1.000252
1.000419
1.000201
1.001388
1.000937
1.000895
1.000231
1.000233
1.001067
1.000980
1.001023
1.000072
1.000042
0.999911
1.000225
1.000560
1.000761
1.001230
1.000044
1.001112
0.999978
1.000726
1.000759
1.000558
1.000370
1.000429
1.000681
1.000192
1.001079
1.000646
1.000884
1.000242
1.000439
1.001079
1.000722
1.001256
1.000021
1.000071
1.000216
1.000542
1.000553
1.000758
1.000728
1.000008
1.000121
0.999999
1.000092
1.000142
0.999957
1.000430
1.001205
1.000835
1.001939
1.001364
1.001951
1.001085
1.000913
1.000911
1.001087
1.001712
1.000417
1.001203
1.000517
1.000865
1.000430
0.999977
1.000126
1.000528
1.000108
1.000384
1.000044
1.000067
1.000077
0.999984
1.000477
1.001214
1.000470
1.001082
1.001009
1.002064
1.001106
1.000934
1.000891
1.001060
1.001835
1.000768
1.001423
1.000522
1.000872
1.000405
0.999965
1.000147
1.000445
1.000014
1.000222
1.000146
1.000554
1.000164
0.999983
1.000630
1.001419
1.000823
1.001721
1.000902
1.001400
1.000756
1.000850
1.001212
1.001186
1.001849
1.001037
1.001091
1.000475
1.001468
1.000530
1.000036
1.000194
1.000124
1.000081
1.000268
1.000017
1.000529
1.000203
0.999972
1.000433
1.000884
1.000522
1.001684
1.000882
1.001405
1.000783
1.000885
1.000918
1.001086
1.002061
1.001232
1.001666
1.000456
1.001086
1.000628
0.999979
1.000203
1.000529
1.000038
0.999938
1.000327
1.000036
1.000083
0.999999
1.000057
1.000005
1.000448
1.000027
0.999961
1.000013
1.000022
1.000476
1.000404
1.000037
1.000029
0.999955
0.999919
1.000083
1.000057
1.000013
1.000020
1.000079
0.999986
1.000590
0.999966
1.000102
1.000001
1.000024
1.000012
1.000030
0.999985
1.000145
1.000071
0.999941
1.000001
0.999999
1.000488
1.000415
1.000037
1.000026
0.999942
1.000114
1.000476
1.000003
1.000062
1.000010
1.000014
0.999983
1.001294
0.999976
1.000974
1.000015
1.000068
1.000000
1.000022
1.000003
1.000076
0.999964
0.999955
1.000037
1.000040
1.000771
1.000400
1.000046
1.000006
0.999916
1.000410
1.000733
0.999944
1.000150
1.000063
0.999985
0.999984
1.000138
0.999959
1.001360
0.999997
1.000056
1.000008
1.000061
1.000003
1.000506
0.999981
0.999979
1.000020
0.999999
1.000831
1.000412
1.000048
1.000016
0.999925
0.999964
1.000360
1.000043
1.000017
1.000009
1.000062
0.999996
1.001294
1.000003
1.000508
0.999987
1.000373
1.001165
1.000258
1.000274
1.000016
1.000029
0.999953
1.000093
1.000916
0.999967
1.000021
1.001081
1.000186
0.999963
0.999950
1.000013
1.000053
1.000022
1.000624
1.000134
1.000059
1.000483
1.000116
1.000648
1.000123
1.000252
1.000608
1.000023
1.000037
1.000016
0.999967
0.999970
1.000217
1.000432
0.999983
1.000036
1.000310
1.000086
0.999943
1.000015
1.000024
1.000112
1.000014
1.000633
1.000192
1.000127
1.000060
0.999999
1.000058
1.000054
1.000355
1.001281
1.000197
1.000034
1.000016
0.999973
0.999969
1.000305
1.000302
1.000028
1.000013
1.000531
1.000482
0.999937
1.000027
1.000045
1.000116
1.000023
1.000612
1.000237
1.000105
1.000489
0.999973
0.999993
1.000002
1.000100
1.001069
1.000226
0.999990
0.999974
0.999991
0.999991
1.000082
1.000290
0.999980
1.000036
1.000304
1.000092
0.999950
0.999971
1.000041
1.000191
1.000031
1.000661
1.000087
1.000048
1.000090
1.000000
0.999963
0.999985
1.000080
1.000467
1.000287
1.000202
1.000062
1.000102
1.000173
1.000300
1.000019
1.000018
1.000161
1.000076
1.000273
1.000181
1.000100
1.000021
1.000763
1.000766
1.000963
1.000280
1.000035
1.000031
1.000013
0.999987
0.999943
1.000387
1.000990
1.000655
1.000693
1.000032
1.000100
1.000193
1.000312
1.000297
1.000026
1.000186
1.000521
1.000251
1.000179
1.000117
1.000042
1.000305
1.000351
1.000915
1.000415
0.999965
1.000014
1.000049
0.999981
0.999970
1.000117
1.000520
1.000514
1.000762
1.000023
1.000118
1.000089
1.000135
1.000525
1.000170
1.000027
1.000246
1.000169
1.000391
1.000115
1.000060
1.000209
1.000529
1.000945
1.000150
0.999989
0.999966
1.000000
0.999990
0.999989
1.000158
1.000596
1.000195
1.000733
0.999987
1.000399
1.000177
1.000286
1.000330
1.000025
1.000179
1.000538
1.000298
1.000175
1.000430
1.000016
1.000620
1.000313
1.000829
1.000137
1.000019
1.000063
1.000638
1.000756
1.000686
1.000356
0.999951
1.000144
1.000046
1.000445
1.001036
1.001101
0.999977
0.999929
1.001232
1.000614
0.999968
0.999951
1.000922
1.001075
1.000885
1.000243
1.000635
0.999969
1.000128
1.000366
1.000983
1.001169
1.001131
1.000059
1.000096
1.000036
1.000444
1.000263
1.000878
1.001073
1.001101
0.999968
0.999968
1.000898
1.000900
0.999965
0.999921
1.000988
1.000715
1.000477
1.000118
1.000782
0.999960
1.000149
1.000477
1.000901
1.000785
1.000906
1.000236
1.000252
1.000017
1.000145
1.000049
1.000228
1.000852
1.001111
0.999940
1.000007
1.000617
1.000933
0.999921
0.999982
1.000492
1.000818
1.000671
1.000252
1.000638
0.999992
1.000345
1.000759
1.000995
1.000853
1.000993
1.000243
1.000217
0.999970
1.000452
1.000057
0.999994
1.000690
1.001078
0.999973
0.999931
1.001198
1.000905
0.999942
0.999967
1.000790
1.000592
1.000370
1.000022
1.000237
0.999923
1.000354
1.000528
1.000820
1.000449
1.000590
1.000667
0.999974
0.999971
1.000253
1.000082
1.000704
1.000584
1.000680
1.000223
1.000186
1.000494
1.000805
1.000340
1.000385
1.000921
1.000600
1.000373
1.000065
1.000002
0.999975
0.999966
1.000866
1.000664
1.000328
1.000530
1.001060
0.999936
1.000031
0.999980
1.000010
1.000376
1.000609
1.000701
1.000289
1.000297
1.000752
1.000447
1.000163
1.000215
1.000787
1.000937
1.000581
1.000071
0.999952
1.000016
1.000025
1.000844
1.000699
1.000302
1.000330
1.001043
0.999954
1.000031
1.000314
1.000167
1.000815
1.000673
1.000660
1.000251
1.000257
1.000696
1.000731
1.000214
1.000368
1.000847
1.000634
1.000353
1.000004
0.999970
0.999992
0.999991
1.000860
1.000656
1.000374
1.000639
1.001240
1.000049
0.999997
1.000096
1.000151
1.000560
1.000418
1.000666
1.000208
1.000096
1.000378
1.000337
1.000068
1.000418
1.001083
1.000573
1.000140
1.000036
1.000329
0.999974
1.000051
1.000778
1.000621
0.999961
0.999996
1.000078
1.000024
1.000106
0.999939
1.000376
1.000161
1.000168
1.000103
1.000556
1.000340
1.000032
1.000031
1.000327
1.000404
1.000171
1.000335
1.000132
1.000073
0.999932
0.999994
1.000042
1.000020
1.000016
0.999966
1.000029
1.000051
0.999976
1.000127
0.999957
1.000439
1.000139
1.000166
1.000063
1.000272
1.000367
1.000057
1.000023
1.000349
1.000398
1.000085
1.000188
1.000164
1.000066
0.999920
1.000183
1.000037
0.999991
1.000015
0.999986
1.000024
1.000018
0.999980
1.000005
0.999926
1.000090
1.000179
1.000377
1.000132
1.000493
1.000484
1.000040
1.000044
1.000717
1.000524
1.000186
1.000578
1.000165
1.000450
0.999957
1.000130
0.999999
1.000023
1.000015
0.999990
0.999955
1.000062
1.000044
1.000106
0.999974
1.000033
1.000178
1.000368
1.000137
1.000580
1.000626
1.000063
1.000053
1.000662
1.000386
1.000080
1.000359
1.000167
1.000049
0.999993
1.000108
1.000056
1.000076
0.999946
1.000685
1.000098
1.000155
1.000099
0.999960
0.999931
1.000283
1.000605
0.999953
0.999966
1.000045
1.000248
1.000011
0.999977
1.000446
1.000044
1.000060
0.999986
1.000319
1.000563
0.999919
0.999992
1.000061
1.000464
1.000134
1.000676
1.000198
1.000859
1.000208
0.999948
1.000012
1.000145
1.000317
0.999963
1.000084
1.000095
1.000273
1.000009
1.000003
1.000293
1.000058
1.000016
0.999953
1.000250
1.000637
0.999894
0.999949
1.000055
1.000079
1.000078
1.000414
1.000148
1.000567
1.000019
0.999979
0.999907
1.000741
1.000539
0.999918
0.999983
1.000026
1.000149
0.999987
0.999979
1.000054
1.000021
1.000052
0.999997
1.000349
1.000160
0.999967
0.999920
1.000007
1.000458
1.000277
1.000972
1.000239
1.000160
1.000070
0.999943
0.999965
1.000464
1.000100
0.999902
1.000009
1.000038
1.000169
1.000015
0.999992
1.000362
1.000072
1.000013
0.999947
1.000100
1.000563
0.999973
0.999867
1.000100
1.000154
1.000232
1.000615
1.001680
1.002093
1.001671
1.000558
1.000652
1.000442
1.000100
0.999931
1.000797
1.000053
1.000027
1.000020
0.999961
0.999990
1.000040
1.000263
0.999993
1.000065
1.000458
1.000658
1.000215
1.001271
1.001706
1.001426
1.000721
1.001406
1.001660
1.001232
1.000129
1.000491
1.000417
1.000063
0.999950
1.000066
1.000018
0.999983
1.000003
1.000016
1.000000
1.000027
1.000147
0.999942
1.000576
1.000503
1.000664
1.000579
1.001686
1.001952
1.000961
0.999935
1.000920
1.001741
1.001270
1.000284
1.000723
1.000455
1.000095
0.999933
1.000781
1.000049
1.000026
0.999981
0.999993
1.000027
1.000014
1.000259
0.999993
1.000056
1.000430
1.000588
1.000612
1.001564
1.001758
1.001366
1.000458
1.001515
1.002379
1.001968
1.000487
1.000572
1.000518
1.000618
0.999911
1.000779
1.000056
1.000006
1.000024
1.000259
0.999986
1.000023
1.000801
0.999941
1.000505
1.000437
1.000576
1.000589
1.001974
1.002446
1.001626
0.999898
1.000976
1.000479
1.001717
1.000622
1.000478
1.000085
1.000483
0.999935
0.999947
1.000400
1.000895
1.000744
1.000360
1.000311
1.000245
1.000001
0.999974
1.000469
1.000068
1.001011
1.001145
1.001413
1.000015
1.000358
1.000028
1.000363
1.000015
1.001434
1.001122
1.000795
1.000081
1.000474
1.000207
1.000219
1.000131
1.000001
1.000358
1.000785
1.000969
1.000454
1.000271
0.999978
1.000129
1.000011
1.000948
1.000773
1.001330
1.000062
1.000982
0.999989
1.000854
1.000022
1.001361
1.000878
1.000510
1.000085
1.000482
1.000037
0.999985
1.000406
1.000294
1.000348
1.000760
1.001273
1.000563
1.000118
1.000014
1.000542
1.000165
1.000969
1.000667
1.001486
1.000171
1.000918
0.999957
1.000840
1.000225
1.001460
1.000829
1.000974
1.000003
1.000120
1.000003
0.999962
1.000545
1.001270
1.000754
1.000188
1.000243
1.000220
0.999983
1.000012
1.000128
1.000034
1.000723
1.000763
1.001049
1.000060
1.000909
0.999972
1.000014
1.000047
0.999972
1.000101
1.000836
1.000191
1.000079
1.000669
0.999977
1.000854
1.000696
1.000082
0.999937
1.000935
1.000589
0.999965
1.000650
1.000076
1.000046
1.000397
1.000105
0.999967
0.999956
1.000020
1.000137
0.999968
0.999968
0.999982
1.000117
1.000675
1.000163
1.000060
1.000295
1.000011
1.000780
1.000947
0.999922
1.000073
1.000371
1.000339
0.999929
1.000744
1.000216
1.000081
1.000493
1.000129
0.999987
0.999989
0.999950
1.000107
1.000030
0.999943
1.000015
1.000146
1.000822
1.000188
1.000072
1.000317
1.000003
1.000314
1.000935
0.999937
1.000075
1.000327
1.000478
0.999949
1.000748
0.999995
0.999942
1.000601
1.000084
0.999983
1.000047
0.999984
1.000015
1.000039
1.000024
0.999961
1.000075
1.000396
1.000061
1.000230
1.000294
0.999944
1.000308
1.000360
0.999995
1.000051
1.000386
1.000299
0.999977
1.000304
1.000064
1.000159
1.000756
1.000151
0.999939
1.000044
1.000007
1.000082
1.000040
1.000021
0.999960
1.000259
1.000353
1.000257
1.000012
1.000062
1.000001
1.000040
1.000124
1.001004
1.001623
1.000049
1.000374
1.000036
1.000084
0.999980
1.000297
1.000833
1.000930
0.999975
1.000816
0.999993
1.000507
0.999928
1.000474
1.000026
1.000253
1.000275
1.000183
0.999975
1.000059
1.000066
1.000066
1.000034
1.001615
1.001007
1.000096
1.000151
0.999999
1.000033
1.000013
1.000100
1.000181
1.000254
1.000025
1.000461
0.999957
1.000105
0.999984
1.000817
0.999990
1.000264
1.000209
1.000118
1.000004
1.000078
1.000032
1.000351
1.000041
1.001623
1.001003
1.000124
1.000048
0.999987
1.000048
0.999983
1.000472
1.000354
1.000252
0.999994
1.000194
0.999988
1.000688
0.999977
1.000072
0.999996
1.000234
1.000256
1.000158
0.999975
1.000075
0.999993
1.000146
1.000077
1.001555
1.000994
1.000105
1.000342
0.999998
1.000091
0.999981
1.000302
1.000207
1.000323
0.999973
1.000161
1.000016
1.000815
1.001376
1.001564
1.001904
1.002237
0.999991
1.000019
1.000008
1.000681
1.000087
1.000010
1.000692
1.001631
1.001384
1.000868
1.000026
1.000076
1.000181
0.999996
1.000008
1.000036
1.001262
1.001909
1.001792
1.001397
1.001014
1.001035
1.001889
1.001999
1.001919
1.000164
1.000043
0.999994
1.000519
1.000097
0.999987
1.000583
1.001394
1.001634
1.000988
1.000040
1.000210
1.000614
1.000002
1.000040
1.000151
1.002274
1.002401
1.001792
1.001156
1.001023
1.001178
1.001784
1.002336
1.002240
1.000154
1.000006
0.999994
1.000198
1.000059
0.999946
1.000595
1.001388
1.001634
1.000696
1.000009
1.000068
1.000242
0.999992
1.000001
1.000024
1.001891
1.001908
1.001737
1.001210
1.001069
1.001456
1.002054
1.001961
1.001901
1.000132
1.000045
0.999991
1.000187
1.000183
1.000091
1.000856
1.001366
1.001643
1.000712
0.999979
1.000167
1.000530
0.999995
1.000002
1.000144
1.001792
1.001990
1.002171
1.001354
0.999995
1.000140
1.000356
1.001314
1.000019
0.999975
1.000077
1.000074
1.000495
1.001353
1.000285
1.000148
0.999983
0.999978
1.000034
1.000071
1.001313
1.001162
1.000411
1.000061
1.000008
0.999982
1.000611
0.999984
1.000010
1.000030
1.000101
1.000233
1.002268
0.999952
1.000099
1.000088
1.000145
1.001078
1.001823
1.000316
1.000132
0.999961
0.999998
1.000025
1.000018
1.001447
1.000919
1.000137
1.000097
0.999964
0.999992
1.001860
1.000352
1.000029
1.000009
1.000108
1.000055
1.000903
1.000006
1.000004
1.000057
1.000222
1.001030
1.001536
1.000332
1.000132
0.999967
0.999978
1.000294
1.000622
1.001659
1.001168
1.000213
1.000062
0.999998
0.999990
1.001577
1.000013
1.000009
1.000048
1.000007
1.000007
1.001405
0.999922
0.999978
1.000091
1.000253
1.000992
1.001023
1.000137
1.000043
0.999976
0.999974
1.000141
1.000043
1.001018
1.000777
1.000119
1.000040
1.000001
1.000018
1.001302
1.000139
1.000061
1.000402
1.000092
1.000044
1.000110
0.999987
0.999986
1.000376
1.001246
1.000487
1.000714
1.000820
1.000013
0.999974
0.999975
1.000012
1.001047
1.000945
1.000152
1.000797
1.000327
1.000007
0.999998
1.000115
1.000038
1.000208
1.000477
1.000095
1.000017
1.000067
1.000033
0.999917
1.000291
1.000799
1.000086
1.000439
1.000793
1.000008
0.999969
0.999975
1.000002
1.000810
1.000456
1.000095
1.000795
1.000437
1.000098
1.000079
1.000065
1.000017
1.000082
1.000406
1.000577
0.999967
1.000078
1.000010
1.000117
1.000659
1.001351
1.000486
1.000707
1.000820
1.000016
0.999976
0.999956
0.999997
1.000648
1.000699
1.000270
1.001267
1.000586
1.000046
1.000076
1.000077
0.999965
1.000661
1.000516
1.000676
0.999972
1.000118
0.999975
1.000063
1.000496
1.000911
1.000313
1.001002
1.000606
1.000022
0.999978
0.999974
1.000004
1.001308
1.001250
1.000194
1.000976
1.000481
1.000004
1.000000
1.000116
1.000036
1.000093
1.000850
1.000410
1.000011
1.000015
1.000908
1.000000
1.000425
0.999977
1.000166
1.000035
1.000028
1.000461
1.000558
1.000723
1.001019
1.000076
0.999988
1.000676
1.000575
1.000532
1.000010
1.000480
1.000004
1.000013
1.000513
1.001147
1.000535
1.000002
1.000053
1.000411
0.999963
1.000532
1.000568
1.000622
1.000068
1.000311
1.000846
1.000557
1.000721
1.001019
1.000306
1.000133
1.000743
1.000346
1.000155
0.999956
1.000062
1.000038
1.000062
1.000736
1.000975
1.000073
0.999974
1.000009
1.000740
1.000028
1.000359
0.999974
1.000166
1.000035
1.000023
1.000627
1.000717
1.000575
1.000557
1.000157
1.000071
1.000144
0.999972
1.000444
1.000010
1.000234
1.000043
1.000012
1.000386
1.001402
1.000199
0.999956
0.999998
1.000301
1.000010
1.000368
1.000218
1.000262
1.000024
1.000034
1.000630
1.000629
1.000715
1.000622
1.000027
1.000009
1.000389
1.000083
1.000515
1.000051
1.000570
0.999997
1.000069
1.000628
1.000015
0.999940
1.001767
1.000648
1.000408
1.000102
1.000058
0.999967
1.000034
1.000155
1.000007
1.000728
0.999949
0.999939
1.000107
1.000008
1.000062
1.000020
0.999975
1.000044
1.000110
1.000483
1.000651
1.001769
0.999942
1.000046
0.999969
1.001052
1.000617
1.000366
1.000088
1.000044
0.999975
0.999965
1.000060
1.000066
1.000146
0.999924
0.999943
1.000065
1.000082
1.000097
0.999959
1.000024
1.000028
1.000444
1.000522
1.000718
1.000745
0.999990
1.000026
0.999932
1.001405
1.000290
1.000405
1.000292
1.000023
0.999983
1.000043
1.000158
0.999992
1.000568
0.999983
0.999943
1.000971
1.000088
1.000084
0.999958
0.999971
1.000033
1.000327
1.000541
1.000740
1.000804
0.999992
1.000017
0.999960
1.001756
1.000759
1.000630
1.000142
1.000056
0.999951
1.000026
1.000104
0.999984
1.000722
0.999960
0.999972
1.000561
0.999991
1.000133
1.000068
1.000011
0.999997
1.000327
1.000570
1.000745
1.000744
0.999992
1.000042
0.999970
0.999971
1.000830
1.000775
1.001403
1.000498
1.000256
0.999938
1.000022
1.000733
1.000489
1.000040
1.000109
1.000733
1.001265
0.999977
0.999999
1.000001
1.000514
1.001569
1.000946
1.001220
1.000117
0.999951
1.000255
0.999971
1.000284
1.000917
1.000865
1.001403
1.000520
1.000001
0.999959
1.000013
1.001271
1.000651
1.000046
1.000057
1.000253
1.000869
1.000024
0.999944
1.000266
1.000279
1.000977
1.001025
1.001499
1.000949
1.000255
1.000075
0.999963
0.999994
1.000965
1.000838
1.000975
1.000233
1.000009
0.999975
1.000012
1.000670
1.000105
1.000066
1.000085
0.999995
1.000507
1.000057
0.999920
1.000262
1.000160
1.000876
1.000992
1.001486
1.000588
0.999979
1.000034
1.000102
1.000264
1.001479
1.001173
1.001482
1.000438
1.000262
0.999955
1.000033
1.000333
1.000099
1.000070
1.000068
1.000485
1.001084
0.999998
0.999989
1.000025
1.000144
1.000910
1.001115
1.001181
1.000535
1.000149
1.001483
1.002802
1.000267
1.000435
1.000017
0.999999
1.000378
0.999985
0.999964
1.000146
1.000195
1.000035
1.000410
1.000402
1.000033
1.000034
1.000054
1.000133
1.000050
1.000283
1.000000
0.999984
1.000163
1.000164
1.002271
1.001226
1.002077
1.000271
1.000404
1.000018
0.999998
1.000715
1.000577
1.000487
1.000052
1.000067
1.000012
1.000433
1.000740
0.999987
1.000031
1.000360
0.999979
0.999996
1.001014
0.999989
1.000010
1.000108
0.999980
1.002296
1.002041
1.002799
1.000259
1.000382
0.999978
0.999963
1.001298
1.000557
1.000512
1.000334
1.000021
0.999989
1.000744
1.000388
0.999987
1.000273
1.000682
1.000303
1.000301
1.000768
0.999977
0.999967
1.000092
1.000175
1.002213
1.000946
1.001345
1.000089
1.000157
0.999983
0.999958
1.001050
1.000006
0.999961
1.000167
1.000141
0.999993
1.000739
1.000431
0.999994
1.000049
1.000341
1.000113
1.000298
1.000747
0.999978
1.000030
1.000363
1.000037
1.001304
1.000055
1.000338
1.001622
1.000145
1.000120
1.000016
1.000158
1.000352
1.000661
1.000681
1.000046
0.999931
1.000205
1.000176
0.999938
0.999985
1.000722
1.000680
1.000788
1.000930
1.000151
1.000072
1.000006
1.000985
1.000347
1.000022
1.000804
1.001622
1.000126
1.000130
1.000033
1.000035
1.000021
1.000575
1.000740
1.000002
0.999932
1.000205
1.000074
0.999912
1.000026
1.000201
1.000703
1.000344
1.000070
1.000124
1.000099
1.000140
1.001616
1.000354
1.000077
1.000361
1.001611
1.000130
1.000046
1.000031
1.000052
1.000304
1.000548
1.000190
1.000026
0.999912
1.000062
1.000179
0.999909
1.000028
1.000158
1.000534
1.000325
1.000328
0.999929
1.000026
1.000282
1.001581
1.000783
0.999993
1.000523
1.000936
1.000001
1.000035
1.000064
1.000060
1.000348
1.000672
1.000719
0.999996
0.999942
1.000074
1.000204
0.999903
1.000037
1.000163
1.000928
1.000696
1.000308
0.999979
1.000118
1.000126
1.002024
1.001339
1.000056
1.000076
0.999987
0.999980
1.000777
1.002136
0.999954
1.000291
0.999979
1.000048
1.000388
1.000036
1.000309
1.000243
1.000088
1.000742
1.000050
0.999948
1.000207
1.000012
1.001931
1.000554
1.000006
1.000235
1.000107
1.000016
1.000019
1.000036
0.999960
1.000492
1.001848
0.999963
1.000219
0.999996
1.000107
1.000399
1.000095
1.000296
1.000372
1.000195
1.000499
1.000093
0.999911
1.000380
1.000045
1.001909
1.000546
1.000038
0.999951
1.000005
1.000068
1.000043
1.000015
1.000011
1.000123
1.000957
1.000024
1.000068
0.999940
1.000135
1.000493
1.000189
1.000367
1.000241
1.000041
1.000462
1.000122
0.999948
1.000100
0.999986
1.002318
1.000564
1.000037
0.999980
1.000032
1.000031
1.000052
1.000256
0.999995
1.000493
1.000939
0.999973
1.000259
0.999997
1.000032
1.000742
1.000199
1.000367
1.000245
1.000041
1.000751
1.000033
0.999949
1.000093
1.000011
1.001621
1.000391
1.000025
1.000020
1.000067
1.000779
1.000046
0.999984
0.999960
1.000038
1.000012
1.000027
1.000083
1.000006
1.000387
1.002338
1.001731
1.001255
1.001126
1.001515
1.001504
1.000118
1.000005
1.000021
1.000065
1.000013
1.000226
0.999955
0.999993
1.000059
1.000527
1.000071
1.000016
0.999940
1.000036
1.000009
0.999959
1.000014
1.000005
1.000219
1.002346
1.001746
1.001258
1.001055
1.001537
1.002315
1.000384
0.999924
1.000050
1.000141
0.999971
1.000289
1.000013
0.999963
1.000046
1.000163
1.000080
1.000004
0.999958
1.000268
1.000084
1.000012
1.000081
0.999982
1.000200
1.002312
1.001732
1.001247
1.001309
1.001810
1.002384
1.000228
0.999976
1.000092
1.000118
0.999956
1.000226
0.999985
0.999971
1.000017
1.000833
1.000035
0.999988
0.999987
1.000001
1.000038
1.000117
1.000039
0.999991
1.000077
1.001444
1.001609
1.001244
1.001126
1.001720
1.001674
1.000051
0.999949
1.000101
1.000013
1.000019
1.000084
0.999967
0.999994
1.000037
1.000112
1.001154
1.000082
1.000270
0.999997
1.000012
0.999977
1.001018
1.002628
1.000380
1.000514
1.000837
1.000036
1.000057
1.000806
1.000925
1.000644
1.002186
1.000892
1.000012
1.000014
0.999998
1.000780
1.000085
1.001135
0.999989
1.000561
1.000002
1.000786
1.000011
1.000004
1.000347
1.000888
1.001402
1.000322
1.000621
1.000883
1.000046
1.000023
1.000875
1.000588
1.000354
1.001572
1.000975
1.000033
0.999946
0.999970
1.000189
1.000010
1.000588
1.000006
1.001057
1.000334
1.001086
0.999972
1.000006
1.000253
1.001092
1.002479
1.000368
1.000605
1.000713
1.000019
1.000067
1.000592
1.000433
1.000337
1.002107
1.000750
1.000004
0.999970
0.999992
1.000785
0.999993
1.001069
1.000545
1.001465
1.000331
1.000921
1.000000
0.999985
1.000012
1.001122
1.002004
1.000428
1.001127
1.000743
1.000041
1.000009
1.000858
1.001061
1.000430
1.001587
1.000693
1.000266
0.999996
0.999981
1.000757
1.000332
1.001237
1.000306
1.000507
1.000960
1.000513
1.000739
1.001410
1.000262
1.000539
1.001691
1.000405
0.999985
0.999991
1.000085
1.000079
0.999984
0.999943
1.000425
1.002247
1.000863
1.000650
1.001941
1.000941
1.000664
1.001227
1.000888
1.000434
1.000485
1.000958
1.000658
1.001272
1.001935
1.000426
1.000859
1.002722
1.000727
1.000037
0.999967
1.000085
1.000052
1.000002
1.000031
1.001279
1.002758
1.000850
1.000630
1.002296
1.001545
1.000789
1.000772
1.000498
1.000270
1.000595
1.001117
1.000664
1.000937
1.001420
1.000268
1.000529
1.001667
1.000805
0.999983
0.999975
1.000061
1.000128
0.999993
0.999924
1.000403
1.002230
1.000986
1.000680
1.002119
1.001074
1.000669
1.000874
1.000388
1.000124
1.000569
1.001117
1.000625
1.001082
1.001599
1.000268
1.000530
1.002197
1.000773
1.000034
0.999995
1.000056
1.000063
0.999991
1.000038
1.000773
1.002560
1.000766
1.000263
1.001420
1.000773
1.000566
1.001143
1.000637
0.999919
1.000017
1.000082
0.999974
1.001421
1.001829
1.002265
1.000298
1.000067
1.001717
1.000029
0.999932
1.000669
1.000682
0.999956
1.000015
1.001189
0.999991
1.000058
1.001401
1.001371
1.001038
0.999971
1.000089
1.000003
0.999942
1.000086
1.000085
0.999993
1.000623
1.000806
1.001426
1.000080
0.999929
1.001181
1.000025
0.999952
1.000340
1.000687
0.999962
1.000039
1.000613
0.999983
1.000301
1.001448
1.001257
1.000776
1.000012
1.000386
1.000006
0.999931
1.000052
1.000089
0.999958
1.001046
1.001778
1.001979
1.000560
1.000048
1.000458
1.000019
0.999938
1.000697
1.000335
0.999956
1.000006
1.001158
1.000005
1.000439
1.001006
1.000385
1.000613
0.999970
1.000122
1.000074
0.999952
1.000045
1.000071
0.999975
1.000663
1.000950
1.001644
1.000302
1.000015
1.001800
1.000043
0.999939
1.000967
1.000997
0.999905
1.000014
1.001832
1.000025
1.000303
1.002236
1.001791
1.001508
0.999937
1.000085
1.000021
0.999963
1.000247
1.000244
1.000036
0.999979
0.999948
1.000031
1.000074
0.999978
0.999967
1.000171
1.000544
1.000724
1.001072
1.000846
1.000150
0.999972
0.999981
1.000018
1.000076
1.000042
0.999946
1.000150
1.000248
1.000206
0.999955
1.000069
1.000239
1.000153
0.999946
0.999988
1.000141
1.000067
0.999992
1.000002
1.000166
1.000825
1.001058
1.001069
1.000847
1.000169
0.999981
0.999985
0.999984
1.000025
0.999976
0.999996
1.000023
1.000195
1.000388
0.999928
1.000089
1.000237
1.000142
0.999936
1.000065
1.000050
0.999952
1.000025
1.000007
1.000165
1.000866
1.001069
1.001059
1.000827
1.000187
1.000032
1.000011
0.999973
1.000404
0.999999
0.999950
0.999974
1.000174
1.000076
0.999943
1.000105
1.000222
1.000022
0.999988
0.999989
1.000193
1.000040
1.000000
1.000020
1.000193
1.001017
1.001085
1.000711
1.000960
1.000125
1.000000
0.999977
1.000041
1.000062
1.000009
0.999919
0.999990
1.000191
1.000241
1.000728
1.000575
1.001052
1.000211
0.999958
1.000026
1.000008
1.000111
0.999981
0.999919
0.999998
1.000765
1.000031
1.000033
1.000794
1.000133
0.999970
1.000106
0.999995
1.000031
1.000045
0.999971
1.000231
1.001355
1.000998
1.001238
1.000317
1.000777
0.999997
0.999966
1.000025
1.000001
1.000102
1.000015
0.999963
1.000500
1.001144
1.000006
1.000032
1.000753
0.999979
0.999953
1.000088
1.000065
0.999988
1.000041
0.999959
1.000475
1.001305
1.000736
1.001041
1.000597
1.001080
1.000006
0.999971
1.000061
1.000013
1.000032
1.000027
0.999982
1.000133
1.000794
1.000034
1.000015
1.001136
1.000440
0.999996
1.000024
0.999988
0.999948
0.999998
0.999953
1.000239
1.000790
1.000339
1.001031
1.000711
1.001305
1.000491
0.999959
1.000040
0.999968
0.999987
1.000104
1.000011
0.999984
1.000551
1.000073
1.000009
1.000531
1.000095
0.999982
1.000071
1.000010
1.000034
1.000069
0.999939
1.000523
1.001337
1.000583
1.001490
1.000490
1.000104
1.000063
1.000039
1.001136
0.999988
1.000589
1.000822
1.000172
1.000545
0.999993
1.000150
1.000561
0.999988
1.000554
0.999989
1.000406
1.000917
1.000408
1.001338
0.999953
1.000040
0.999977
0.999996
1.000964
1.000298
1.000029
1.000074
0.999977
1.000654
0.999985
1.000510
1.000808
0.999967
1.000053
1.000002
1.000571
1.000152
0.999991
1.000449
1.000011
1.000478
1.000605
1.000012
1.000654
0.999964
1.000178
1.000080
1.000028
1.000553
1.000355
1.000125
1.000064
1.000038
1.001652
1.000156
1.000601
1.000799
1.000008
1.000547
0.999988
1.000571
1.000557
1.000003
1.000050
0.999982
1.000822
1.001002
1.000518
1.001687
1.000038
1.000066
1.000047
1.000133
1.000551
1.000028
1.000080
1.000176
1.000033
1.001141
1.000127
1.001226
1.000594
1.000000
1.000796
0.999998
1.000142
1.000597
0.999966
1.000100
1.000001
1.000607
1.001193
1.000083
1.000634
0.999985
1.000060
0.999974
1.000090
0.999993
1.000038
1.000054
1.000653
1.000551
1.000208
1.001365
1.000336
1.000108
0.999983
1.000696
1.000591
1.000957
1.000707
1.000370
1.000454
0.999992
1.000113
1.000422
1.000861
1.000032
1.000167
1.000660
0.999985
1.000026
1.000067
1.000040
0.999979
1.000719
1.000264
1.000022
1.001144
1.000673
1.000116
1.000029
1.001040
1.000587
1.000704
1.000966
1.000594
1.001054
1.000074
1.000213
1.000642
1.001675
1.000285
1.000184
1.000316
1.000097
0.999994
0.999952
0.999995
1.000022
1.000655
1.000551
1.000238
1.001410
1.000347
1.000159
1.000004
1.000429
1.000358
1.000695
1.000698
1.000655
1.001121
1.000074
1.000187
1.000414
1.001443
1.000178
1.000509
1.000655
0.999997
0.999999
0.999975
0.999997
1.000097
1.000326
1.000507
1.000210
1.001411
1.000230
1.000108
0.999996
1.000430
1.000826
1.001298
1.000409
1.000041
1.000786
1.000060
1.000150
1.000283
1.000816
1.000020
1.000204
1.000661
1.000002
0.999998
1.000145
1.000039
1.000089
1.000724
1.000719
1.000013
1.000051
0.999964
1.000453
1.000596
1.000073
1.000851
0.999951
0.999942
1.001052
1.000318
1.000578
1.001035
0.999943
1.000559
1.000073
1.001230
1.000744
1.000395
0.999980
1.000020
1.000028
1.000374
1.000635
1.001266
0.999964
1.000147
0.999999
1.001035
1.000336
1.000141
1.001172
0.999963
0.999935
1.001616
1.000127
1.000258
1.000962
0.999922
1.000072
1.000034
1.001243
1.000745
1.000178
0.999985
1.000291
0.999979
1.000343
1.000739
1.000731
0.999955
0.999997
0.999955
1.000951
1.000978
1.000672
1.000615
0.999932
0.999963
1.000263
1.000071
1.000709
1.000946
0.999925
1.000029
1.000084
1.000573
1.000722
1.000311
0.999983
1.000013
1.000006
1.000155
1.000813
1.000557
1.000017
0.999974
0.999980
1.000921
1.000919
1.000662
1.000595
0.999971
0.999923
1.001186
1.000073
1.000717
1.000338
0.999976
1.000449
0.999969
1.001349
1.000717
1.000370
0.999992
0.999952
1.000482
1.000083
1.000291
1.000721
1.001178
1.000044
1.000000
1.000160
1.001231
0.999981
1.001389
1.000293
1.000142
1.000209
0.999986
1.001894
1.000115
0.999964
0.999939
1.000701
1.000467
1.000548
1.000074
1.000877
0.999993
1.000058
1.000066
1.000281
1.000736
1.001259
0.999992
1.000064
1.000106
1.001901
0.999986
1.000196
1.000157
1.000154
1.000238
0.999962
1.001887
1.000094
0.999947
1.000101
1.001402
1.000192
1.000448
1.000066
1.000891
0.999957
1.000900
1.000060
1.000565
1.000707
1.001191
0.999970
0.999988
1.000005
1.000325
1.000021
1.000639
1.000286
1.000283
1.000916
1.000010
1.001424
1.000048
0.999912
1.000006
1.000692
1.000434
1.000303
1.000004
1.000087
0.999996
1.000045
1.000054
1.000095
1.000293
1.001571
0.999959
1.000035
1.000086
1.001022
1.000057
1.000631
1.000290
1.000152
1.000533
1.000023
1.000349
1.000059
0.999981
1.000019
1.002044
1.000730
1.000291
1.000082
1.000540
0.999926
1.001182
1.001305
1.000960
1.000389
1.001815
1.000493
1.000730
1.000084
0.999877
1.000471
1.000656
1.000885
1.000764
1.000434
1.000920
0.999979
1.000184
1.001046
1.000926
1.002597
1.001014
1.000849
1.000815
1.000750
1.000114
1.001361
1.001024
1.000858
1.000321
1.001858
1.000508
1.000745
1.000163
0.999971
1.001534
1.000953
1.000775
1.000778
1.000447
1.000254
0.999948
1.000257
1.001189
1.000359
1.001885
1.001392
1.000719
1.000221
1.000471
1.000018
1.000503
1.000271
1.000509
1.000511
1.002195
1.000673
1.000766
1.000180
1.000377
1.000641
1.000457
1.000843
1.000890
1.000555
1.000953
1.000022
1.000263
1.001615
1.000519
1.002599
1.001196
1.000958
1.001064
1.001393
1.000445
1.001653
1.001613
1.001322
1.001146
1.001716
1.000345
1.000766
1.000150
1.000058
1.000671
1.000540
1.000902
1.000778
1.000444
1.001347
1.000708
1.000181
1.001616
1.000390
1.001285
1.000577
1.000964
1.001315
1.001044
1.001193
1.000380
1.000615
0.999980
0.999961
0.999924
1.000888
1.002253
1.002074
0.999995
1.000583
1.000017
1.000088
0.999976
0.999993
1.000308
1.000024
1.001002
1.001119
1.000344
0.999999
0.999940
1.000009
1.000648
1.000284
1.000916
1.000627
1.001250
0.999968
0.999949
0.999927
1.000873
1.002266
1.001766
0.999999
1.000039
1.000036
1.000022
1.000081
0.999991
1.001062
1.000000
1.001028
1.001135
1.000361
1.000010
0.999982
0.999978
1.001279
1.000514
1.000775
1.000537
1.001301
0.999972
0.999968
1.000023
1.000342
1.001841
1.002298
0.999918
1.000920
1.000007
0.999976
1.000099
1.000001
1.000324
1.000013
1.001207
1.000698
1.001139
0.999975
0.999981
0.999972
1.000903
1.000665
1.001178
1.000508
1.000282
0.999984
0.999923
0.999983
1.000355
1.001127
1.001015
0.999969
1.000979
0.999998
1.000023
1.000079
0.999968
1.000351
1.000095
1.001622
1.001416
1.000374
1.000010
0.999965
0.999971
1.000915
1.000480
1.000021
1.000009
1.000059
0.999999
0.999961
0.999942
1.000286
1.000125
1.000265
0.999975
0.999983
0.999978
1.000399
1.000795
0.999990
1.000038
0.999972
1.000726
1.000137
1.000555
0.999985
0.999950
1.000024
1.000044
0.999990
1.000066
1.000014
1.000019
0.999992
0.999958
0.999971
1.000335
1.000037
1.000072
0.999989
1.000007
1.000026
1.000406
1.000411
0.999986
0.999970
0.999978
1.000709
1.000139
1.000500
0.999961
0.999947
1.000019
1.000038
0.999982
1.000050
1.000002
1.000028
1.000024
0.999958
0.999997
1.000642
1.000107
1.000080
0.999949
0.999992
1.000027
1.000794
1.000450
0.999981
0.999934
1.000022
1.000040
1.000011
1.000053
1.000019
0.999951
1.000021
1.000086
0.999991
1.000003
1.000001
1.000057
1.000004
0.999961
0.999957
1.000500
1.000051
1.000426
0.999976
0.999924
0.999999
1.000759
1.000405
0.999978
0.999980
0.999990
1.000268
1.000122
1.000575
0.999973
0.999947
1.000019
1.000044
0.999997
1.000032
0.999993
1.000045
1.000716
1.000683
1.000683
1.000201
1.000341
0.999987
1.000080
1.000092
1.000042
1.000027
0.999962
1.000276
1.000399
1.000394
0.999988
1.000155
1.000052
1.000605
1.000811
1.001225
1.000132
0.999982
1.000266
1.000014
1.000021
1.001219
1.000718
1.000594
1.000078
1.000366
0.999955
1.000398
1.000088
1.000047
1.000016
0.999987
1.000723
1.000222
1.000058
0.999970
1.000071
1.000031
1.000683
1.000966
1.000971
1.000101
0.999977
1.000024
0.999992
1.000094
1.000777
1.000812
1.000790
1.000219
1.000309
1.000044
1.000023
1.000291
1.000280
0.999982
0.999990
1.000636
1.000236
1.000331
0.999973
1.000562
1.000132
1.000606
1.000813
1.000759
1.000112
0.999989
1.000882
1.000016
1.000033
1.001444
1.000946
1.000860
1.000093
1.000368
0.999966
1.000399
1.000240
1.000270
1.000003
1.000011
1.000042
1.000092
1.000069
0.999992
1.000112
1.000280
1.000861
1.000951
1.001420
1.000020
0.999972
1.000489
1.000150
1.002227
1.002790
1.002194
1.000896
1.000120
1.000126
1.000244
1.001622
1.000940
1.000200
0.999977
1.000048
1.000390
1.000943
1.001373
0.999997
1.000278
1.000159
1.000757
1.002027
1.002319
1.001461
1.000049
1.000102
1.000155
1.001497
1.001852
1.001701
1.000611
1.000173
1.000317
1.000003
1.001383
1.001077
1.000212
0.999996
0.999989
1.000003
1.000924
1.001620
1.000457
1.000569
1.000181
1.000933
1.001768
1.002053
1.001299
1.000127
1.000483
1.000009
1.001255
1.002452
1.002033
1.000535
1.000048
1.000116
1.000218
1.001773
1.000898
1.000298
1.000039
1.000029
1.000064
1.001031
1.001059
0.999989
1.000145
1.000108
1.000735
1.002047
1.002792
1.001624
1.000067
0.999990
1.000166
1.001601
1.002092
1.001950
1.000705
1.000042
1.000264
0.999978
1.001073
1.001018
1.000262
0.999989
0.999988
1.000269
1.001044
1.001627
1.000459
1.000343
1.000025
1.000707
1.001951
1.001768
1.001249
1.000283
0.999970
1.001081
1.000630
1.000030
0.999998
1.000602
1.000088
1.000001
1.000028
1.000600
1.000385
1.000793
1.002012
1.001698
1.000367
1.000166
1.000515
1.000371
1.000020
1.000569
1.000607
0.999984
1.000030
1.000638
1.000873
0.999958
1.001634
1.001316
0.999968
1.000032
1.000691
1.000107
0.999970
1.000114
1.000532
1.000269
1.000779
1.002002
1.001992
1.000782
1.000385
1.000598
1.000054
0.999978
1.000175
1.000185
0.999985
0.999974
1.001285
1.000703
0.999937
1.001911
1.001192
0.999999
1.000016
1.000595
1.000114
1.000022
1.000292
1.000480
1.000291
1.000460
1.001674
1.001663
1.000336
1.000286
1.000792
1.000090
0.999994
1.000086
1.000168
0.999985
0.999998
1.000639
1.000721
0.999983
1.000734
1.000648
1.000025
0.999992
1.000619
1.000553
1.000026
1.000515
1.000812
1.000456
1.000894
1.002009
1.002011
1.000895
1.000434
1.000573
1.000065
0.999987
1.000164
1.000607
1.000028
0.999975
1.001648
1.001661
1.000117
1.000739
1.000033
1.000012
1.000094
0.999969
1.000758
1.000492
1.000534
0.999988
1.000111
1.001062
1.000000
0.999996
1.000930
1.000079
0.999969
1.000098
1.000079
1.000047
0.999950
1.000024
1.000033
1.000083
1.000978
1.000067
1.000163
0.999993
1.000138
1.000091
0.999984
1.000759
1.000500
1.000348
0.999974
0.999985
1.000615
1.000009
1.000004
1.000615
1.000111
1.000008
1.000331
1.000082
1.000220
1.000033
0.999990
1.000098
0.999986
1.001288
1.000070
1.000182
1.000041
0.999997
1.000094
0.999995
1.000568
0.999985
1.000103
1.000005
1.000112
1.001101
0.999986
1.000032
1.000643
1.000125
0.999982
1.000529
1.000487
1.000370
0.999998
0.999993
1.000003
1.000028
1.000871
1.000293
1.001271
1.000040
1.000038
1.000025
0.999946
1.000041
1.000100
1.000195
0.999932
0.999967
1.000914
0.999994
1.000001
1.000910
0.999978
0.999977
1.000362
1.000081
1.000566
0.999976
1.000117
0.999972
0.999968
1.000192
1.000035
1.000030
0.999913
0.999950
1.000061
0.999980
0.999951
1.000105
1.000009
0.999953
1.000018
0.999978
1.000008
0.999988
0.999997
1.000020
0.999944
1.000012
1.000122
0.999973
0.999890
1.000039
1.000005
0.999934
1.000031
1.000009
1.000022
1.000020
1.000018
1.000030
0.999974
0.999951
1.000098
1.000059
0.999914
0.999950
1.000013
0.999998
0.999993
0.999974
1.000010
0.999988
0.999996
1.000088
0.999948
0.999971
1.000056
1.000050
0.999973
0.999948
1.000033
1.000046
0.999920
0.999950
1.000061
1.000028
0.999964
0.999969
0.999962
1.000031
1.000018
0.999988
1.000003
1.000006
1.000005
0.999983
0.999907
1.000026
1.000123
0.999973
0.999895
1.000039
1.000005
0.999916
1.000017
0.999994
1.000027
0.999934
0.999996
1.000015
0.999894
0.999973
1.000132
1.000048
0.999893
0.999962
1.000029
1.000001
1.000007
1.000033
0.999962
0.999969
0.999976
0.999984
1.000020
0.999939
1.000038
0.999996
0.999899
1.000030
1.000047
0.999997
0.999816
0.999864
1.000103
1.000069
0.999976
1.000162
1.000048
0.999973
1.000042
0.999977
1.000025
1.000013
0.999990
1.000032
0.999960
1.000048
1.000210
0.999933
0.999787
1.000015
0.999945
0.999887
1.000070
0.999984
0.999985
1.000085
1.000076
1.000082
1.000060
0.999976
1.000159
1.000100
0.999854
0.999937
0.999983
0.999982
0.999970
0.999938
1.000055
0.999998
1.000050
1.000210
0.999896
0.999949
1.000127
1.000105
1.000019
0.999915
1.000020
0.999987
0.999825
0.999864
1.000103
1.000114
0.999964
0.999898
0.999890
1.000052
1.000042
0.999977
1.000048
0.999971
0.999977
0.999944
0.999858
1.000084
1.000208
0.999933
0.999787
1.000015
0.999956
0.999795
0.999997
1.000017
1.000079
0.999902
0.999908
0.999969
0.999807
0.999933
1.000210
1.000097
0.999856
0.999929
1.000026
1.000025
1.000027
1.000026
0.999929
0.999935
0.999901
0.999959
1.000108
0.999927
1.000004
0.999956
0.999795
0.999997
