0.497509
0.495954
0.498376
0.500358
0.496793
0.499850
0.497443
0.496693
0.495299
0.497248
0.499317
0.495371
0.498727
0.497027
0.495288
0.497365
0.498806
0.497303
0.495268
0.498868
0.496238
0.499994
0.498410
0.496271
0.497324
0.499484
0.497208
0.496206
0.498448
0.499994
0.496238
0.498862
0.496632
0.495259
0.498709
0.495347
0.498261
0.495168
0.498720
0.495305
0.499204
0.497208
0.497205
0.495223
0.498825
0.496162
0.499994
0.498448
0.496293
0.497262
0.499370
0.495833
0.498261
0.500358
0.496793
0.499845
0.495560
0.496767
0.498991
0.495559
0.497173
0.498267
0.495168
0.498707
0.496707
0.495413
0.498793
0.497303
0.495330
0.497449
0.499838
0.498259
0.496641
0.497801
0.498734
0.495568
0.498738
0.496285
0.500348
0.496759
0.497894
0.498869
0.495201
0.498996
0.495600
0.499200
0.496839
0.495184
0.498707
0.496636
0.495354
0.498786
0.495275
0.498143
0.495478
0.498178
0.498515
0.498522
0.497814
0.498743
0.754650
0.753892
0.754810
0.756107
0.754047
0.755568
0.753924
0.753903
0.753588
0.754162
0.754841
0.753007
0.755079
0.754154
0.752815
0.754266
0.755192
0.753991
0.753111
0.755093
0.753643
0.755879
0.755217
0.754084
0.754669
0.755271
0.754455
0.754387
0.755034
0.755901
0.753689
0.755109
0.753768
0.753606
0.754808
0.753547
0.754856
0.753259
0.755066
0.752815
0.755148
0.754031
0.754341
0.753136
0.754791
0.753877
0.755891
0.755046
0.754230
0.754475
0.755580
0.753469
0.754967
0.756116
0.754024
0.755538
0.753211
0.753957
0.755096
0.753259
0.754309
0.754906
0.753304
0.755038
0.753813
0.753389
0.755155
0.753998
0.753285
0.753953
0.755565
0.755004
0.754292
0.755008
0.755516
0.753879
0.755513
0.754103
0.756100
0.754179
0.754499
0.755122
0.752964
0.755091
0.753259
0.755139
0.753584
0.753393
0.755052
0.753602
0.753533
0.755153
0.753454
0.754629
0.753418
0.754578
0.754920
0.755201
0.755037
0.755519
1.000134
0.999949
0.999802
0.999899
0.999815
0.999970
1.000061
0.999828
0.999997
1.000106
1.000000
0.999890
0.999961
0.999972
0.999906
0.999943
1.000106
0.999912
0.999864
1.000076
0.999960
0.999928
0.999850
0.999880
1.000017
1.000173
1.000031
0.999831
0.999892
0.999869
1.000025
1.000024
0.999901
0.999930
1.000141
0.999940
0.999895
1.000034
0.999942
0.999888
0.999948
1.000146
0.999946
0.999874
1.000017
1.000087
0.999944
0.999878
0.999822
1.000051
1.000142
1.000045
0.999854
0.999825
0.999933
1.000011
1.000034
0.999819
0.999983
1.000158
0.999995
0.999831
0.999944
0.999977
0.999890
0.999994
1.000121
0.999930
0.999834
1.000076
1.000006
0.999838
0.999909
0.999791
0.999962
1.000135
1.000021
0.999761
0.999878
0.999880
1.000023
1.000024
0.999906
0.999930
1.000132
0.999948
0.999882
0.999966
0.999945
0.999915
0.999956
1.000072
0.999928
0.999831
1.000097
0.999973
0.999847
0.999891
0.999760
1.000034
1.000125
1.000135
0.999911
0.999857
0.999975
1.000111
1.000083
0.999891
1.000084
1.000131
1.000118
0.999971
1.000023
1.000046
0.999920
1.000015
1.000196
0.999974
0.999957
1.000063
1.000081
1.000006
0.999835
0.999990
1.000154
1.000199
1.000109
0.999872
0.999910
0.999936
1.000040
1.000113
0.999961
0.999982
1.000126
1.000011
1.000018
1.000094
0.999997
0.999920
1.000013
1.000202
0.999968
0.999951
1.000058
1.000084
1.000021
0.999851
0.999929
1.000173
1.000117
1.000135
0.999897
0.999828
1.000070
1.000145
1.000025
0.999890
1.000048
1.000160
1.000106
0.999963
1.000019
1.000011
0.999970
1.000118
1.000159
0.999976
0.999947
1.000108
1.000014
0.999990
0.999903
0.999872
1.000134
1.000125
1.000153
0.999910
0.999880
0.999927
1.000040
1.000129
0.999956
0.999999
1.000192
1.000006
0.999920
1.000014
1.000099
0.999987
0.999951
1.000214
1.000035
0.999851
1.000135
1.000113
0.999936
0.999868
0.999904
1.000152
0.999810
0.999838
0.999718
0.999914
1.000026
0.999948
0.999501
0.999772
0.999866
0.999975
0.999612
0.999475
0.999599
0.999592
0.999456
0.999495
0.999870
0.999899
0.999855
0.999489
0.999981
0.999992
0.999948
0.999661
0.999871
0.999735
0.999825
0.999809
1.000005
0.999887
0.999865
0.999360
0.999782
0.999844
0.999873
0.999524
0.999518
0.999617
0.999591
0.999456
0.999495
0.999864
0.999854
0.999802
0.999360
1.000002
0.999991
0.999996
0.999527
0.999522
0.999695
0.999909
0.999716
0.999825
1.000060
1.000038
0.999519
0.999724
0.999756
0.999910
0.999540
0.999349
0.999554
0.999563
0.999377
0.999573
0.999924
0.999837
0.999842
0.999402
0.999861
1.000018
1.000065
0.999518
0.999704
0.999787
0.999776
0.999546
1.000024
0.999887
0.999879
0.999308
0.999684
0.999721
0.999802
0.999495
0.999456
0.999614
0.999625
0.999460
0.999498
0.999841
0.999803
0.999710
0.999360
0.999898
0.999987
0.999974
0.999688
0.999842
0.998321
0.998101
0.998207
0.998329
0.998071
0.998202
0.998553
0.998375
0.998023
0.997961
0.997718
0.997642
0.998037
0.998091
0.997699
0.997829
0.998026
0.998004
0.998332
0.998529
0.998104
0.997989
0.998367
0.998274
0.998177
0.998275
0.998215
0.998274
0.998405
0.998106
0.998268
0.998631
0.998378
0.998020
0.998019
0.997812
0.997619
0.998021
0.998091
0.997699
0.997829
0.998018
0.998020
0.998381
0.998499
0.998172
0.998060
0.998352
0.998364
0.998286
0.998338
0.998153
0.998275
0.998376
0.998104
0.998249
0.998576
0.998420
0.998097
0.998004
0.997830
0.997878
0.998239
0.998199
0.997805
0.997788
0.998002
0.998036
0.998325
0.998501
0.998234
0.998121
0.998388
0.998279
0.998215
0.998266
0.998029
0.998135
0.998406
0.998106
0.998267
0.998606
0.998438
0.998152
0.998082
0.997831
0.997666
0.998042
0.998141
0.997768
0.997828
0.998057
0.998055
0.998371
0.998656
0.998258
0.998071
0.998231
0.998125
0.998192
0.999946
0.999907
0.999582
0.999372
0.999653
0.999330
0.999717
0.999121
0.999374
0.999598
0.999900
0.999816
0.999849
0.999883
0.999887
0.999900
0.999710
0.999260
0.999076
0.999526
0.999052
0.999561
0.999454
0.999697
0.999870
0.999830
0.999778
0.999616
0.999417
0.999623
0.999075
0.999571
0.999220
0.999268
0.999701
0.999908
0.999789
0.999823
0.999877
0.999884
0.999900
0.999667
0.999274
0.999201
0.999705
0.999474
0.999668
0.999228
0.999676
1.000029
0.999914
0.999695
0.999733
0.999573
0.999758
0.999243
0.999534
0.999179
0.999304
0.999721
0.999946
0.999771
0.999818
0.999882
0.999878
0.999965
0.999604
0.999334
0.999123
0.999561
0.999133
0.999638
0.999317
0.999605
0.999942
0.999811
0.999803
0.999586
0.999489
0.999669
0.999097
0.999692
0.999271
0.999318
0.999742
0.999873
0.999936
0.999873
0.999872
0.999890
0.999930
0.999695
0.999233
0.999122
0.999478
0.999246
0.999978
0.999697
0.999784
0.999845
1.000063
1.000026
0.999845
0.999979
0.999997
0.999901
0.999917
1.000023
0.999919
0.999871
1.000036
1.000058
0.999931
0.999922
1.000057
1.000048
0.999871
0.999938
0.999991
0.999995
1.000059
1.000108
0.999957
0.999956
1.000186
0.999894
0.999857
1.000120
1.000093
0.999948
0.999921
0.999949
0.999883
1.000008
0.999884
0.999997
1.000036
0.999854
1.000022
1.000110
0.999972
0.999965
0.999976
0.999913
1.000034
0.999863
0.999922
0.999905
0.999933
1.000129
1.000034
0.999840
0.999959
1.000062
1.000024
0.999946
0.999942
0.999988
0.999952
0.999762
1.000025
1.000073
0.999965
0.999903
0.999991
0.999927
0.999977
0.999988
0.999949
0.999979
0.999929
0.999977
0.999979
0.999800
0.999963
1.000128
0.999969
1.000078
0.999985
0.999845
0.999919
0.999875
0.999897
1.000033
0.999917
0.999878
1.000024
0.999960
0.999930
1.000104
0.999964
0.999888
1.000009
0.999943
1.000072
0.999916
0.999825
0.999947
1.000093
0.999942
0.999342
0.999231
0.999372
0.999523
0.999469
0.999950
0.999901
0.999987
1.000029
0.999762
0.999105
0.999542
0.999217
0.999242
0.999422
0.999125
0.999846
0.999980
0.999943
0.999760
0.999832
0.999220
0.999518
0.999466
0.999374
0.999450
0.999351
0.999511
0.999542
0.999427
0.999911
0.999943
0.999901
1.000081
0.999822
0.999275
0.999567
0.999253
0.999121
0.999362
0.999188
0.999844
1.000003
0.999919
0.999791
1.000009
0.999569
0.999718
0.999414
0.999146
0.999358
0.999186
0.999333
0.999679
0.999341
0.999871
0.999855
0.999921
1.000057
0.999822
0.999273
0.999467
0.999155
0.999250
0.999583
0.999159
0.999702
1.000062
0.999919
0.999812
0.999845
0.999468
0.999523
0.999369
0.999399
0.999548
0.999528
0.999630
0.999696
0.999559
0.999954
0.999920
0.999893
1.000108
0.999852
0.999343
0.999583
0.999249
0.999164
0.999343
0.999160
0.999820
1.000057
0.999915
0.999781
0.999896
0.999561
0.999651
0.999385
0.999201
0.999995
1.000019
0.999931
0.999958
0.999867
1.000063
1.000078
0.999994
0.999920
0.999800
1.000032
1.000007
0.999998
0.999987
0.999988
1.000126
0.999892
0.999881
0.999982
1.000163
0.999976
0.999887
1.000075
0.999914
0.999950
1.000016
0.999961
0.999949
1.000019
0.999902
0.999997
0.999989
0.999947
0.999972
0.999987
0.999963
0.999988
0.999947
1.000049
1.000004
0.999920
0.999810
0.999950
0.999984
1.000062
1.000046
0.999888
1.000020
0.999981
1.000005
0.999971
0.999981
0.999961
1.000099
0.999925
0.999915
1.000109
0.999909
0.999921
1.000008
0.999905
1.000004
1.000042
0.999946
0.999998
0.999924
0.999881
0.999977
0.999926
1.000094
0.999992
0.999880
0.999958
0.999991
0.999961
0.999959
0.999985
0.999998
0.999968
0.999873
1.000067
1.000078
0.999898
1.000022
0.999892
0.999906
0.999960
0.999944
1.000044
0.999997
0.999944
0.999950
0.999980
0.999955
1.000069
0.999994
0.999887
1.000039
0.999957
0.999957
1.000022
0.999984
0.999998
1.000022
1.000018
1.000012
1.000124
1.000081
0.999874
0.999889
1.000131
1.000078
1.000036
1.000047
1.000031
1.000148
0.999971
0.999825
1.000083
1.000207
0.999979
0.999899
1.000128
1.000010
0.999985
0.999990
0.999950
1.000016
1.000003
1.000096
0.999969
1.000015
1.000063
0.999943
0.999994
1.000077
1.000073
1.000026
1.000055
1.000064
1.000060
0.999900
0.999937
1.000158
1.000075
0.999943
1.000070
1.000003
1.000036
0.999995
0.999946
0.999997
1.000002
1.000117
1.000061
0.999894
1.000140
1.000104
0.999894
1.000031
1.000037
1.000034
1.000047
1.000030
1.000079
0.999999
0.999952
0.999961
1.000070
1.000168
0.999983
0.999976
1.000016
1.000087
0.999913
0.999959
1.000011
1.000036
1.000005
1.000023
1.000010
1.000120
1.000019
0.999946
0.999958
1.000080
1.000003
0.999975
1.000105
1.000036
1.000077
0.999968
0.999877
1.000063
1.000103
0.999979
1.000071
1.000088
1.000066
0.999978
0.999688
0.999522
0.999746
0.999612
0.999908
1.000183
0.999512
0.999504
0.999345
0.999521
0.999597
0.999585
0.999751
0.999729
0.999524
0.999492
0.999480
0.999421
0.999629
0.999298
0.999683
0.999651
0.999670
0.999821
0.999614
0.999665
0.999612
0.999841
0.999738
0.999980
1.000127
0.999549
0.999627
0.999381
0.999473
0.999453
0.999452
0.999724
0.999720
0.999521
0.999510
0.999369
0.999208
0.999505
0.999421
0.999976
0.999876
0.999638
0.999829
0.999690
0.999673
0.999480
0.999685
0.999570
0.999933
0.999743
0.999164
0.999534
0.999296
0.999464
0.999437
0.999422
0.999701
0.999712
0.999469
0.999490
0.999445
0.999296
0.999570
0.999578
0.999925
0.999692
0.999766
0.999903
0.999655
0.999723
0.999644
0.999832
0.999589
0.999951
0.999975
0.999278
0.999529
0.999384
0.999582
0.999552
0.999529
0.999732
0.999712
0.999474
0.999532
0.999486
0.999394
0.999626
0.999253
0.999841
0.999722
0.999531
0.999735
0.999542
0.998965
0.999077
0.999744
0.999103
0.998348
0.998960
0.998952
0.998595
0.998906
0.999169
0.999170
0.998425
0.998507
0.998521
0.998393
0.999122
0.999156
0.998903
0.998536
0.998958
0.999243
0.998728
0.999131
0.999490
0.998943
0.998961
0.998853
0.999431
0.998981
0.998392
0.999044
0.998933
0.998544
0.998878
0.999177
0.999471
0.998616
0.998457
0.998454
0.998351
0.999192
0.999263
0.998872
0.998328
0.998824
0.999227
0.998590
0.999101
0.999703
0.998904
0.998958
0.999132
0.999749
0.999222
0.998514
0.999021
0.998891
0.998328
0.998845
0.999204
0.999423
0.998735
0.998569
0.998528
0.998631
0.999408
0.999216
0.998806
0.998410
0.998889
0.999226
0.998743
0.999028
0.999367
0.998808
0.998919
0.998935
0.999553
0.999098
0.998326
0.998957
0.998857
0.998328
0.998750
0.999116
0.999135
0.998340
0.998467
0.998525
0.998625
0.999373
0.999158
0.998936
0.998629
0.999230
0.999423
0.998683
0.999166
0.999725
0.999063
0.998665
0.998641
0.998436
0.998479
0.998541
0.998162
0.998971
0.998461
0.998534
0.998383
0.998345
0.998273
0.998440
0.998434
0.998445
0.998574
0.998444
0.998535
0.998474
0.999110
0.998444
0.998708
0.998610
0.998638
0.998675
0.998479
0.998679
0.998616
0.998549
0.998622
0.998300
0.998969
0.998446
0.998516
0.998305
0.998174
0.998172
0.998482
0.998475
0.998340
0.998397
0.998443
0.998632
0.998745
0.999185
0.998299
0.998782
0.998706
0.998632
0.998746
0.998569
0.998677
0.998635
0.998569
0.998478
0.998272
0.999374
0.998738
0.998632
0.998442
0.998199
0.998126
0.998475
0.998438
0.998264
0.998354
0.998373
0.998656
0.998584
0.998972
0.998298
0.998649
0.998671
0.998838
0.998879
0.998571
0.998827
0.998695
0.998614
0.998659
0.998295
0.999356
0.998720
0.998587
0.998392
0.998497
0.998452
0.998458
0.998442
0.998264
0.998354
0.998407
0.998497
0.998398
0.998980
0.998118
0.998493
0.998572
0.998641
0.998773
0.999980
0.999814
0.999183
0.999163
0.999864
0.999642
0.999574
0.999904
0.999890
0.999552
0.999235
0.999882
0.999689
0.999519
0.999848
0.999012
0.999479
0.999920
0.999917
0.999730
0.999597
0.999734
0.998964
0.999199
0.999895
1.000057
0.999888
0.999136
0.999172
0.999831
0.999635
0.999686
0.999888
0.999890
0.999582
0.999442
0.999995
0.999714
0.999680
0.999954
0.999413
0.999517
0.999939
0.999793
0.999516
0.999568
0.999760
0.998932
0.998978
0.999576
0.999991
0.999788
0.999097
0.999192
0.999788
0.999779
0.999777
0.999794
0.999937
0.999521
0.999271
0.999867
0.999674
0.999519
0.999858
0.999110
0.999522
0.999897
0.999892
0.999594
0.999501
0.999763
0.998995
0.998996
0.999621
0.999965
0.999715
0.999009
0.998966
0.999859
0.999731
0.999780
0.999762
0.999924
0.999500
0.999034
0.999836
0.999477
0.999520
0.999858
0.999030
0.999406
0.999888
0.999876
0.999778
0.999687
0.999834
0.999044
0.999044
0.999625
0.999958
0.999982
1.000024
0.999902
0.999891
1.000053
0.999929
0.999999
1.000013
0.999919
1.000033
1.000026
0.999884
0.999877
1.000006
1.000051
0.999899
1.000000
1.000029
0.999956
1.000076
1.000032
0.999943
0.999882
1.000005
1.000066
0.999986
0.999989
0.999899
0.999910
1.000055
0.999924
1.000035
0.999979
0.999936
1.000034
1.000018
0.999892
0.999916
1.000005
1.000034
0.999956
0.999966
1.000017
0.999962
1.000122
0.999937
0.999862
0.999973
1.000083
1.000002
0.999973
1.000002
0.999855
0.999775
0.999983
0.999941
1.000035
1.000002
0.999905
1.000073
1.000084
0.999873
0.999877
0.999991
1.000058
0.999897
0.999993
1.000031
0.999880
1.000073
0.999955
0.999958
1.000039
0.999976
0.999947
1.000021
0.999972
0.999899
0.999881
1.000009
0.999896
1.000051
1.000000
0.999891
1.000052
1.000006
0.999870
0.999905
0.999988
1.000052
0.999962
0.999960
1.000037
0.999952
1.000026
0.999804
0.999904
1.000055
0.999982
0.999933
0.999966
1.000088
1.000060
0.999923
1.000059
0.999948
0.999621
0.999826
0.999980
1.000079
1.000007
1.000024
0.999937
0.999908
1.000104
0.999967
0.999851
0.999623
0.999982
1.000074
0.999832
1.000014
0.999815
0.999960
0.999741
1.000017
0.999931
1.000024
0.999882
1.000056
0.999965
0.999767
0.999974
1.000005
1.000082
0.999900
1.000004
0.999995
0.999906
1.000088
0.999997
0.999966
0.999835
1.000018
1.000092
0.999782
0.999935
0.999858
1.000065
0.999646
0.999986
1.000003
1.000040
0.999858
0.999986
1.000044
0.999666
0.999825
0.999984
1.000093
1.000000
1.000016
0.999937
0.999893
1.000117
0.999977
0.999839
0.999573
0.999982
1.000050
0.999818
1.000105
1.000116
0.999976
0.999918
0.999987
1.000004
1.000029
0.999810
1.000006
1.000031
0.999716
0.999910
0.999986
1.000080
0.999952
0.999987
1.000001
0.999932
1.000105
1.000002
0.999829
0.999651
0.999988
1.000103
0.999836
1.000008
1.000067
0.999970
0.998212
0.998541
0.999305
0.999870
0.999609
0.998920
0.999164
0.998972
0.998364
0.998700
0.999078
0.999126
0.999640
0.999808
0.999281
0.998935
0.998447
0.998290
0.998956
0.999100
0.998714
0.999637
1.000043
0.999683
0.998786
0.998395
0.998716
0.999501
0.999991
0.999590
0.998866
0.999123
0.998947
0.998295
0.998541
0.999011
0.999217
0.999753
0.999764
0.999240
0.999028
0.998553
0.998185
0.998877
0.999042
0.998694
0.999632
0.999991
0.999516
0.998687
0.998534
0.998756
0.999330
0.999917
0.999675
0.998827
0.999074
0.998995
0.998351
0.998553
0.998907
0.999072
0.999618
0.999804
0.999293
0.998949
0.998475
0.998281
0.998928
0.999251
0.998950
0.999456
0.999857
0.999325
0.998548
0.998127
0.998659
0.999471
0.999923
0.999671
0.998816
0.998993
0.999084
0.998483
0.998485
0.998952
0.999125
0.999646
0.999643
0.999100
0.999022
0.998552
0.998294
0.998959
0.999100
0.998717
0.999511
0.999900
0.999449
0.998791
1.000143
0.999850
0.999822
0.999674
0.999684
0.999824
1.000079
0.999892
0.999991
0.999981
0.999764
0.999628
0.999665
0.999675
0.999571
0.999783
0.999970
0.999972
0.999934
1.000022
1.000061
0.999582
0.999656
0.999754
0.999939
1.000143
0.999907
0.999829
0.999751
0.999643
1.000013
1.000020
0.999904
0.999983
1.000028
0.999843
0.999682
0.999720
0.999688
0.999647
0.999739
0.999961
1.000014
0.999954
1.000023
1.000011
0.999789
0.999739
0.999933
0.999888
1.000058
0.999866
0.999824
0.999672
0.999696
0.999947
1.000077
0.999911
0.999968
1.000011
0.999771
0.999665
0.999707
0.999649
0.999610
0.999819
0.999926
0.999955
1.000036
1.000058
1.000064
0.999756
0.999602
0.999760
0.999897
1.000060
0.999776
0.999951
0.999601
0.999669
0.999956
1.000083
1.000029
0.999888
0.999938
0.999800
0.999602
0.999687
0.999725
0.999692
0.999861
0.999971
0.999969
0.999934
1.000021
1.000074
0.999589
0.999588
0.999772
0.999802
0.999888
0.999196
0.998715
0.998749
0.999085
0.999616
0.999544
0.999457
0.999945
0.999981
0.999388
0.999347
0.999410
0.999412
0.999405
0.999376
0.999919
0.999915
0.999350
0.999103
0.999503
0.999371
0.998699
0.998586
0.999242
0.999957
0.999258
0.998651
0.998689
0.999236
0.999463
0.999104
0.999344
0.999980
0.999824
0.999049
0.999218
0.999404
0.999415
0.999239
0.999193
0.999959
0.999843
0.999172
0.999227
0.999486
0.999084
0.998592
0.998379
0.999315
1.000068
0.999196
0.998715
0.998748
0.999116
0.999571
0.999342
0.999282
0.999938
0.999957
0.999356
0.999330
0.999405
0.999415
0.999328
0.999357
0.999940
0.999762
0.998949
0.999119
0.999507
0.999195
0.998670
0.998550
0.999250
0.999944
0.999193
0.998577
0.998868
0.999227
0.999567
0.999351
0.999144
0.999785
0.999920
0.999372
0.999396
0.999384
0.999392
0.999341
0.999198
0.999807
0.999961
0.999347
0.999321
0.999616
0.999333
0.998741
0.998583
0.999302
0.999179
0.999377
0.999988
0.999976
0.999919
1.000049
0.999134
0.999787
1.000018
0.999582
0.999752
0.999969
1.000008
0.999998
0.999974
0.999812
0.999716
1.000032
0.999857
0.999673
1.000078
0.999983
0.999954
1.000023
0.999423
0.999147
0.999329
0.999942
0.999968
0.999993
1.000073
0.999691
0.999838
1.000058
0.999674
0.999874
0.999961
0.999931
0.999941
0.999955
0.999884
0.999674
1.000066
0.999933
0.999517
1.000032
0.999975
0.999863
1.000033
0.998902
0.999103
0.999438
0.999988
0.999981
0.999968
1.000014
0.999243
0.999816
1.000013
0.999721
0.999776
0.999994
0.999925
0.999918
1.000010
0.999738
0.999657
1.000014
0.999865
0.999216
1.000068
0.999942
0.999842
0.999985
0.999014
0.999230
0.999459
1.000009
0.999904
0.999952
1.000015
0.999213
0.999904
0.999951
0.999702
0.999810
0.999992
0.999942
0.999931
0.999944
0.999881
0.999794
1.000083
0.999721
0.999363
1.000128
0.999904
0.999996
1.000019
0.999425
0.999326
0.999449
0.999911
0.999881
0.999661
0.999514
1.000103
0.999589
0.999426
0.999918
0.999930
0.999901
0.999934
0.999917
0.999901
0.999966
0.999687
0.999031
0.999449
0.999936
0.999723
0.999696
0.999769
0.999620
0.999231
0.999177
0.999433
0.999898
0.999881
0.999673
0.999734
1.000039
0.999826
0.999360
0.999791
0.999947
0.999970
1.000040
1.000014
0.999940
0.999964
0.999790
0.999337
0.999803
1.000033
0.999767
0.999658
0.999944
0.999895
0.999649
0.999277
0.999297
0.999741
0.999808
0.999558
0.999338
1.000062
0.999814
0.999069
0.999643
0.999937
0.999957
0.999980
1.000021
1.000015
0.999956
0.999842
0.999393
0.999685
1.000073
0.999878
0.999698
0.999957
0.999831
0.999601
0.999122
0.999350
0.999831
0.999783
0.999714
0.999770
1.000004
0.999651
0.999104
0.999677
0.999962
0.999955
1.000011
1.000004
0.999925
0.999945
0.999863
0.999363
0.999729
1.000026
0.999462
0.999655
0.999866
0.999713
0.999318
0.999997
0.999975
1.000002
1.000044
0.999905
0.999990
1.000027
0.999839
0.999978
1.000078
0.999948
0.999936
0.999995
1.000050
0.999999
0.999941
0.999955
1.000007
0.999840
1.000078
0.999916
0.999941
0.999987
0.999872
1.000005
1.000009
1.000003
0.999849
1.000030
0.999877
0.999916
1.000027
0.999772
1.000053
1.000024
0.999922
0.999942
1.000042
1.000008
0.999945
0.999945
1.000016
1.000051
0.999780
1.000023
0.999940
0.999932
0.999944
0.999895
1.000024
1.000133
0.999970
0.999878
1.000021
0.999888
1.000050
1.000032
0.999765
1.000073
1.000047
0.999937
0.999950
0.999972
1.000052
1.000002
0.999911
1.000023
1.000047
0.999886
0.999997
0.999735
0.999915
1.000004
0.999803
0.999985
1.000031
1.000062
0.999847
0.999910
0.999961
0.999886
1.000042
0.999846
0.999983
0.999967
0.999956
0.999986
1.000042
0.999991
0.999938
0.999979
0.999963
1.000015
0.999823
1.000020
1.000043
0.999884
1.000081
0.999925
0.999914
1.000072
1.000024
1.000059
0.999999
0.999937
1.000070
1.000032
0.999904
1.000087
1.000106
0.999956
0.999953
0.999971
1.000003
1.000027
0.999939
1.000055
1.000059
0.999933
1.000049
1.000023
0.999982
0.999945
0.999982
1.000045
1.000043
1.000037
1.000025
0.999968
0.999952
1.000050
0.999968
0.999844
1.000127
1.000090
0.999967
0.999966
1.000014
1.000020
0.999955
0.999936
1.000100
1.000139
0.999862
0.999968
1.000078
0.999957
0.999925
1.000001
1.000016
1.000114
1.000059
0.999955
0.999977
0.999936
1.000128
1.000023
0.999806
1.000128
1.000090
0.999976
0.999968
0.999963
1.000019
1.000008
0.999936
1.000113
1.000118
0.999891
0.999985
1.000023
0.999978
1.000001
0.999995
1.000071
1.000081
1.000042
0.999972
0.999890
0.999948
1.000084
1.000121
0.999860
1.000058
1.000057
0.999953
1.000016
1.000018
0.999990
0.999955
1.000011
1.000068
1.000116
0.999894
0.999975
1.000038
0.999979
1.000040
1.000046
1.000011
0.999071
0.999000
0.999029
0.998765
0.998753
0.999301
0.999220
0.997924
0.998932
0.999007
0.999282
0.998581
0.998508
0.998994
0.998954
0.999186
0.999248
0.999118
0.997896
0.999142
0.999157
0.998703
0.998971
0.999138
0.999177
0.999189
0.999023
0.999232
0.999109
0.998787
0.999165
0.999521
0.998626
0.999406
0.999173
0.999215
0.998742
0.998757
0.998778
0.998909
0.999249
0.998932
0.999282
0.998656
0.999542
0.999196
0.998812
0.998912
0.999113
0.999155
0.999232
0.999086
0.999032
0.998817
0.998863
0.999383
0.999574
0.998663
0.999434
0.999163
0.999419
0.998698
0.998492
0.998735
0.998640
0.999058
0.999067
0.999405
0.998645
0.999593
0.999355
0.998899
0.998836
0.998975
0.999056
0.999137
0.999038
0.999142
0.998874
0.998764
0.999287
0.999144
0.997992
0.999217
0.999192
0.999407
0.998928
0.998757
0.998722
0.998704
0.999116
0.998948
0.998931
0.998047
0.999302
0.999210
0.998600
0.998684
0.999038
0.999008
0.999760
0.998960
0.998995
0.999791
1.000000
0.999815
0.999830
1.000020
0.999713
1.000083
1.000057
0.999840
0.999903
1.000118
0.999904
0.999892
1.000115
0.999898
1.000070
0.999791
0.999910
1.000032
0.999891
0.998981
0.998867
0.999693
0.999017
0.998848
0.999944
1.000003
0.999803
0.999720
0.999918
0.999896
1.000110
0.999936
0.999848
1.000045
1.000048
0.999724
0.999964
1.000117
0.999594
0.999907
0.999710
0.999762
1.000072
0.999921
0.999004
0.998796
0.999583
0.998957
0.998838
0.999900
1.000031
0.999704
0.999694
0.999920
0.999661
1.000092
1.000060
0.999829
0.999984
0.999990
0.999883
1.000068
1.000095
0.999886
0.999947
0.999692
0.999741
1.000010
0.999949
0.998854
0.998954
0.999806
0.998967
0.999119
0.999927
1.000061
0.999925
1.000028
0.999976
0.999633
1.000063
1.000069
0.999832
0.999904
1.000107
0.999901
0.999910
1.000144
0.999709
1.000031
0.999804
0.999740
1.000011
0.999818
0.998986
0.998979
0.999994
0.999939
0.999818
0.999792
1.000057
0.999928
0.999987
1.000089
0.999978
1.000089
1.000077
0.999945
0.999964
1.000104
0.999947
0.999975
1.000079
1.000002
1.000059
0.999974
1.000087
1.000051
0.999749
1.000038
0.999967
0.999953
0.999964
1.000011
0.999740
1.000005
0.999957
1.000014
1.000059
1.000016
1.000108
0.999969
0.999896
1.000049
1.000049
0.999914
0.999990
1.000081
0.999946
1.000097
0.999997
0.999911
1.000094
0.999706
0.999786
0.999944
1.000024
0.999956
0.999936
0.999986
1.000055
0.999911
0.999987
1.000081
0.999942
1.000100
1.000049
0.999944
1.000025
1.000028
0.999937
1.000061
1.000084
1.000008
1.000088
1.000023
0.999951
1.000033
0.999739
0.999950
0.999931
0.999922
0.999929
0.999851
0.999875
1.000081
1.000005
1.000055
1.000036
0.999939
1.000060
1.000082
0.999961
0.999942
1.000101
0.999947
0.999971
1.000143
0.999978
1.000049
1.000038
0.999957
0.999995
0.999891
0.999954
0.999965
0.999234
0.999649
0.999954
0.999475
0.999297
0.999219
0.998764
0.999323
0.999157
0.999499
0.998904
0.998654
0.999456
0.999428
0.998558
0.998878
0.999418
0.999150
0.999181
0.998602
0.999361
0.999405
0.999195
0.999911
0.999967
0.999611
0.999975
0.999915
0.999178
0.999270
0.999250
0.998823
0.999352
0.999263
0.999390
0.998517
0.998162
0.999194
0.999155
0.998402
0.998945
0.999362
0.998884
0.999179
0.998769
0.999149
0.999249
0.999464
0.999954
0.999638
0.999295
0.999637
0.999736
0.999262
0.999245
0.999121
0.998701
0.999345
0.999295
0.999346
0.998623
0.998524
0.999439
0.999488
0.998550
0.998622
0.999334
0.999270
0.999168
0.998320
0.999026
0.999325
0.999250
0.999944
0.999887
0.999665
0.999883
0.999925
0.999455
0.999684
0.999067
0.998560
0.999189
0.998893
0.999410
0.998752
0.998455
0.999445
0.999392
0.998535
0.998828
0.999511
0.999158
0.999064
0.998297
0.999019
0.999340
0.999115
0.999848
0.999803
0.999763
0.999274
0.999826
1.000066
0.998441
0.998515
0.998284
0.998897
0.999529
0.999132
0.999539
0.999439
0.998885
0.998408
0.998959
0.999137
0.998760
0.999713
0.999275
0.998357
0.998495
0.998354
0.999884
0.999713
0.998999
0.999607
0.998888
0.999705
0.999933
0.998416
0.998662
0.998242
0.998994
0.999646
0.998833
0.999360
0.999498
0.998690
0.999140
0.999768
0.999379
0.998803
0.999626
0.999021
0.998166
0.998562
0.998985
1.000001
0.999834
0.999259
0.999546
0.999167
0.999943
1.000032
0.998947
0.998711
0.998357
0.999155
0.999708
0.998828
0.999405
0.999461
0.998857
0.998409
0.999099
0.999422
0.998860
0.999740
0.999333
0.998676
0.998675
0.998579
1.000068
0.999968
0.999211
0.999707
0.999342
0.999933
0.999879
0.998253
0.998819
0.998607
0.999166
0.999959
0.999307
0.999421
0.999478
0.998944
0.998926
0.999338
0.999377
0.999125
0.999537
0.999159
0.998833
0.998749
0.998189
0.999914
0.999685
0.999052
0.999020
0.999247
0.998995
0.998975
0.998467
0.999221
1.000017
0.999340
0.999529
0.999099
0.999678
1.000086
0.999008
0.999492
1.000032
1.000043
0.999379
0.999361
0.999187
0.999963
0.999202
0.998377
0.999031
0.999131
0.999612
0.999073
0.999294
0.998946
0.998731
0.998235
0.998780
0.999873
0.999347
0.999565
0.999366
0.999956
1.000042
0.999469
0.998974
1.000094
0.999894
0.999498
0.999692
0.999425
0.999859
0.999043
0.998041
0.998645
0.998971
0.998964
0.998772
0.999542
0.998940
0.998552
0.998049
0.999019
1.000047
0.999083
0.999413
0.999427
0.999843
1.000104
0.999027
0.999497
1.000031
0.999868
0.999355
0.999331
0.999087
1.000006
0.999160
0.998008
0.998533
0.998942
0.999319
0.998921
0.999425
0.998957
0.998731
0.998434
0.998986
0.999924
0.999133
0.999052
0.998839
0.999928
1.000055
0.998995
0.999017
1.000055
0.999921
0.999095
0.999491
0.998858
0.999786
0.998872
0.998285
0.998727
0.998825
0.999281
0.999725
0.999953
1.000092
0.999397
0.999875
0.999743
1.000027
0.999294
0.999886
0.999978
0.999981
0.999997
0.999963
0.999884
0.999922
1.000024
0.999945
0.999887
0.999187
0.999940
0.999704
1.000011
0.999026
0.999971
0.999931
0.999896
0.999977
0.999983
0.999737
0.999955
0.999913
1.000020
0.999181
0.999901
0.999925
0.999951
1.000022
0.999862
0.999983
0.999965
0.999951
0.999999
0.999909
0.999262
0.999897
0.999932
0.999907
0.999453
1.000061
0.999987
0.999885
0.999953
0.999960
0.999263
0.999965
0.999762
1.000019
0.999360
0.999881
0.999994
0.999949
1.000074
0.999957
0.999919
0.999907
0.999995
0.999958
0.999897
0.999370
1.000020
0.999769
0.999984
0.999058
0.999963
0.999943
0.999918
0.999872
1.000009
0.999726
0.999963
0.999832
0.999933
0.999296
0.999921
1.000004
0.999994
1.000017
0.999907
0.999926
1.000017
0.999994
0.999963
0.999892
0.999559
0.999901
0.999868
0.999964
0.999703
1.000062
1.000004
1.000014
0.999951
1.000072
1.000080
0.999990
0.999976
0.999989
1.000116
0.999949
0.999939
1.000005
1.000121
0.999964
0.999944
1.000109
1.000013
0.999915
0.999885
1.000126
0.999872
0.999900
1.000112
1.000038
0.999915
0.999870
1.000040
0.999976
0.999904
0.999946
1.000035
0.999979
0.999845
1.000110
0.999892
0.999940
1.000010
1.000044
0.999905
0.999961
1.000047
0.999974
0.999964
0.999960
1.000045
0.999896
1.000008
0.999991
0.999981
0.999949
0.999964
1.000022
0.999901
1.000065
1.000048
0.999987
0.999972
0.999945
1.000136
0.999947
0.999959
0.999994
1.000047
0.999979
0.999999
1.000078
0.999975
0.999965
0.999818
1.000062
0.999871
0.999946
1.000090
1.000036
0.999924
0.999954
1.000007
0.999948
1.000009
1.000025
1.000082
0.999962
0.999879
1.000091
0.999983
0.999930
1.000035
1.000091
0.999958
0.999964
1.000091
1.000030
0.999927
1.000050
1.000087
0.999795
0.999984
1.000050
1.000051
0.999983
0.999921
0.999807
0.999228
0.998058
0.999440
0.999587
0.999014
0.999084
1.000072
0.999371
0.999817
0.999191
0.999773
0.999374
0.999382
0.999524
0.998938
0.999808
0.999684
1.000124
0.998949
0.999053
0.999704
0.999884
0.998857
0.999635
0.999742
0.999448
0.998932
1.000003
0.999771
0.999018
0.999223
1.000116
0.999687
0.999847
0.999296
1.000028
0.999576
0.999568
0.999833
0.998873
0.999787
0.999364
1.000070
0.999130
0.998980
0.999611
0.999993
0.998852
0.999502
0.999766
0.999639
0.998459
0.999510
0.999586
0.998827
0.998912
1.000110
0.999371
0.999840
0.999282
0.999887
0.999393
0.999370
0.999870
0.999287
0.999788
0.999514
1.000077
0.999288
0.999029
0.999719
0.999912
0.998911
0.999438
0.999481
0.999471
0.998659
0.999676
0.999572
0.998913
0.998735
1.000012
0.999218
0.999777
0.999186
0.999783
0.999388
0.999395
0.999788
0.999220
0.999770
0.999112
1.000076
0.999491
0.999011
0.999547
0.999462
0.998028
0.999272
0.999185
0.999624
0.998813
0.998435
0.998290
0.998538
0.998258
0.998978
0.999953
0.998889
0.999106
0.998594
0.998826
0.998939
0.998939
0.999359
0.998443
0.999474
0.999072
0.998427
0.998543
0.998294
0.998432
0.998452
0.999381
0.999364
0.999374
0.998214
0.998260
0.998309
0.998542
0.998305
0.999022
0.999979
0.998461
0.998655
0.998564
0.998817
0.998930
0.998534
0.998767
0.998665
0.999995
0.999023
0.998190
0.998383
0.998089
0.998352
0.998453
0.999295
0.999104
0.999278
0.998457
0.998416
0.998343
0.998590
0.998231
0.999017
0.999991
0.998887
0.999040
0.998664
0.998927
0.998810
0.998567
0.999037
0.998470
0.999392
0.998627
0.998089
0.998547
0.998232
0.998156
0.998189
0.999354
0.999427
0.999416
0.998395
0.998288
0.998164
0.998551
0.998458
0.998938
0.999729
0.998894
0.999105
0.998694
0.998928
0.998813
0.998578
0.998671
0.998113
0.999422
0.998615
0.998112
0.998611
0.998345
0.998433
0.998818
0.999528
1.000060
0.999850
0.999885
1.000019
0.999885
0.999938
1.000035
0.999509
0.999932
0.999288
0.999997
0.999963
0.999888
0.999931
0.999949
1.000027
0.999783
0.999919
0.999464
0.999952
0.999950
0.999875
0.999983
1.000015
0.999638
0.999976
0.999878
0.999918
1.000001
0.999864
0.999961
1.000014
0.999651
0.999947
0.999619
1.000003
1.000088
0.999877
0.999934
1.000014
1.000037
0.999298
0.999798
0.999367
1.000110
0.999952
0.999907
0.999961
1.000023
0.999454
1.000020
0.999446
0.999955
0.999974
0.999921
0.999981
1.000067
0.999633
0.999869
0.999038
1.000112
1.000027
0.999894
0.999887
1.000039
1.000057
0.999579
0.999988
0.999821
0.999988
1.000021
0.999946
0.999952
0.999983
0.999647
0.999954
0.999646
1.000033
0.999962
0.999932
0.999984
0.999989
0.999850
1.000031
0.999288
0.999995
0.999970
0.999927
0.999929
1.000003
0.999989
0.999876
0.999963
0.999836
1.000007
0.999972
0.999938
1.000011
0.999938
0.999515
0.999901
0.999978
0.999968
1.000024
1.000028
0.999935
1.000057
1.000002
0.999601
0.999971
0.999946
1.000041
0.999943
0.999963
1.000062
0.999964
0.999934
0.999799
1.000088
1.000044
0.999896
0.999996
1.000033
0.999937
0.999876
0.999986
0.999959
0.999953
1.000005
1.000064
1.000029
1.000007
0.999975
0.999623
0.999918
0.999997
1.000111
0.999910
0.999961
1.000013
0.999895
1.000036
0.999806
0.999978
1.000159
0.999975
0.999920
1.000013
0.999962
0.999988
1.000060
1.000047
0.999968
1.000005
1.000002
0.999997
1.000041
1.000019
0.999611
0.999898
0.999972
1.000096
0.999924
0.999922
1.000075
0.999904
1.000021
0.999723
0.999927
1.000006
1.000036
1.000018
0.999989
0.999954
0.999878
0.999954
0.999969
0.999983
1.000014
1.000010
0.999925
1.000060
1.000035
0.999712
0.999960
0.999944
1.000062
0.999952
0.999969
1.000062
0.999951
1.000006
0.999874
0.999972
1.000017
0.999984
0.999997
1.000007
0.999951
0.999979
0.999688
0.999975
1.000010
0.999994
0.999946
0.999203
1.000030
0.999687
0.999963
1.000042
0.999375
0.999189
0.998987
0.998835
0.998792
0.999267
1.000003
0.999922
0.999336
1.000038
0.999598
0.999988
1.000057
0.999994
0.999942
0.999025
1.000017
0.999963
0.999992
0.999999
0.999012
0.999941
0.999705
0.999965
1.000012
0.999668
0.999315
0.998850
0.999071
0.999209
0.999545
1.000039
0.999962
0.999518
0.999838
0.998911
0.999957
1.000021
0.999954
1.000000
0.998938
0.999984
0.999985
0.999977
0.999963
0.998897
1.000056
0.999525
0.999991
0.999971
0.999800
0.999208
0.998982
0.999075
0.998935
0.999309
1.000024
1.000020
0.999458
0.999913
0.999048
1.000003
1.000026
0.999992
0.999978
0.999156
1.000007
0.999991
1.000030
1.000026
0.999610
1.000044
0.999397
0.999951
1.000016
0.999143
0.998788
0.998834
0.998995
0.999227
0.999524
1.000037
0.999874
0.999451
0.999913
0.999065
0.999997
0.999996
0.999998
0.999971
1.000077
0.999897
0.999874
0.999923
0.999761
1.000086
0.999949
0.999921
0.999795
0.999998
0.999976
0.999819
1.000030
0.999983
0.999935
0.999893
1.000010
0.999843
1.000070
0.999927
0.999926
0.999686
0.999999
0.999915
0.999842
1.000007
0.999592
0.999860
0.999928
0.999909
1.000099
0.999805
1.000020
0.999992
0.999983
1.000009
0.999888
0.999975
0.999967
0.999892
0.999991
0.999981
0.999998
0.999957
0.999919
1.000078
0.999878
0.999947
0.999849
0.999588
1.000085
0.999503
0.999858
0.999896
0.999926
1.000173
1.000010
1.000095
1.000026
0.999976
0.999858
0.999934
1.000048
0.999977
0.999936
0.999927
1.000027
0.999886
0.999974
0.999926
1.000044
0.999788
0.999990
0.999894
0.999852
0.999976
0.999865
0.999833
0.999962
0.999737
0.999936
1.000006
1.000068
0.999802
1.000011
0.999922
0.999935
0.999997
1.000033
0.999874
0.999906
0.999991
1.000023
1.000053
0.999922
1.000060
0.999759
0.999960
0.999910
0.999873
1.000064
1.000071
0.999816
0.998927
0.999040
1.000070
0.999871
0.999897
0.999681
0.998973
0.999457
1.000074
1.000019
1.000010
1.000026
0.999718
0.998820
0.999560
0.999835
0.999883
1.000028
0.999100
0.998461
0.999731
1.000008
0.999991
1.000072
0.999842
0.998919
0.998832
1.000132
0.999892
0.999849
0.999380
0.998839
0.999458
1.000050
0.999985
0.999997
1.000065
0.999758
0.998973
0.999467
0.999791
0.999903
1.000164
0.999217
0.998383
0.999793
1.000036
1.000063
1.000102
0.999787
0.998334
0.998704
1.000134
0.999470
0.999742
0.999441
0.998868
0.999720
1.000044
1.000063
1.000006
1.000026
0.999708
0.998807
0.999565
0.999681
0.999576
1.000101
0.999537
0.998481
0.999910
1.000054
1.000020
1.000054
0.999783
0.998313
0.999427
1.000085
0.999816
0.999975
1.000024
0.999179
0.999535
1.000018
1.000019
1.000039
1.000030
0.999863
0.998827
0.998989
0.999474
0.999919
1.000100
0.999044
0.998951
0.999805
1.000033
0.998725
0.999269
0.997962
0.997486
0.998599
0.999382
0.998431
0.998539
0.999415
0.998862
0.998479
0.998570
0.998601
0.998688
0.998347
0.998164
0.998987
0.999525
0.998623
0.998500
0.999097
0.998376
0.997915
0.998360
0.999648
0.999602
0.999613
0.997923
0.997398
0.998347
0.998744
0.997915
0.998191
0.999151
0.998868
0.998483
0.998569
0.998596
0.998669
0.998321
0.998125
0.998847
0.999142
0.998287
0.998158
0.998635
0.998169
0.998033
0.998485
0.999595
0.999046
0.999433
0.998449
0.998004
0.998654
0.999317
0.998396
0.998287
0.999142
0.998873
0.998169
0.998287
0.998596
0.998688
0.998366
0.998183
0.999043
0.999576
0.998506
0.998369
0.998857
0.998142
0.997914
0.998128
0.998974
0.998608
0.999306
0.998439
0.998005
0.998205
0.998894
0.998390
0.998279
0.999052
0.998902
0.998433
0.998311
0.998603
0.998557
0.997974
0.998077
0.999118
0.999561
0.998543
0.998069
0.999047
0.998614
0.997458
0.997966
0.999178
0.999956
0.999079
0.999555
0.999922
1.000009
0.999035
0.999540
0.999971
0.999960
0.999928
0.999941
0.998553
0.998128
0.998014
0.998436
0.999899
0.999953
0.999816
0.999992
0.999282
0.999462
1.000069
1.000002
0.999549
0.999075
0.999724
0.999075
0.999559
0.999992
1.000013
0.999470
0.999400
0.999975
0.999976
0.999928
0.999920
0.998754
0.998358
0.998247
0.998778
1.000015
0.999890
0.999940
0.999988
0.999259
0.999093
0.999998
0.999908
0.999460
0.999262
0.999942
0.998894
0.998953
0.999949
1.000037
0.999106
0.999290
0.999989
0.999945
0.999839
0.999935
0.998563
0.998125
0.998018
0.998575
0.999966
0.999911
0.999826
0.999985
0.999331
0.999087
0.999860
0.999951
0.999253
0.999411
0.999967
0.999256
0.999067
0.999926
1.000029
0.999140
0.999320
0.999984
0.999779
0.999902
0.999814
0.999013
0.998365
0.998131
0.998957
0.999887
1.000027
1.000001
0.999999
0.999442
0.999109
1.000055
0.999922
0.999556
0.999280
0.999997
1.000021
0.999910
0.999834
1.000001
0.999999
0.999956
0.999954
1.000013
0.999909
0.999954
1.000028
0.999765
0.999763
1.000027
0.999885
0.999873
1.000094
1.000093
0.999944
0.999859
1.000042
1.000003
0.999917
0.999952
1.000051
0.999952
0.999933
0.999996
1.000029
0.999874
0.999976
1.000044
1.000012
0.999901
0.999972
1.000048
0.999368
0.999397
0.999962
0.999993
0.999869
1.000007
1.000121
0.999964
0.999943
1.000012
0.999811
0.999998
0.999956
0.999992
0.999985
0.999984
0.999879
1.000017
0.999916
0.999927
1.000117
1.000046
0.999787
0.999984
1.000047
0.999771
0.999767
1.000005
0.999974
0.999883
1.000033
1.000025
0.999950
0.999958
1.000009
0.999956
1.000005
0.999926
0.999947
0.999924
1.000035
0.999860
0.999994
0.999924
0.999904
1.000104
1.000041
0.999893
0.999907
1.000037
0.999358
0.999755
0.999982
0.999923
0.999882
1.000001
1.000032
0.999968
0.999903
1.000028
0.999816
0.999971
0.999880
0.999126
0.999907
0.999905
0.999014
0.999424
0.999855
0.999947
0.999996
1.000012
0.999480
0.999941
1.000001
0.999939
0.999949
1.000001
0.999903
0.999764
0.999961
0.999903
0.999956
0.999907
0.999437
0.998369
0.999930
0.999913
0.999253
0.999890
0.999956
0.998735
0.999739
0.999770
0.999975
1.000004
1.000019
0.999380
0.999849
0.999982
0.999948
0.999955
0.999948
0.999872
0.999627
0.999942
0.999775
1.000022
0.999941
0.999735
0.999352
0.999979
1.000018
0.999527
1.000008
0.999970
0.999325
0.999747
0.999930
1.000002
0.999773
0.999977
0.999814
0.999823
0.999958
0.999905
0.999932
1.000012
0.999831
0.999424
0.999995
1.000016
0.999982
0.999918
0.999478
0.998969
0.999928
1.000001
0.999259
0.999993
0.999972
0.999174
0.999678
0.999742
0.999965
1.000031
1.000002
0.999464
0.999941
1.000042
0.999987
0.999914
0.999998
0.999849
0.999638
0.999967
0.999814
1.000031
0.999927
0.999718
0.999341
1.000020
0.999971
0.999815
0.999695
0.999926
1.000091
1.000044
0.999549
0.999518
0.999989
0.999682
1.000025
0.999837
0.999638
1.000062
1.000080
0.999638
0.999803
1.000015
0.999993
0.999972
0.999476
0.999593
0.999948
1.000066
0.999525
0.999607
0.999784
0.999671
0.999654
1.000035
0.999946
0.999815
0.999601
0.999802
0.999758
1.000028
0.999942
0.999820
1.000041
1.000053
0.999967
0.999851
1.000025
0.999862
1.000004
0.999468
0.999522
0.999963
1.000042
0.999963
0.999726
0.999942
0.999614
0.999281
0.999993
0.999840
0.999682
0.999716
1.000006
0.999814
0.999986
0.999922
0.999972
1.000049
1.000047
0.999891
0.999876
0.999990
1.000005
0.999955
0.999462
0.999457
0.999875
1.000032
0.999389
0.999703
0.999933
0.999690
0.999464
1.000060
0.999912
0.999877
0.999598
0.999947
0.999843
1.000023
0.999931
0.999740
1.000066
1.000056
1.000007
0.999890
1.000086
0.999992
0.999976
0.999469
0.999538
0.999838
0.999968
0.999999
0.999557
1.000040
0.999948
0.999626
1.000036
0.999883
1.000025
0.999854
0.999920
0.999433
1.000050
0.999863
0.999399
1.000040
1.000040
0.999394
0.999853
1.000035
0.998790
0.999964
0.999909
1.000019
1.000005
0.999964
0.999925
0.999963
1.000032
1.000025
0.999927
0.999920
0.999950
1.000000
0.999989
0.999941
0.999820
1.000070
0.999821
0.999398
1.000017
0.999945
0.998686
0.999884
1.000024
0.999827
0.999943
0.999974
1.000021
0.999889
1.000032
0.999634
0.999904
1.000078
0.999978
0.999928
0.999989
1.000007
0.999995
0.999984
1.000060
0.999636
1.000000
0.999916
0.998983
0.999932
0.999969
0.998963
0.999617
0.999990
0.998790
0.999961
0.999915
1.000021
1.000013
0.999962
0.999884
1.000025
1.000044
0.999917
0.999913
1.000049
0.999981
1.000005
0.999981
0.999942
0.999832
1.000069
0.999821
0.999384
1.000040
1.000000
0.998750
0.999548
1.000079
0.999169
0.999916
0.999993
1.000004
0.999959
1.000009
0.999354
0.999945
0.999838
0.999497
0.999983
0.998622
0.999073
0.999996
1.000016
0.999671
0.999939
0.999658
0.998482
0.999877
0.999494
0.999489
0.999852
0.998399
0.999591
0.999790
0.999518
0.999957
1.000014
0.999189
0.998948
1.000041
0.999660
0.999569
0.999820
0.999886
0.998298
0.998961
0.999933
1.000027
0.999663
0.999725
0.999866
0.998769
0.999853
0.999489
0.999326
0.999799
0.998392
0.999548
0.999719
0.999596
1.000000
0.999986
0.999004
0.998574
1.000089
0.999705
0.999613
0.999721
1.000052
0.998916
0.999051
0.999933
0.999963
0.999384
0.999433
0.999257
0.997873
0.999336
0.999322
0.999337
0.999361
0.998401
0.999819
0.999786
0.999447
0.999959
0.999985
0.999366
0.998704
0.999900
0.999801
0.999627
0.999373
0.999879
0.998159
0.998616
0.999852
1.000019
0.999594
0.999723
0.999866
0.998769
0.999853
0.999492
0.999487
0.999388
0.998230
1.000068
1.000016
0.999486
1.000002
0.999822
0.999025
0.998532
0.999879
0.999502
0.998716
0.998899
0.999505
0.999229
0.998430
0.999169
0.999417
0.999518
1.000002
0.999374
0.999501
0.999933
0.999623
0.999638
0.999932
0.999391
0.999133
0.999979
0.999782
0.999446
0.999257
0.998657
0.999354
0.999338
0.998698
0.998781
0.998663
0.999369
0.999357
0.998339
0.999169
0.999258
0.999369
0.999845
0.998732
0.999406
0.999933
0.999633
0.999835
1.000020
0.999364
0.998727
0.999847
0.999506
0.999313
0.999160
0.998372
0.999106
0.999306
0.998695
0.998772
0.998559
0.998818
0.998998
0.998555
0.999277
0.999551
0.999872
0.999955
0.999523
0.999940
1.000005
0.999914
0.999923
0.999950
0.999680
0.999363
1.000009
0.999783
0.999412
0.999253
0.998389
0.999616
0.999759
0.998662
0.998623
0.998955
1.000057
0.999585
0.998787
0.999471
0.999297
0.999483
0.999836
0.998731
0.999405
0.999933
0.999626
0.999634
0.999969
0.999910
0.999078
0.999814
0.999474
0.999296
0.999394
0.998709
0.999296
0.999734
0.999059
0.999796
0.999953
0.999918
0.999982
0.999966
1.000020
0.999960
1.000005
0.999678
0.999711
1.000061
1.000106
0.999974
0.999963
1.000103
1.000063
0.999880
0.999555
0.999999
0.999848
1.000054
1.000023
0.999931
0.999913
1.000036
0.999880
1.000023
1.000017
1.000001
1.000013
1.000000
1.000006
0.999988
0.999698
0.999894
1.000059
1.000103
0.999966
0.999969
1.000070
1.000052
0.999906
0.999752
0.999977
0.999947
0.999861
1.000076
0.999930
0.999820
1.000041
0.999687
0.999959
0.999986
1.000011
1.000058
1.000013
0.999952
1.000005
0.999709
0.999668
1.000090
1.000024
0.999946
0.999979
1.000039
1.000031
0.999708
0.999933
0.999980
0.999922
0.999795
1.000040
0.999951
0.999846
1.000029
0.999891
1.000034
0.999921
0.999978
1.000072
0.999809
0.999942
1.000015
1.000013
0.999887
1.000056
1.000110
0.999972
0.999959
1.000046
1.000064
0.999833
1.000015
0.999988
0.999992
0.999984
1.000013
1.000018
1.000007
1.000045
0.999938
0.999919
1.000060
0.999946
0.999990
1.000026
0.999970
0.999986
1.000033
0.999608
0.999984
0.999851
0.999980
0.999937
0.999834
0.999977
0.998917
0.999700
0.999968
0.999925
0.999972
1.000018
0.999931
1.000057
0.999963
0.999885
0.999963
1.000045
0.999934
0.999991
1.000026
0.999973
0.999971
1.000026
0.999265
0.999969
0.999834
0.999944
0.999965
1.000021
1.000015
0.998889
0.999707
0.999936
0.999972
1.000087
1.000040
0.999949
1.000002
1.000054
0.999949
0.999875
0.999989
0.999993
0.999990
0.999978
0.999996
0.999948
0.999628
0.999182
1.000022
1.000050
0.999989
0.999933
0.999769
0.999954
0.999626
0.999823
0.999970
0.999931
1.000088
1.000012
1.000005
1.000023
1.000027
0.999645
0.999862
0.999991
0.999927
1.000001
1.000007
0.999906
1.000045
0.999439
0.998830
0.999984
0.999839
0.999971
0.999972
1.000097
1.000009
0.999604
0.999823
0.999987
0.999963
1.000006
0.999991
1.000007
1.000023
1.000031
0.999979
0.999331
0.999017
0.998974
0.999296
0.999610
0.999011
0.998932
0.999633
0.998891
0.998335
0.999284
0.998145
0.998237
0.999159
0.998330
0.999437
0.999897
0.998909
0.999236
0.999840
0.999452
0.999306
0.999225
0.999362
0.999917
0.999374
0.999188
0.999140
0.999296
0.999607
0.999023
0.998946
0.999716
0.999533
0.998989
0.999404
0.998260
0.998264
0.999218
0.998827
0.999702
0.999877
0.999230
0.998993
0.999593
0.999395
0.999047
0.999004
0.999097
0.999961
0.999343
0.999012
0.999068
0.999639
0.999994
0.999183
0.999270
0.999825
0.999356
0.998547
0.998993
0.997866
0.998235
0.999395
0.998393
0.998892
0.999761
0.999175
0.998994
0.999595
0.999287
0.999025
0.999184
0.999251
0.999975
0.999355
0.999016
0.998931
0.999450
0.999967
0.999264
0.998937
0.999782
0.999364
0.998323
0.998769
0.997866
0.997906
0.998795
0.998583
0.999211
0.999733
0.999191
0.999002
0.999619
0.999260
0.998984
0.999060
0.999146
0.999841
0.999784
0.999804
0.998961
0.998774
0.999569
0.999733
0.999099
0.999973
0.999930
0.998695
0.999021
0.999443
0.999449
0.999309
0.998980
0.999981
0.999919
0.999118
0.999393
0.999024
0.998428
0.998658
0.999719
0.999626
0.999562
0.999708
0.999607
0.998743
0.998803
0.999356
0.999313
0.998810
0.999870
0.999729
0.998189
0.998690
0.999196
0.999215
0.998958
0.998468
0.999750
0.999609
0.998776
0.999590
0.999357
0.998778
0.998825
0.999564
0.999754
0.999674
0.999501
0.999583
0.998634
0.998392
0.999238
0.999540
0.998770
0.999654
0.999951
0.998682
0.999328
0.999729
0.999449
0.999089
0.998728
0.999957
0.999593
0.998727
0.999566
0.999356
0.998579
0.998509
0.999446
0.999766
0.999842
0.999624
0.999575
0.998821
0.998539
0.999234
0.999303
0.998825
0.999950
0.999934
0.998944
0.999539
0.999719
0.999524
0.999181
0.998437
0.999818
0.999633
0.998724
0.999735
0.999433
0.998566
0.998696
0.999594
0.999855
0.999402
0.999414
0.999998
0.999943
0.999346
0.999781
0.999847
0.999759
0.999428
0.999793
0.999929
0.999609
1.000043
1.000049
0.999581
0.999891
0.999785
0.999555
0.999885
0.999977
0.999944
0.999796
0.999987
0.999987
0.999555
0.999334
0.999439
1.000039
1.000030
0.999542
0.999913
0.999879
0.999834
0.999538
0.999902
0.999938
0.999795
1.000051
1.000064
0.999880
0.999952
0.999905
0.999551
0.999642
0.999822
0.999902
0.999346
1.000017
0.999991
0.999659
0.999419
0.999578
1.000044
1.000030
0.999806
0.999842
0.999861
0.999892
0.999666
0.999767
0.999766
0.999540
1.000033
1.000066
0.999586
0.999808
0.999766
0.999568
0.999787
0.999943
0.999899
0.999674
0.999998
1.000032
0.999655
0.999397
0.999675
1.000031
1.000006
0.999837
0.999814
0.999757
0.999899
0.999600
0.999813
0.999866
0.999406
1.000085
0.999996
0.999804
0.999853
0.999782
0.999493
0.999795
0.999859
0.999815
0.999621
1.000037
1.000024
0.999655
1.000003
1.000011
0.999999
0.999986
0.999994
0.999960
0.999970
1.000015
0.999992
0.999995
0.999941
1.000012
0.999791
0.999792
1.000010
0.999968
0.999951
0.999980
1.000075
0.999972
0.999926
0.999950
1.000005
0.999944
1.000003
1.000029
0.999981
0.999909
1.000008
1.000016
0.999991
0.999989
1.000024
0.999977
0.999981
0.999998
0.999923
0.999998
0.999718
0.999961
0.999984
0.999971
1.000000
1.000024
0.999967
0.999982
1.000005
1.000015
0.999973
0.999948
1.000022
0.999976
0.999910
1.000005
0.999967
0.999921
0.999893
1.000026
1.000025
1.000013
0.999955
0.999921
0.999972
0.999834
0.999952
0.999911
1.000034
0.999988
1.000007
0.999955
0.999968
0.999980
1.000003
0.999952
0.999951
1.000025
0.999948
0.999932
1.000010
0.999975
1.000017
0.999992
1.000037
1.000010
0.999963
0.999958
0.999994
0.999829
0.999726
0.999913
1.000043
0.999993
0.999952
1.000037
0.999959
0.999956
0.999954
1.000055
0.999875
0.999974
1.000041
0.999998
0.999622
0.999453
0.999738
0.999967
1.000002
1.000009
1.000011
0.999671
0.999428
1.000019
0.999304
0.999305
1.000019
0.999429
0.999789
0.999964
1.000047
1.000030
0.999973
0.999867
0.999447
0.999901
1.000029
1.000067
1.000014
1.000009
0.999928
0.999888
0.999985
0.999982
0.999971
0.999986
0.999751
0.999515
0.999715
0.998771
0.999325
1.000022
0.999306
0.999413
1.000021
0.999992
0.999979
0.999977
0.999849
0.999618
0.999510
1.000014
1.000051
0.999930
0.999876
0.999817
0.999920
0.999955
1.000000
0.999993
1.000030
0.999654
0.999514
0.999717
0.998769
0.999152
0.999928
0.999702
0.999805
1.000026
1.000016
1.000007
0.999997
0.999855
0.999578
1.000033
0.999997
1.000048
0.999962
0.999732
0.999607
0.999814
0.999937
1.000030
1.000041
0.999982
0.999788
0.999592
1.000038
0.999302
0.999205
0.999931
0.999515
0.999574
1.000004
0.999990
1.000041
0.999874
0.999799
0.999886
1.000003
0.999989
0.998475
0.997884
0.998646
0.998521
0.999653
0.999388
0.999021
0.998049
0.997746
0.998033
0.998289
0.997320
0.998849
0.998848
0.997320
0.998287
0.998004
0.997878
0.998096
0.999012
0.999534
0.999933
0.998897
0.998995
0.998175
0.998615
0.997891
0.998667
0.998320
0.999472
0.999487
0.999228
0.998396
0.997907
0.998197
0.998443
0.997291
0.998839
0.998856
0.997328
0.998480
0.998247
0.997787
0.998325
0.999279
0.999415
0.999449
0.998525
0.998995
0.998136
0.998716
0.998333
0.999048
0.998382
0.999452
0.999415
0.999263
0.998301
0.997748
0.998205
0.998842
0.997711
0.998846
0.998984
0.997811
0.998798
0.998161
0.997818
0.998299
0.999262
0.999523
0.999943
0.998756
0.998854
0.998304
0.999016
0.998468
0.999083
0.998433
0.999462
0.999405
0.998979
0.998044
0.997832
0.998003
0.998295
0.997336
0.998849
0.999295
0.998161
0.998836
0.998205
0.997749
0.998307
0.999544
0.999710
0.999610
0.998497
0.998699
0.997911
0.999229
0.999338
0.999370
0.999885
1.000036
1.000018
0.999098
0.999520
0.999384
0.999972
0.999964
0.999976
0.999948
0.999949
0.999974
0.999928
1.000041
0.998842
0.999428
0.999100
1.000028
0.999992
0.999819
0.999285
0.999151
0.999227
0.999333
0.999370
0.999855
1.000057
0.999984
0.999200
0.999305
0.998919
0.999980
1.000024
1.000030
0.999926
0.999899
0.999966
0.999947
0.999971
0.999476
0.999611
0.998865
1.000047
1.000057
0.999981
0.999422
0.999456
0.999575
0.999478
0.999408
0.999943
1.000057
1.000051
0.998853
0.999611
0.999455
0.999955
1.000022
0.999990
0.999897
0.999887
0.999985
1.000023
0.999982
0.998889
0.999499
0.998856
1.000051
0.999975
0.999832
0.999386
0.999287
0.999262
0.999329
0.999379
0.999874
1.000010
1.000027
0.998596
0.999398
0.999081
1.000022
0.999936
0.999955
0.999925
0.999909
0.999866
1.000016
1.000007
0.999425
0.999518
0.998861
1.000090
1.000003
0.999886
0.999674
0.999458
0.999956
0.999980
0.999987
0.999999
0.999980
0.999975
1.000025
1.000001
0.999929
1.000001
1.000054
1.000006
0.999955
0.999956
1.000004
1.000013
1.000048
0.999973
0.999946
1.000014
1.000001
0.999945
0.999990
0.999945
0.999996
0.999965
0.999974
0.999993
0.999998
0.999985
0.999965
0.999995
1.000001
0.999939
0.999958
1.000091
1.000037
0.999920
0.999957
1.000004
1.000048
0.999992
0.999944
0.999993
1.000021
0.999967
0.999988
1.000016
0.999940
0.999990
0.999992
0.999971
0.999947
0.999984
0.999979
1.000012
1.000059
0.999962
0.999962
0.999948
1.000067
1.000028
0.999896
0.999936
1.000039
1.000092
0.999981
0.999937
0.999979
1.000072
1.000057
0.999867
0.999972
0.999968
0.999976
0.999993
0.999968
0.999970
1.000012
0.999963
0.999964
1.000022
0.999960
0.999981
1.000023
1.000024
0.999990
0.999930
0.999952
1.000044
1.000030
1.000013
0.999978
0.999898
0.999997
1.000013
0.999992
0.999944
0.999961
0.999983
0.999939
1.000008
0.999995
1.000033
1.000019
0.999026
1.000050
0.999792
0.999949
1.000051
1.000084
1.000012
0.999742
0.999743
1.000021
1.000036
1.000042
0.999955
0.999790
1.000041
0.998935
1.000033
0.999995
0.999967
1.000022
1.000006
1.000015
1.000000
1.000040
0.999999
0.999247
1.000016
0.999901
0.999975
1.000002
1.000094
1.000032
0.999757
0.999288
1.000017
1.000057
1.000035
0.999975
0.999762
1.000026
0.999586
1.000009
1.000036
0.999959
0.999991
0.999958
1.000016
0.999981
1.000024
1.000007
0.999403
1.000053
0.999761
0.999965
0.999998
1.000047
1.000045
0.999750
0.999573
1.000046
1.000085
1.000018
0.999948
0.999978
1.000050
0.998907
1.000010
0.999990
0.999998
1.000009
0.999949
1.000003
1.000017
1.000046
0.999995
0.999374
1.000024
0.999972
0.999940
1.000023
1.000045
1.000015
0.999445
0.999313
1.000040
1.000053
1.000024
0.999948
0.999901
1.000009
0.999200
1.000045
1.000008
1.000018
1.000028
0.999546
1.000046
0.998691
0.999171
0.999232
0.999230
0.999436
0.999060
0.999122
0.999074
0.999015
0.998538
0.998791
0.998808
0.998714
0.999092
0.999626
0.999698
0.999067
0.999436
0.999211
0.999186
0.999188
0.998645
0.999611
0.998182
0.999612
0.998467
0.999026
0.999475
0.999372
0.999306
0.999057
0.999368
0.999299
0.998989
0.998282
0.998467
0.999110
0.998787
0.998889
0.999304
0.999368
0.999051
0.999297
0.999373
0.999473
0.999030
0.999076
1.000019
0.999480
1.000037
0.999236
0.999173
0.999188
0.999276
0.999621
0.999049
0.999462
0.999293
0.999077
0.998678
0.998782
0.998777
0.998509
0.998967
0.999036
0.998927
0.998846
0.999436
0.999214
0.999205
0.999045
0.999074
1.000018
0.999508
1.000044
0.998473
0.999031
0.999197
0.999240
0.999559
0.998942
0.999285
0.999312
0.998995
0.998802
0.999121
0.998803
0.998561
0.999116
0.999326
0.999467
0.999071
0.999647
0.999704
0.999618
0.999181
0.998949
1.000030
0.998757
0.999160
0.998955
0.998332
0.998997
0.999755
0.998695
0.999852
0.999134
0.997931
0.996698
0.998142
0.999642
0.999690
0.998073
0.996885
0.997896
0.998572
0.999552
0.998674
0.999755
0.998805
0.998143
0.999158
1.000096
1.000131
1.000069
0.998998
0.997961
0.998552
0.999327
0.998047
0.999139
0.998702
0.997931
0.996768
0.998432
0.999966
0.999631
0.997864
0.996604
0.997927
0.998727
0.999142
0.997701
0.999018
0.998584
0.997955
0.998534
0.999414
0.999681
0.999412
0.998710
0.998343
0.998767
0.999026
0.997728
0.999162
0.998902
0.997951
0.996860
0.998260
0.999624
0.999630
0.997858
0.996464
0.997966
0.998902
0.999581
0.998703
0.999735
0.998785
0.998110
0.998706
0.999428
0.999198
0.999372
0.999127
0.998106
0.998810
0.999747
0.998135
0.999072
0.998942
0.998247
0.996997
0.998100
0.999612
0.999971
0.998685
0.996887
0.997969
0.999139
0.999806
0.998156
0.999018
0.998568
0.998085
0.998672
0.998928
1.000021
0.999883
0.999960
1.000020
0.999970
0.999989
0.999665
0.999639
0.999657
1.000030
1.000001
0.999942
1.000029
0.999989
0.999901
1.000005
0.999969
0.999943
1.000007
0.999962
0.999959
0.999983
0.999982
0.999994
0.998729
1.000086
0.999209
0.999969
0.999942
1.000003
1.000023
0.999883
0.999929
0.999869
0.999945
0.999955
0.999931
0.999978
1.000028
0.999971
0.999938
0.999961
0.999825
0.999958
1.000040
0.999972
0.999978
0.999953
1.000023
0.998771
1.000051
0.998739
1.000017
0.999946
0.999995
0.999908
0.999980
0.999941
0.999960
0.999963
1.000032
1.000003
0.999947
0.999964
0.999994
0.999945
0.999945
0.999990
0.999932
0.999482
0.999905
1.000012
0.999964
0.999987
0.999234
1.000024
0.999245
1.000043
0.999971
0.999967
0.999955
1.000057
1.000017
0.999930
0.999955
1.000014
1.000009
0.999982
0.999971
0.999919
0.999985
0.999890
0.999984
1.000007
0.999882
0.999887
0.999994
0.999945
1.000042
0.999232
0.999975
0.999287
0.999910
0.999938
0.999899
1.000050
1.000022
0.999942
1.000028
1.000014
1.000030
0.999993
0.999974
0.999978
0.999987
1.000055
0.999940
0.999911
1.000008
1.000075
0.999987
0.999792
0.999906
0.999890
0.999733
1.000075
0.999392
0.999888
0.999919
0.999851
1.000052
0.999949
0.999972
1.000039
0.999915
0.999984
1.000000
0.999967
0.999975
1.000013
0.999997
0.999953
0.999983
0.999985
1.000055
1.000001
0.999879
0.999924
0.999915
0.999604
1.000005
0.999831
0.999987
0.999939
0.999868
1.000006
1.000007
0.999985
0.999960
0.999955
1.000047
0.999991
0.999995
1.000024
1.000031
0.999958
0.999908
1.000049
0.999977
0.999924
1.000046
0.999743
0.999892
0.999927
0.999403
1.000019
0.999629
0.999920
0.999926
0.999894
1.000002
1.000058
0.999999
0.999911
0.999956
1.000045
0.999993
1.000003
0.999964
1.000009
1.000011
0.999916
0.999991
1.000050
1.000050
0.999979
0.999874
0.999926
0.999920
0.999633
0.999400
0.999985
0.999390
0.999649
0.999518
0.999605
0.999544
0.999937
0.999719
0.998687
0.999382
0.999167
0.999995
1.000019
0.999096
0.999631
0.999319
0.999724
0.999698
0.999302
0.999621
0.999578
0.999642
0.999834
1.000044
0.998468
1.000028
0.999227
0.999525
0.999501
0.999556
0.999253
0.999955
0.999930
0.999078
0.999392
0.999155
0.999996
1.000016
0.999099
0.999662
0.999301
0.999914
1.000003
0.999741
0.999754
0.999532
0.999531
0.999728
1.000008
0.999683
1.000106
0.999771
0.999638
0.999424
0.999460
0.999264
0.999672
0.999203
0.998736
0.999777
0.999659
0.999989
1.000010
0.999289
0.999532
0.999002
1.000027
1.000032
0.999672
0.999852
0.999742
0.999480
0.999189
1.000042
0.999241
1.000026
0.999870
0.999608
0.999421
0.999617
0.999748
0.999982
0.999758
0.998937
0.999813
0.999703
0.999976
1.000015
0.999099
0.999421
0.998608
0.999628
0.999860
0.999312
0.999628
0.999532
0.999611
0.999839
1.000044
0.999480
0.999931
0.999952
0.999977
1.000031
1.000022
0.999964
0.999459
0.998274
0.998549
0.999870
1.000011
0.999310
0.999357
1.000068
0.999897
0.998656
0.998747
0.999728
0.999915
0.999706
1.000016
0.999933
0.999712
0.999998
1.000027
1.000000
0.999950
0.999993
1.000031
0.999733
0.999952
0.999739
0.998744
0.998667
0.999925
1.000003
0.998661
0.998704
1.000045
0.999845
0.998715
0.998432
0.999449
0.999940
0.999839
1.000022
0.999940
0.999766
0.999935
0.999125
0.999932
0.999715
0.999958
1.000041
0.999948
0.999944
0.999751
0.998747
0.999009
1.000005
1.000061
0.998707
0.998739
1.000046
0.999998
0.998999
0.998382
0.999449
0.999945
0.999779
1.000039
0.999980
0.999961
0.999976
0.999309
0.999588
0.999497
0.999923
1.000037
1.000024
0.999696
0.999064
0.998301
0.998606
0.999880
0.999993
0.998667
0.998704
1.000052
0.999855
0.998664
0.998344
0.999343
1.000048
0.999996
1.000012
0.999925
0.999658
0.999941
0.999604
0.998908
0.998721
0.999538
1.000009
1.000036
0.999980
0.998752
0.999904
0.999841
0.999430
0.999367
0.998593
0.998864
0.999577
0.999295
0.999847
0.999925
0.999110
1.000018
1.000057
1.000005
0.999913
0.999054
0.998647
0.999254
0.998696
0.999087
1.000005
1.000064
1.000008
0.999989
0.999114
0.999925
0.999848
0.999328
0.999590
0.999209
0.999510
0.999909
0.999402
0.999830
0.999892
0.998902
0.999980
0.999982
1.000001
0.999974
0.999007
0.998483
0.999358
0.998643
0.998598
0.999620
1.000040
1.000008
1.000004
0.999132
0.999935
0.999604
0.999263
0.999933
0.999466
0.999161
0.999563
0.999480
0.999744
0.999896
0.998744
0.999993
1.000065
1.000018
0.999784
0.998808
0.998960
0.999753
0.998950
0.998838
0.999798
0.999980
0.999998
1.000032
0.999649
0.999919
0.999864
0.999431
0.999704
0.999236
0.999508
0.999912
0.999420
0.999849
0.999902
0.999616
1.000019
1.000017
0.999983
0.999775
0.998771
0.998797
0.999969
1.000014
1.000034
0.999706
0.999362
1.000005
0.999294
1.000051
1.000047
0.999982
0.999193
0.999209
0.999986
1.000092
0.998574
0.998958
0.999989
0.999999
1.000064
0.999817
1.000056
0.999639
0.999646
0.999992
1.000016
0.999932
1.000033
0.999776
0.999162
0.999339
1.000020
0.999849
1.000078
1.000017
0.999968
0.999183
0.998870
1.000052
1.000053
0.998891
0.999211
1.000020
1.000060
0.999947
0.999796
0.999962
0.999616
0.999619
0.999907
0.999978
1.000037
0.999935
0.999980
0.999377
0.999326
0.999984
0.999262
1.000004
0.999999
0.999974
0.999195
0.998574
1.000077
1.000026
0.998899
0.998607
1.000033
0.999958
1.000012
0.999830
1.000049
0.999548
0.999767
1.000013
0.999939
1.000007
0.999981
0.999996
0.999375
0.999649
1.000002
0.999127
0.999914
1.000024
0.999999
0.999185
0.999200
1.000027
1.000074
0.998870
0.998971
1.000017
0.999999
1.000001
0.999645
1.000004
0.999445
0.999757
1.000050
0.999964
0.999981
1.000019
1.000073
0.999325
0.999385
0.999988
0.999767
0.999990
1.000059
0.999971
0.999915
0.999670
0.999968
1.000032
0.999845
0.999949
0.999990
0.999986
1.000030
0.999269
0.999686
0.999066
0.999322
1.000073
1.000032
0.999918
1.000057
1.000020
0.999690
0.999346
0.999942
0.999240
1.000043
1.000016
0.999961
0.999925
0.999921
1.000003
0.999995
0.999636
0.999895
1.000006
1.000037
1.000043
0.999275
0.999707
0.999145
0.999387
0.999963
0.999997
1.000003
0.999966
0.999985
0.999731
0.999376
1.000001
0.999843
1.000029
0.999983
0.999953
0.999932
0.999916
0.999969
0.999967
0.999837
0.999947
1.000011
0.999993
1.000017
0.999194
0.999651
0.999163
0.999466
1.000007
0.999984
1.000024
0.999969
0.999977
0.999780
0.999149
0.999891
0.999836
0.999971
1.000030
0.999971
0.999905
0.999629
0.999950
0.999960
0.999590
0.999949
1.000019
1.000021
0.999984
0.999537
1.000018
0.999431
0.999344
1.000032
0.999938
0.999250
0.998780
0.998825
0.999607
0.999701
0.999241
0.999932
0.999497
0.999962
0.999845
0.999968
0.999950
0.999540
0.999537
0.999952
0.999940
0.999798
0.999947
0.999699
0.999916
0.998375
0.999445
0.999746
0.998858
0.998322
0.998936
0.998497
0.998793
0.999566
0.999689
0.999219
1.000021
0.999692
0.999962
0.999664
0.999949
0.999973
0.999659
0.999534
0.999959
0.999945
0.999740
0.999965
0.999489
0.999732
0.998765
0.999762
0.999753
0.998873
0.998659
0.999547
0.998835
0.999102
0.999764
0.999428
0.998346
0.999733
0.999710
0.999918
0.999873
0.999959
0.999985
0.999788
0.999786
0.999996
0.999946
0.999821
0.999982
0.999835
0.999995
0.999260
0.999719
0.999736
0.998893
0.998382
0.998978
0.998287
0.998639
0.999651
0.999719
0.998729
0.999923
0.999851
0.999953
0.999866
0.999952
0.999971
0.999818
0.999824
0.999981
0.999925
0.999677
0.999967
0.999836
0.999894
0.998670
0.999689
0.999605
0.998600
0.998287
0.999927
0.999708
1.000066
0.999642
0.999433
0.998650
0.999990
1.000088
0.999692
0.999404
0.999877
1.000024
0.999351
0.999529
1.000002
0.999976
0.999483
0.999628
1.000004
0.999986
0.999337
0.999626
0.999877
0.999979
0.999973
1.000006
0.999975
1.000063
0.999971
0.999425
0.998609
0.999914
0.999977
0.999768
0.999651
0.999975
0.999984
0.999355
0.999358
1.000005
0.999959
0.999467
0.999409
1.000030
1.000004
0.999023
0.999300
0.999350
0.999971
0.999879
0.999981
0.999926
1.000010
0.999865
0.999660
0.999359
1.000037
1.000058
0.999641
0.999397
0.999872
1.000025
0.999248
0.999255
1.000031
0.999876
0.999472
0.999628
0.999969
0.999946
0.998525
0.999328
0.999853
1.000030
0.999956
0.999926
0.999844
1.000091
0.999610
0.999401
0.999101
0.999939
0.999911
0.999375
0.999439
0.999920
1.000005
0.999242
0.999392
0.999988
0.999966
0.999514
0.999379
0.999994
1.000007
0.998963
0.999303
0.999608
1.000100
0.999831
0.999931
1.000028
1.000040
1.000029
0.999958
0.999961
0.999910
0.999924
0.999054
0.999932
0.999684
0.998527
0.999816
0.999648
0.998366
0.999707
0.999990
0.998526
0.999947
0.999906
0.999913
0.999935
0.999979
0.999994
0.999998
1.000016
1.000000
1.000024
0.999926
0.999941
0.999998
0.999867
0.999934
0.998518
1.000004
0.999745
0.998822
0.999840
0.999811
0.998775
0.999722
1.000005
0.999129
1.000057
0.999949
0.999906
0.999915
1.000043
1.000052
0.999976
0.999637
1.000013
1.000021
1.000000
0.999947
0.999893
0.999926
0.999936
0.999068
0.999932
0.999686
0.998541
0.999824
0.999798
0.998484
0.999682
0.999979
0.998499
0.999922
0.999897
0.999968
0.999893
1.000013
1.000059
1.000003
0.999923
0.999984
1.000100
1.000001
0.999938
0.999958
0.999925
1.000079
0.999583
0.999959
0.999662
0.998499
0.999801
0.999900
0.999171
0.999976
0.999964
0.999581
1.000041
0.999904
0.999958
0.999882
1.000055
1.000122
0.999981
0.998934
0.999947
1.000017
0.999985
0.999847
1.000003
0.999527
0.999877
0.999439
0.999434
0.999593
1.000032
0.999993
0.999704
0.999994
0.999520
0.999575
0.999853
0.999854
0.999803
1.000037
0.999957
0.999975
0.999360
0.999919
0.998529
0.999914
0.999360
0.999973
0.999964
1.000031
0.999586
0.999848
0.999964
1.000027
0.999540
0.999960
0.999704
0.999978
1.000037
0.999915
0.999867
0.999690
0.999835
0.999641
1.000003
0.999901
0.999998
0.999577
0.999912
0.999784
0.999951
0.999292
1.000025
0.999949
0.999975
0.999527
0.999863
0.999698
0.999781
0.999628
0.999999
0.999704
0.999980
1.000078
0.999834
0.999700
0.999912
0.999908
0.999890
1.000016
0.999828
0.999979
1.000007
0.999916
0.998745
0.999934
0.999977
0.999934
0.999897
1.000038
0.999610
0.999826
0.999570
0.999764
0.999836
1.000071
0.999955
0.999962
0.999798
0.999461
0.999787
0.999569
0.999809
0.999432
1.000011
0.999908
0.999977
0.999720
0.999927
0.999670
0.998507
0.997644
0.997967
0.999160
1.000017
0.999935
0.999953
0.999912
0.999282
1.000022
1.000085
0.998710
0.999269
0.999964
1.000025
0.999344
0.999921
0.999931
0.999762
1.000082
0.999107
0.997945
0.997837
0.998920
0.999556
0.998450
0.997806
0.997888
0.999095
1.000064
0.999882
0.999934
0.999939
0.999211
1.000024
0.999965
0.999262
0.998715
1.000040
0.999946
0.999229
0.999957
1.000055
0.999980
1.000021
0.999132
0.997910
0.997808
0.998734
0.999896
0.998939
0.997831
0.997994
0.999217
1.000011
0.999934
0.999949
0.999948
0.998759
1.000036
0.999962
0.999269
0.998709
1.000059
1.000002
0.999456
0.999977
0.999755
0.999639
1.000027
0.999167
0.997963
0.997659
0.998540
0.999367
0.998217
0.997604
0.997932
0.999110
1.000061
0.999984
1.000006
0.999953
0.998759
0.999935
1.000056
0.998742
0.998729
1.000033
0.999978
0.998759
0.999963
0.999961
0.999957
1.000047
0.999156
0.997922
0.997588
0.998503
0.999964
0.998695
0.999918
0.997878
0.999645
0.999809
0.999907
0.999426
0.999515
0.999242
0.999683
0.998945
1.000058
0.999945
0.999843
0.999981
0.999541
0.999514
0.999422
0.999965
1.000062
0.999943
0.998637
0.999911
0.999178
1.000073
0.999827
0.999883
0.997830
0.999638
0.999872
0.999959
0.999426
0.999496
0.999228
0.999970
0.999837
0.999951
1.000109
0.998939
0.999836
0.999396
0.999375
0.999395
0.999877
0.999789
0.999626
0.997810
0.999865
0.999328
1.000012
0.999181
0.999882
0.998247
0.999635
0.999789
0.999896
0.999446
0.999506
0.999527
0.999982
0.999840
0.999945
1.000055
0.998937
0.999676
0.999093
0.999382
0.999649
0.999894
0.999822
0.999648
0.997879
0.999982
0.999113
0.999947
0.999315
0.999457
0.997463
0.999630
0.999862
0.999956
0.999400
0.999485
0.999524
0.999882
0.999533
0.999951
1.000046
0.999265
0.999962
0.999522
0.999482
0.999631
0.999898
0.999812
0.999902
0.998151
0.999755
0.998836
0.999947
1.000016
0.999921
1.000037
1.000063
0.999886
0.999567
0.999771
0.999912
0.999918
0.999310
1.000035
0.999948
0.999964
0.999944
0.999513
0.999696
0.999851
0.999307
0.999470
0.999215
0.999965
1.000060
0.999949
1.000000
1.000040
0.999928
0.999941
1.000068
0.999913
0.999900
0.999719
0.999741
0.999879
0.999753
0.999276
0.999845
0.999955
1.000001
1.000014
0.999707
0.999925
0.999928
0.999749
0.999716
0.999872
0.999990
1.000108
0.999909
0.999950
1.000025
0.999973
0.999941
1.000113
1.000045
0.999923
0.999727
0.999321
0.999850
0.999703
0.999225
0.999854
0.999951
0.999949
1.000034
0.999311
0.999898
0.999937
0.999300
0.999501
0.999901
0.999969
1.000054
0.999979
0.999973
0.999996
0.999982
0.999993
1.000052
0.999900
0.999881
0.999685
0.999360
0.999840
0.999805
0.999762
0.999997
0.999949
0.999936
1.000033
0.999509
0.999796
0.999896
0.999733
0.999737
0.999949
1.000008
1.000027
0.999993
0.999986
0.999196
0.999894
0.999970
1.000077
0.998254
0.999411
0.999774
0.999830
0.999940
1.000020
0.999976
0.999716
0.998875
0.998521
0.999058
0.999549
1.000024
1.000012
1.000002
0.999806
0.999424
0.998255
1.000100
0.999467
0.999438
0.998795
0.999830
0.999989
1.000075
0.999599
0.999617
0.999755
0.999879
1.000036
1.000050
0.999960
0.999398
0.998516
0.998871
0.999425
0.999619
1.000061
1.000012
0.999881
0.999816
0.999383
0.998715
1.000094
0.999965
0.999834
0.998995
0.999841
0.999811
1.000101
0.998238
0.999381
0.999665
0.999947
1.000009
1.000041
0.999972
0.999398
0.998510
0.998929
0.999948
0.999958
1.000051
1.000006
0.999939
0.999659
0.999391
0.999237
1.000088
0.999498
0.999464
0.998395
0.999548
0.999954
1.000080
0.998629
0.999380
0.999797
0.999976
0.999968
1.000053
0.999559
0.999411
0.998564
0.998869
0.999715
0.999734
1.000029
1.000004
0.999808
0.999656
0.999411
0.998281
1.000103
0.999978
0.999776
1.000059
0.999929
0.998409
0.999199
0.999103
0.999549
1.000025
0.999998
0.999967
1.000031
0.999978
0.999830
0.999736
0.999726
0.999829
0.999992
0.999994
0.999961
1.000021
1.000000
0.999760
0.999257
0.999507
0.998769
0.999887
1.000034
0.999937
0.998420
0.999044
0.998624
0.999358
1.000017
1.000006
0.999780
1.000011
0.999948
0.999818
0.999735
0.999727
0.999825
0.999953
1.000013
0.999798
1.000007
1.000028
0.999805
0.998977
0.999005
0.998388
0.999929
1.000056
0.999926
0.998890
0.999177
0.999259
0.999839
1.000007
0.999962
0.999983
1.000031
0.999978
0.999822
0.999727
0.999690
0.999325
0.999963
1.000066
0.999950
0.999948
1.000032
0.999677
0.998801
0.999306
0.999223
0.999882
1.000058
0.999879
0.999242
0.999495
0.999111
0.999706
1.000059
0.999986
0.999937
1.000034
0.999991
0.999268
0.999615
0.999726
0.999822
1.000002
1.000043
1.000004
1.000002
0.999979
0.999567
0.999087
0.999174
0.998425
0.999949
1.000058
0.999810
0.999353
0.998800
0.999952
0.999742
0.999885
0.999810
0.999987
0.999955
0.999657
1.000030
0.999919
0.999944
1.000062
0.999994
0.999814
1.000005
0.999996
0.999928
0.999332
0.999977
0.998796
0.999362
0.999849
1.000061
0.999820
0.999350
0.998452
1.000015
0.999589
0.999930
0.999983
0.999995
0.999996
1.000010
1.000020
0.999911
0.999940
1.000040
1.000022
1.000033
1.000001
0.999979
0.999893
0.999427
1.000029
0.998133
0.999599
0.999936
1.000072
0.999656
0.999205
0.999142
0.999993
0.999566
0.999936
0.999824
0.999987
0.999955
0.999653
1.000046
0.999961
0.999914
1.000012
0.999634
0.999902
0.999966
0.999937
0.999999
0.999661
1.000026
0.998136
0.999132
0.999940
1.000055
0.999803
0.998905
0.998485
0.999988
0.999293
0.999943
0.999960
1.000012
0.999811
0.999736
1.000053
0.999927
0.999955
1.000037
0.999406
0.999722
1.000017
0.999951
0.999919
0.999815
0.999991
0.998455
0.999607
0.999942
0.998851
0.999024
0.999958
1.000007
0.999983
0.999955
0.999014
0.998904
0.999611
0.999626
0.999603
1.000056
0.998921
0.998726
0.999946
0.999046
0.999681
0.999404
0.998597
0.998997
1.000001
0.999973
1.000006
0.999958
0.999056
0.998607
0.998025
0.999996
1.000000
1.000001
0.999943
0.998996
0.998597
0.999382
0.999517
0.998823
1.000054
0.998925
0.998768
0.999978
0.998830
0.999480
0.999398
0.998750
0.999594
0.999989
0.999974
1.000016
0.999987
0.997701
0.998551
0.999041
0.999991
1.000037
0.999980
0.999995
0.999289
0.998897
0.999603
0.999645
0.999628
1.000055
0.998755
0.999315
1.000002
0.999179
0.999299
0.999450
0.998878
0.999291
0.999972
0.999987
1.000040
0.999975
0.997928
0.998583
0.998859
0.999945
1.000035
1.000001
0.999975
0.999009
0.998868
0.999620
0.999656
0.999601
1.000056
0.998927
0.998755
1.000055
0.999608
0.999618
0.999718
0.999019
0.999316
0.999971
0.999989
1.000011
0.999981
0.998008
0.999812
0.998709
0.999206
1.000046
1.000005
0.999993
1.000035
0.999945
0.999056
0.999076
0.999939
0.999934
0.999146
0.999234
1.000063
1.000039
0.999738
0.998881
0.999859
1.000020
0.999993
0.999987
1.000057
0.999442
0.998859
1.000016
0.999713
0.999626
1.000044
1.000007
0.999993
1.000015
0.999856
0.998886
0.999768
1.000107
0.999987
0.999157
0.999141
0.999977
1.000088
0.999512
0.998916
0.999933
0.999922
0.999988
0.999999
0.999996
0.999892
0.999843
0.999936
0.998702
0.999241
1.000081
0.999972
0.999988
0.999936
0.999979
0.998799
0.999551
0.999994
0.999914
0.999150
0.998808
0.999931
1.000026
0.999301
0.999251
0.999955
0.999883
0.999957
0.999991
1.000043
0.999673
0.999423
0.999832
0.999138
0.999847
1.000025
0.999991
0.999946
1.000025
0.999953
0.999239
0.999248
0.999907
0.999908
0.999150
0.999154
0.999942
1.000009
0.999557
0.998690
0.999864
0.999882
0.999964
1.000021
0.999991
0.999898
0.999783
1.000039
1.000003
0.999845
0.999896
0.999633
0.998552
1.000037
0.999526
0.999884
1.000021
0.999369
0.998919
0.999861
0.999867
0.998689
0.998853
0.999606
0.999966
0.999679
1.000055
0.998524
0.999642
0.999853
0.999240
0.999971
0.999989
0.999945
0.999876
0.999857
0.999543
0.998539
1.000032
0.999957
0.999968
0.999551
0.998814
0.998738
0.999886
0.999901
0.999498
0.999769
0.999850
0.999867
0.999514
1.000012
0.999165
0.999625
0.999785
0.999275
1.000056
1.000112
0.999998
0.999845
0.999866
0.999810
0.999436
1.000050
0.999965
0.999969
0.999847
0.999823
0.999525
0.999890
0.999869
0.999104
0.999985
1.000022
0.999907
0.999972
1.000051
0.998870
0.999711
0.999720
0.999653
0.999978
1.000032
1.000037
0.998901
0.999855
0.999921
0.999504
1.000018
0.999521
0.999880
1.000030
0.999660
0.999527
0.999903
0.999884
0.998765
0.999418
0.999858
0.999961
0.999828
1.000026
0.998599
0.999536
0.999808
0.999250
1.000047
0.999373
1.000015
0.999966
0.999992
0.999010
0.999441
0.999929
0.999947
0.999904
0.999997
0.998896
0.998964
1.000026
1.000055
0.998978
0.998990
0.999987
0.999883
0.999960
1.000100
0.999765
0.999006
0.999729
1.000012
0.999850
0.999260
0.999945
1.000025
0.999974
0.999286
0.999730
0.999625
0.999840
1.000003
0.999978
0.998979
0.998980
1.000053
0.999779
0.998607
0.998423
0.999988
0.999903
0.999940
0.999810
0.999166
0.999011
0.999997
0.999964
1.000013
0.998856
1.000004
0.999966
1.000001
0.999098
0.999220
0.999872
0.999964
0.999946
0.999974
0.998423
0.998607
0.999777
1.000050
0.998963
0.998383
0.999958
0.999941
0.999980
0.999821
0.999246
0.999027
1.000030
1.000044
0.999970
0.999648
0.999985
1.000051
0.999723
0.999104
0.999238
0.999848
0.999934
0.999910
0.999998
0.998984
0.998608
0.999781
1.000052
0.998977
0.998404
0.999957
0.999936
0.999985
0.999799
0.999436
0.999004
0.999967
1.000037
1.000054
0.998992
0.997624
0.999196
0.999224
0.999997
1.000018
0.999927
0.999972
0.998604
0.999392
1.000011
0.999912
1.000024
1.000043
0.999905
0.999946
0.999604
0.998852
0.999896
0.999172
0.999999
0.999974
0.999179
0.999941
0.998306
0.999578
0.998264
0.999183
0.999222
1.000013
1.000046
0.999917
1.000004
0.998903
0.999552
0.999926
0.999862
1.000035
1.000045
0.999904
0.999981
0.999374
0.998848
0.999992
0.999381
1.000009
0.999992
0.998817
0.999136
0.998083
0.999942
0.998113
0.999196
0.998855
0.999983
1.000022
0.998558
0.999458
0.998649
0.999619
0.999974
0.999907
1.000045
1.000032
0.999846
0.999964
0.999610
0.998661
0.999449
0.999462
0.999931
0.999992
0.998818
0.999098
0.997645
0.999223
0.998424
0.999976
0.999557
0.999958
1.000067
0.999032
0.999918
0.998583
0.999606
0.999947
0.999920
1.000045
1.000024
0.999840
0.999983
0.999658
0.998336
0.999463
0.998925
0.999985
0.999987
0.998854
0.999176
0.997601
1.000011
0.999465
0.998092
0.999071
0.999350
0.998997
0.999244
0.999378
0.999038
0.999696
1.000051
0.999980
1.000015
1.000025
0.999962
1.000017
0.999278
0.998818
0.999177
0.999234
0.999177
0.999525
0.999252
0.998089
0.999470
0.999973
0.999578
0.998503
0.998894
0.999158
0.998390
0.998744
0.999191
0.998613
0.999745
1.000037
0.999978
1.000021
1.000013
0.999958
1.000049
0.999708
0.998801
0.999314
0.999309
0.999205
0.999692
0.999436
0.998526
0.999571
1.000031
0.999134
0.997783
0.998938
0.999650
0.999161
0.999271
0.999417
0.998850
0.999733
1.000019
0.999966
1.000023
1.000037
0.999975
1.000018
0.999748
0.998868
0.999448
0.999310
0.999209
0.999525
0.999256
0.998551
0.999933
1.000041
0.999501
0.997780
0.998749
0.999358
0.999518
0.999712
0.999339
0.999031
0.999237
1.000035
0.999965
1.000036
0.999995
0.999964
1.000066
0.999206
0.999027
0.999448
0.999306
0.998882
0.999450
0.998931
0.997783
0.999474
0.999950
0.999979
0.999852
0.999934
0.999121
0.998578
0.999458
1.000004
1.000051
0.999525
0.999926
0.999977
0.999622
0.999667
0.999929
0.999905
0.999837
1.000051
0.999964
0.999509
0.998030
0.999260
0.999925
0.999847
0.999976
0.999873
0.999962
0.999517
0.999948
0.999400
0.998817
0.999783
0.999936
1.000037
0.999007
0.999987
0.999954
0.999643
0.999673
0.999918
0.999974
0.999076
0.999981
0.999977
0.999570
0.997857
0.998558
0.999961
0.999438
0.999952
0.999696
0.999972
0.999999
0.999926
0.999242
0.998777
0.999891
1.000003
1.000030
0.999575
0.999945
0.999920
0.999478
0.999474
0.999941
0.999886
0.999543
1.000016
0.999982
0.999362
0.998054
0.999276
0.999943
0.999658
0.999983
0.999987
0.999978
0.999989
0.999936
0.999178
0.998344
0.999552
1.000006
0.999985
0.999461
0.999990
0.999941
0.999487
0.999663
0.999919
0.999976
0.999468
0.999963
0.999972
0.999904
0.999170
0.999311
0.999942
0.999999
0.999978
0.999945
0.999962
1.000045
0.999913
0.999952
1.000049
0.999857
0.999763
1.000061
0.999915
0.998386
0.998529
0.999024
0.998895
0.998472
0.998538
0.999975
1.000046
0.999896
0.999899
1.000042
0.999956
0.999930
1.000063
1.000018
0.999956
0.999954
1.000029
0.999961
0.999912
1.000020
0.999773
0.999886
0.999979
1.000061
0.998376
0.998529
0.999012
0.998894
0.998338
0.998896
1.000060
0.999986
0.999910
0.999915
0.999989
0.999966
0.999993
1.000033
0.999955
0.999956
1.000009
1.000051
0.999928
0.999910
1.000053
0.999855
0.999765
1.000045
1.000070
0.998799
0.998216
0.998886
0.999202
0.998808
0.998528
0.999965
1.000025
0.999865
0.999978
0.999996
0.999953
0.999950
1.000009
0.999873
0.999974
0.999975
1.000042
0.999954
0.999879
1.000030
0.999865
0.999765
0.999986
1.000008
0.998382
0.998362
0.998905
0.998914
0.998383
0.998401
1.000031
1.000000
0.999885
0.999865
1.000052
0.999946
0.999905
1.000057
1.000008
0.999164
0.999669
1.000009
0.999367
0.999916
1.000033
1.000042
0.999852
0.999396
0.999957
0.999506
0.998580
1.000050
1.000042
0.998585
0.999520
1.000002
0.998742
0.999354
0.999998
1.000042
0.999967
0.999038
0.999750
0.999276
0.999290
0.999846
0.999985
0.999045
0.999915
0.999969
1.000064
0.999625
0.998934
0.999979
0.999365
0.998240
1.000043
1.000030
0.998556
0.998783
0.999997
0.999367
0.999595
1.000010
0.999984
0.999929
0.999262
1.000027
0.999688
0.999437
0.999715
0.999817
0.999034
0.999934
1.000082
1.000032
0.999751
0.999380
0.999968
0.998851
0.998653
1.000042
1.000055
0.998254
0.999507
1.000006
0.999170
0.999630
0.999998
0.999942
0.999939
0.999125
1.000004
0.999715
0.999398
0.999609
0.999837
0.998920
0.999953
0.999997
1.000029
0.999864
0.999582
0.999944
0.999452
0.998894
1.000047
1.000091
0.998986
0.999554
0.999981
0.999613
0.999852
1.000043
1.000071
0.999909
0.999563
0.999824
0.999420
0.999036
0.999940
0.999996
0.999767
0.998780
0.997802
0.999425
0.999029
0.997872
0.998890
0.999037
0.999903
0.999903
0.999939
0.999975
0.999032
0.999390
0.998364
0.999256
0.999643
0.997715
0.998910
0.999806
1.000039
0.999949
0.998791
0.999901
1.000025
0.999788
0.999268
0.998724
0.999939
0.999063
0.998424
0.999529
0.999157
0.999980
0.999928
0.999930
0.999975
0.999178
0.999558
0.997986
0.998952
0.999766
0.997835
0.998783
0.999723
0.999999
0.999958
0.999028
0.999858
1.000001
0.999789
0.998899
0.997683
0.999705
0.998924
0.997911
0.999511
0.999188
0.999967
0.999929
0.999928
0.999971
0.999070
0.999421
0.997937
0.998948
0.999997
0.998737
0.998907
0.999523
0.999993
0.999907
0.998785
0.999980
0.999975
0.999763
0.999054
0.998710
0.999918
0.999084
0.997884
0.998937
0.999084
0.999917
1.000027
0.999940
0.999933
0.999520
0.998893
0.997896
0.999026
0.999375
0.997761
0.998620
0.999563
1.000004
0.999947
1.000014
0.999829
1.000005
0.999958
0.999545
0.999661
0.998682
0.999319
0.999382
0.998664
0.999845
0.999897
0.999462
0.999474
0.999898
0.999962
0.999235
0.999748
0.999077
0.997792
0.999080
0.999129
0.999952
1.000049
0.999987
0.999995
0.999827
1.000050
0.999798
0.999181
0.999643
0.998687
0.999334
0.999401
0.998910
1.000026
0.999990
0.999471
0.999452
0.999894
0.999838
0.998979
0.999639
0.999247
0.998603
0.999643
0.999531
0.999941
1.000044
0.999939
0.999960
0.999854
1.000040
0.999801
0.999246
0.999288
0.998154
0.999243
0.999402
0.998912
0.999953
0.999898
0.999474
0.999473
0.999979
1.000060
0.998836
0.999395
0.998876
0.997682
0.999195
0.999569
0.999938
1.000050
0.999847
0.999960
0.999942
1.000038
0.999941
0.999539
0.999670
0.998165
0.998846
0.999679
0.998958
0.999793
0.999768
0.999091
0.999496
0.999972
0.999836
0.999232
0.999642
0.998927
0.998284
0.999706
0.999562
0.999935
1.000022
0.999837
1.000035
0.999948
0.999401
0.999426
0.999651
0.999986
0.999581
1.000014
0.999979
0.999956
1.000014
0.998412
0.999867
1.000016
0.999252
1.000007
0.999569
1.000001
0.999945
1.000021
1.000049
0.999401
0.999058
0.998763
0.999478
1.000033
1.000008
0.999357
0.999417
0.999290
1.000029
0.999452
0.999969
0.999991
0.999810
0.999752
0.998558
0.999972
0.999874
0.998412
1.000001
0.999728
1.000008
0.999981
0.999548
1.000035
0.999304
0.999397
0.999532
0.999673
0.999963
0.999871
0.999403
0.999425
0.999645
0.999989
0.999954
0.999985
0.999978
0.999868
1.000010
0.999252
1.000033
0.999981
0.998548
0.999729
0.999790
1.000009
0.999950
0.999974
0.999997
0.999650
0.999423
0.999357
0.999968
0.999960
0.999673
0.999530
0.999388
0.999644
0.999991
0.999923
0.999987
0.999984
0.999771
0.999959
0.998616
0.999846
0.999968
0.998894
0.999995
0.999492
1.000004
0.999978
0.999908
1.000031
0.999305
0.999129
0.998775
0.999926
0.998960
0.999210
0.999289
0.999947
0.999821
0.999972
1.000009
0.999995
0.999838
0.999532
0.999990
1.000016
0.999729
0.999866
0.999893
1.000013
0.999550
0.999851
0.999957
1.000025
0.999309
0.999935
0.999998
0.999459
0.999267
0.999103
0.999239
0.999424
1.000042
0.999978
0.999380
1.000030
0.999977
0.999856
0.999853
0.999987
0.999893
0.999861
0.999734
1.000017
0.999969
0.999948
0.999941
0.999965
1.000062
0.999755
0.999897
0.999926
0.998921
0.999263
0.999236
0.998967
0.999023
0.999968
0.999821
0.999963
1.000004
0.999986
0.999902
0.999653
1.000006
0.999891
0.999870
0.999855
0.999957
1.000002
0.999950
0.999941
0.999941
0.999989
0.999988
0.999820
0.999976
0.999461
0.999349
0.999182
0.999229
0.998921
0.999911
0.999796
0.999969
1.000004
0.999977
0.999832
0.999662
0.999989
1.000065
0.999918
0.999616
0.999689
1.000006
0.999948
0.999867
0.999966
1.000031
0.999381
0.999937
0.999998
0.999456
0.999128
0.999928
0.999304
0.999945
0.999980
0.999984
0.998272
0.999583
0.998759
1.000036
1.000012
0.999875
1.000041
0.998320
0.998342
1.000117
0.999916
0.999962
0.999957
0.999613
0.999954
0.999347
0.999979
0.999979
0.999968
0.999590
0.999869
0.999464
0.999953
1.000056
0.999983
0.999441
0.999755
0.999107
0.999961
0.999909
0.999902
1.000105
0.998324
0.998766
1.000069
0.999881
0.999955
0.999999
0.999083
0.999318
0.998852
0.999921
1.000043
1.000021
0.999478
0.999935
0.999716
0.999943
1.000016
1.000010
0.998241
0.999753
0.999582
0.999968
1.000045
1.000021
1.000082
0.997873
0.997892
1.000090
0.999988
0.999962
0.999947
0.999630
0.999815
0.998117
1.000016
0.999986
0.999907
0.999551
0.999998
0.999296
1.000007
0.999982
1.000009
0.998054
0.999746
0.999581
0.999939
0.999998
1.000050
1.000091
0.997850
0.998788
1.000050
1.000012
0.999986
0.999996
0.998978
0.999922
0.999445
0.999977
1.000011
0.999981
0.999722
0.999900
0.999974
0.999054
0.999914
0.999934
0.999987
0.998635
0.999347
0.999510
0.999984
0.999915
1.000044
0.999885
0.999611
1.000078
0.999180
0.999915
0.999549
0.998262
0.998098
1.000079
0.999815
0.999925
0.999798
0.999983
0.999452
1.000000
0.999083
0.999928
0.999941
0.999932
0.998657
0.998754
0.999550
0.999915
0.999166
1.000086
0.999616
0.999628
1.000075
0.999205
0.999978
0.999038
0.998295
0.999421
1.000019
0.999745
1.000019
0.999781
1.000004
0.999941
0.999983
0.999790
1.000013
0.999957
0.999942
0.998413
0.998562
0.998967
1.000027
0.998302
1.000025
0.999872
0.999875
1.000068
0.999010
1.000002
0.999110
0.998137
0.998424
1.000071
0.999803
0.999881
0.999100
0.999988
0.999104
0.999997
0.999026
0.999866
0.999789
1.000028
0.999275
0.998564
0.999542
0.999975
0.998302
1.000025
0.999882
0.999638
1.000044
0.998618
1.000046
0.999038
0.998703
0.999281
0.999983
0.999947
0.999914
0.999077
0.999971
0.999404
1.000061
1.000072
0.999921
0.999936
0.999894
0.999802
1.000080
0.998966
0.999534
0.999935
1.000033
0.999943
0.999919
0.999897
0.999972
0.999917
0.998581
1.000032
0.999830
1.000042
0.999957
0.999953
1.000009
1.000017
0.999862
0.999998
1.000035
0.999916
0.999913
0.999891
0.999805
1.000089
0.998579
0.999910
1.000046
1.000067
0.999910
0.999936
0.999921
0.999944
0.999238
0.998846
1.000028
0.999255
1.000041
1.000024
0.999930
0.999932
0.999998
0.999552
0.999992
0.999942
0.999898
0.999923
0.999987
0.999870
1.000049
0.999237
0.999977
1.000013
0.999902
0.999918
0.999939
0.999938
0.999954
0.999936
0.999306
1.000010
0.999826
0.999981
1.000006
0.999893
1.000016
1.000008
0.999960
1.000018
1.000094
0.999994
0.999961
1.000011
0.999287
1.000067
0.998575
0.999627
1.000006
0.999926
0.999936
0.999941
0.999891
1.000052
1.000020
0.999651
1.000027
0.999311
0.999986
0.999947
0.999915
1.000085
1.000010
1.000010
0.999991
1.000021
0.998843
0.998890
0.998185
1.000021
1.000146
0.999993
0.999393
0.999952
0.998559
0.999590
0.999353
0.998800
1.000008
0.998404
1.000040
1.000040
1.000004
0.998149
0.999117
0.998988
1.000037
0.999928
1.000000
0.999945
1.000031
0.999301
0.998978
0.998161
1.000025
1.000109
1.000034
0.998402
0.999664
0.998507
0.999613
0.999628
0.999204
0.999976
0.999120
1.000027
1.000040
1.000005
0.997831
0.998678
0.999205
1.000008
0.999982
1.000034
0.999986
1.000007
0.999397
0.999038
0.997971
1.000004
1.000065
1.000081
0.999672
0.999992
0.998808
0.999369
0.999594
0.999173
0.999941
0.998995
1.000003
1.000026
1.000009
0.998615
0.998669
0.998819
1.000025
0.999956
0.999972
0.999945
1.000059
0.998612
0.998944
0.998021
1.000014
1.000041
1.000034
0.999058
0.999924
0.998790
0.999269
0.999629
0.999214
1.000002
0.998619
0.999918
1.000009
1.000021
0.997846
0.998695
0.999196
1.000054
0.999947
0.999592
0.998915
0.998565
0.997875
0.998125
0.998795
0.999853
0.998613
0.999720
0.998937
0.998392
0.999118
1.000027
0.999944
0.999345
0.998203
0.998910
0.999976
0.999708
1.000035
0.998832
0.997943
0.997376
0.998375
0.999174
1.000009
0.999335
0.998324
0.997506
0.998303
0.999037
0.999908
0.998321
0.999557
0.998900
0.998497
0.999268
0.999981
0.999997
0.998834
0.998078
0.998913
0.999982
0.999701
1.000000
0.998754
0.998110
0.997566
0.998383
0.999162
0.999998
0.999287
0.998353
0.997390
0.997938
0.998830
0.999996
0.999047
0.999456
0.998475
0.998292
0.999344
0.999956
1.000020
0.998882
0.998109
0.998417
0.999916
0.999574
0.999961
0.998355
0.998198
0.997843
0.998691
0.999168
0.999785
0.998949
0.998556
0.997864
0.998124
0.998767
1.000032
0.999453
0.999965
0.998954
0.998123
0.999168
0.999986
1.000010
0.999150
0.998399
0.998932
0.999733
0.999054
0.999969
0.998756
0.998110
0.997567
0.998390
0.999034
0.999857
0.998408
0.999107
1.000036
0.999952
0.999888
0.999956
1.000085
0.998688
0.999885
0.999748
0.999697
0.998826
0.998734
0.999921
1.000005
0.999927
0.999067
1.000018
0.999838
0.999938
0.999925
1.000032
0.999729
0.999179
0.999999
0.998197
0.999515
0.999999
0.999931
0.999948
0.999829
1.000020
0.999352
0.999963
0.999728
0.999676
0.998825
0.999311
0.999906
0.999987
0.999876
0.998490
0.999856
0.999875
0.999881
0.999959
1.000037
0.999292
0.998661
0.999726
0.998557
0.999291
1.000027
0.999928
0.999953
0.999990
1.000020
0.998606
0.999686
0.999954
0.999941
0.998735
0.999225
0.999867
0.999977
0.999912
0.999226
0.999961
0.999923
0.999950
0.999924
1.000034
0.999271
0.999152
0.999989
0.998844
0.999561
1.000031
0.999973
0.999870
1.000052
1.000034
0.999345
0.999946
0.999978
0.999872
0.998837
0.998821
0.999695
0.999747
0.999881
0.998489
0.999983
0.999967
0.999892
0.999971
1.000054
0.999464
0.998290
1.000007
0.999854
1.000000
1.000081
0.999987
0.999960
0.999803
0.999974
0.999854
1.000039
1.000051
0.999806
0.999420
0.999748
0.999912
1.000011
1.000017
0.999743
1.000005
0.999989
0.999965
0.999990
1.000055
0.999938
0.999366
0.999838
0.999876
0.999943
1.000000
1.000006
1.000006
0.999995
0.999992
0.999786
1.000030
1.000019
0.999812
0.999422
0.998922
0.999516
1.000053
1.000004
0.999927
1.000007
0.999979
0.999979
0.999968
1.000002
0.999984
0.999611
0.999982
0.999389
1.000005
1.000021
1.000009
0.999967
0.999669
0.999965
0.999875
1.000005
0.999989
0.999916
0.999724
0.999240
0.999931
1.000029
1.000049
0.999593
0.999954
0.999814
0.999966
0.999992
1.000045
0.999996
0.999083
0.999692
0.999329
0.999919
1.000041
0.999980
0.999951
0.999904
0.999985
0.999575
1.000026
1.000046
0.999811
0.999399
0.999396
0.999817
1.000054
1.000002
0.999941
0.999977
0.999636
0.999961
0.999998
1.000026
0.999889
0.999785
0.998994
0.999903
0.999965
0.998170
0.999417
0.999918
1.000014
0.998602
0.999778
1.000003
0.999944
0.999965
0.999989
1.000024
0.999995
0.999814
0.999983
1.000012
0.999500
1.000020
0.999925
0.999425
0.998176
0.999960
0.999972
0.999097
0.999990
0.999972
0.999049
0.999730
0.999988
0.999981
0.998655
0.999849
0.999993
0.999852
0.999996
1.000009
0.999996
0.999970
0.999944
0.999989
0.999828
0.998764
1.000018
0.999970
0.999290
0.999204
0.999917
1.000045
0.999087
1.000020
1.000048
0.998472
0.999403
0.999915
1.000006
0.999083
0.999974
0.999953
0.999849
1.000020
1.000001
1.000004
1.000002
0.999904
1.000015
0.999918
0.998603
1.000013
0.999925
0.999121
0.998330
0.999859
1.000009
0.998287
1.000004
0.999852
0.998166
0.999428
0.999918
1.000004
0.999554
0.999993
0.999976
0.999978
0.999987
1.000000
1.000002
0.999996
0.999991
0.999970
0.999832
0.998770
1.000008
0.999922
0.999411
0.998909
0.999976
1.000134
0.999874
0.999930
0.997957
0.998930
0.998649
0.999124
0.999931
1.000039
0.999883
0.999502
0.999959
0.999966
0.999770
0.999757
0.999979
0.999890
0.999282
0.999704
0.999644
0.999811
0.998292
0.998628
0.999271
0.998304
0.999861
0.999776
0.999843
0.998363
0.999507
0.998997
0.999107
0.999930
1.000022
0.999861
0.999094
0.999892
1.000023
0.999328
0.999321
0.999993
0.999956
0.999497
0.999745
0.999853
0.999826
0.998658
0.998886
0.999395
0.999149
0.999932
0.999778
0.999836
0.997951
0.998943
0.998649
0.999122
0.999872
0.999621
0.999667
0.999523
0.999954
0.999999
0.999801
0.999365
1.000016
0.999944
0.999515
0.999881
1.000032
0.999958
0.998728
0.998905
0.999107
0.998349
0.999960
0.999982
0.999931
0.998702
0.998925
0.998274
0.998329
0.999841
0.999641
0.999853
0.999343
0.999709
1.000026
0.999815
0.999821
1.000035
0.999705
0.999332
0.999785
0.999873
0.999880
0.999148
0.999034
0.998845
0.997532
0.999826
0.749428
0.748600
0.748741
0.752941
0.750615
0.746946
0.748723
0.750545
0.747480
0.747049
0.749268
0.749337
0.748035
0.748034
0.749266
0.749199
0.747217
0.747607
0.750513
0.749271
0.748557
0.751233
0.752510
0.748262
0.748516
0.750080
0.748812
0.747216
0.751034
0.750207
0.746946
0.748723
0.750544
0.747599
0.747892
0.749753
0.749519
0.748438
0.748433
0.749519
0.749035
0.747049
0.747688
0.750948
0.749451
0.747892
0.750624
0.751042
0.746845
0.748608
0.750085
0.748860
0.748740
0.752941
0.750615
0.746946
0.749484
0.752483
0.748634
0.747049
0.749268
0.749315
0.748000
0.748413
0.749710
0.749801
0.747565
0.747460
0.750535
0.749280
0.748566
0.751252
0.752524
0.748762
0.748749
0.749711
0.748289
0.748278
0.752941
0.751652
0.748560
0.749278
0.750516
0.747443
0.747741
0.749948
0.749289
0.748004
0.748009
0.749290
0.749957
0.747749
0.748648
0.751959
0.748915
0.747548
0.750823
0.752539
0.748768
0.748607
0.500246
0.498536
0.497633
0.501913
0.502990
0.499486
0.500561
0.504131
0.498227
0.497551
0.500492
0.499148
0.499479
0.499479
0.499607
0.500929
0.497546
0.498223
0.504130
0.500081
0.497664
0.501763
0.502059
0.497819
0.498204
0.499214
0.498154
0.499317
0.503600
0.503186
0.499500
0.500561
0.504131
0.498264
0.496450
0.499806
0.499671
0.499526
0.499515
0.499696
0.500962
0.497564
0.498292
0.504264
0.500185
0.499083
0.503225
0.503600
0.499216
0.498076
0.499177
0.497978
0.497633
0.501913
0.502990
0.499470
0.499310
0.500910
0.496167
0.497509
0.500492
0.499148
0.499478
0.499534
0.499207
0.499307
0.496414
0.498262
0.504130
0.500081
0.497664
0.501763
0.502038
0.497634
0.498568
0.500311
0.498753
0.497825
0.501896
0.501593
0.497663
0.500081
0.504130
0.498226
0.496412
0.499359
0.499147
0.499479
0.499481
0.499147
0.499359
0.496370
0.496167
0.502139
0.500562
0.498121
0.501764
0.502038
0.497634
0.498536
