0.125000
0.112752
0.089777
0.059191
0.023550
0.007652
0.032340
0.052047
0.067553
0.075403
0.075000
0.075403
0.067553
0.052047
0.032340
0.007652
0.023550
0.059191
0.089777
0.112752
0.121454
0.109655
0.087481
0.058679
0.024018
0.006395
0.030493
0.050456
0.065592
0.073257
0.072873
0.073266
0.065607
0.050468
0.030502
0.006396
0.024019
0.058676
0.087465
0.109642
0.113400
0.102584
0.082215
0.055731
0.025092
0.003515
0.026454
0.046825
0.061131
0.068380
0.068040
0.068390
0.061147
0.046839
0.026460
0.003515
0.025094
0.055721
0.082198
0.102570
0.101339
0.091973
0.074279
0.051036
0.025360
0.000029
0.022763
0.041342
0.054423
0.061072
0.060803
0.061082
0.054440
0.041356
0.022768
0.000029
0.025358
0.051025
0.074261
0.091958
0.085994
0.078432
0.064093
0.044972
0.023441
0.001795
0.017984
0.034284
0.045842
0.051765
0.051597
0.051775
0.045858
0.034296
0.017989
0.001796
0.023439
0.044962
0.064077
0.078418
0.068240
0.062708
0.052183
0.037827
0.021168
0.003891
0.012335
0.025998
0.035847
0.040985
0.040944
0.040994
0.035860
0.026009
0.012339
0.003891
0.021166
0.037818
0.052168
0.062697
0.049025
0.045621
0.039138
0.029934
0.018641
0.006223
0.006073
0.016884
0.024947
0.029301
0.029415
0.029307
0.024956
0.016891
0.006075
0.006224
0.018639
0.029926
0.039127
0.045612
0.029296
0.028003
0.025575
0.021650
0.015971
0.008691
0.000524
0.007363
0.013666
0.017288
0.017578
0.017291
0.013671
0.007366
0.000524
0.008692
0.015970
0.021645
0.025568
0.027998
0.009948
0.010460
0.012006
0.013345
0.013276
0.011186
0.007165
0.002139
0.002512
0.005489
0.005969
0.005491
0.002513
0.002139
0.007167
0.011188
0.013275
0.013342
0.012002
0.010458
0.008216
0.007578
0.003993
0.001499
0.007227
0.011400
0.012867
0.011212
0.008041
0.005603
0.004930
0.005605
0.008044
0.011216
0.012868
0.011399
0.007225
0.001499
0.003991
0.007576
0.024514
0.023782
0.018450
0.009718
0.000321
0.009174
0.014905
0.017030
0.016572
0.015286
0.014709
0.015288
0.016576
0.017034
0.014907
0.009173
0.000321
0.009715
0.018444
0.023778
0.038384
0.037588
0.030832
0.019398
0.005680
0.007232
0.016681
0.021676
0.023139
0.023003
0.023031
0.023007
0.023145
0.021681
0.016682
0.007231
0.005679
0.019392
0.030822
0.037582
0.049388
0.048551
0.040705
0.027165
0.010525
0.005659
0.018117
0.025416
0.028392
0.029143
0.029633
0.029147
0.028398
0.025421
0.018119
0.005659
0.010522
0.027158
0.040695
0.048544
0.057203
0.056342
0.047745
0.032730
0.014011
0.004525
0.019153
0.028103
0.032147
0.033513
0.034321
0.033517
0.032153
0.028107
0.019154
0.004525
0.014008
0.032722
0.047734
0.056335
0.061612
0.060740
0.051727
0.035887
0.015995
0.003878
0.019743
0.029630
0.034275
0.035982
0.036967
0.035985
0.034280
0.029634
0.019744
0.003878
0.015992
0.035880
0.051718
0.060733
0.062500
0.061625
0.052528
0.036523
0.016396
0.003747
0.019863
0.029942
0.034708
0.036482
0.037500
0.036482
0.034708
0.029942
0.019863
0.003747
0.016396
0.036523
0.052528
0.061625
0.061612
0.060733
0.051718
0.035880
0.015992
0.003878
0.019744
0.029634
0.034280
0.035985
0.036967
0.035982
0.034275
0.029630
0.019743
0.003878
0.015995
0.035887
0.051727
0.060740
0.057203
0.056335
0.047734
0.032722
0.014008
0.004525
0.019154
0.028107
0.032153
0.033517
0.034321
0.033513
0.032147
0.028103
0.019153
0.004525
0.014011
0.032730
0.047745
0.056342
0.049388
0.048544
0.040695
0.027158
0.010522
0.005659
0.018119
0.025421
0.028398
0.029147
0.029633
0.029143
0.028392
0.025416
0.018117
0.005659
0.010525
0.027165
0.040705
0.048551
0.038384
0.037582
0.030822
0.019392
0.005679
0.007231
0.016682
0.021681
0.023145
0.023007
0.023031
0.023003
0.023139
0.021676
0.016681
0.007232
0.005680
0.019398
0.030832
0.037588
0.024514
0.023778
0.018444
0.009715
0.000321
0.009173
0.014907
0.017034
0.016576
0.015288
0.014709
0.015286
0.016572
0.017030
0.014905
0.009174
0.000321
0.009718
0.018451
0.023782
0.008216
0.007576
0.003991
0.001499
0.007225
0.011399
0.012868
0.011216
0.008044
0.005605
0.004930
0.005603
0.008041
0.011212
0.012867
0.011400
0.007227
0.001500
0.003993
0.007578
0.009948
0.010458
0.012002
0.013342
0.013275
0.011188
0.007167
0.002140
0.002513
0.005490
0.005969
0.005489
0.002512
0.002139
0.007165
0.011186
0.013276
0.013345
0.012006
0.010460
0.029296
0.027998
0.025568
0.021644
0.015970
0.008692
0.000524
0.007366
0.013671
0.017291
0.017578
0.017288
0.013666
0.007363
0.000524
0.008691
0.015971
0.021650
0.025575
0.028003
0.049025
0.045613
0.039127
0.029926
0.018639
0.006224
0.006075
0.016891
0.024956
0.029307
0.029415
0.029301
0.024947
0.016884
0.006073
0.006223
0.018641
0.029934
0.039138
0.045621
0.068240
0.062697
0.052168
0.037818
0.021166
0.003891
0.012339
0.026009
0.035860
0.040994
0.040944
0.040985
0.035847
0.025998
0.012335
0.003891
0.021168
0.037827
0.052183
0.062708
0.085994
0.078418
0.064077
0.044962
0.023439
0.001796
0.017989
0.034296
0.045858
0.051775
0.051597
0.051765
0.045842
0.034284
0.017984
0.001795
0.023441
0.044972
0.064093
0.078432
0.101339
0.091958
0.074261
0.051025
0.025358
0.000029
0.022768
0.041356
0.054440
0.061082
0.060803
0.061072
0.054423
0.041342
0.022763
0.000029
0.025360
0.051036
0.074279
0.091973
0.113400
0.102570
0.082198
0.055721
0.025094
0.003515
0.026460
0.046839
0.061147
0.068390
0.068040
0.068380
0.061131
0.046825
0.026454
0.003515
0.025092
0.055731
0.082215
0.102584
0.121454
0.109642
0.087465
0.058676
0.024019
0.006396
0.030502
0.050468
0.065607
0.073266
0.072873
0.073257
0.065592
0.050456
0.030493
0.006395
0.024018
0.058679
0.087481
0.109655
0.125000
0.112752
0.089777
0.059191
0.023550
0.007652
0.032340
0.052047
0.067553
0.075403
0.075000
0.075403
0.067553
0.052047
0.032340
0.007652
0.023550
0.059191
0.089777
0.112752
0.121454
0.109655
0.087481
0.058679
0.024018
0.006395
0.030493
0.050456
0.065592
0.073257
0.072873
0.073266
0.065607
0.050468
0.030502
0.006396
0.024019
0.058676
0.087465
0.109642
0.113400
0.102584
0.082215
0.055731
0.025092
0.003515
0.026454
0.046825
0.061131
0.068380
0.068040
0.068390
0.061147
0.046839
0.026460
0.003515
0.025094
0.055721
0.082198
0.102570
0.101339
0.091973
0.074279
0.051036
0.025360
0.000029
0.022763
0.041342
0.054423
0.061072
0.060803
0.061082
0.054440
0.041356
0.022768
0.000029
0.025358
0.051025
0.074261
0.091958
0.085994
0.078432
0.064093
0.044972
0.023441
0.001795
0.017984
0.034284
0.045842
0.051765
0.051597
0.051775
0.045858
0.034296
0.017989
0.001796
0.023439
0.044962
0.064077
0.078418
0.068241
0.062708
0.052183
0.037827
0.021168
0.003891
0.012335
0.025998
0.035847
0.040985
0.040944
0.040994
0.035860
0.026009
0.012339
0.003891
0.021166
0.037818
0.052168
0.062697
0.049025
0.045621
0.039138
0.029934
0.018641
0.006223
0.006073
0.016884
0.024947
0.029301
0.029415
0.029307
0.024956
0.016891
0.006075
0.006224
0.018639
0.029926
0.039127
0.045612
0.029296
0.028003
0.025575
0.021650
0.015971
0.008691
0.000524
0.007363
0.013666
0.017288
0.017578
0.017291
0.013671
0.007366
0.000524
0.008692
0.015970
0.021645
0.025568
0.027998
0.009948
0.010460
0.012006
0.013345
0.013276
0.011186
0.007165
0.002139
0.002512
0.005489
0.005969
0.005491
0.002513
0.002139
0.007167
0.011188
0.013275
0.013342
0.012002
0.010458
0.008216
0.007578
0.003993
0.001499
0.007227
0.011400
0.012867
0.011212
0.008041
0.005603
0.004930
0.005605
0.008044
0.011216
0.012868
0.011399
0.007225
0.001499
0.003991
0.007576
0.024514
0.023782
0.018450
0.009718
0.000321
0.009174
0.014905
0.017030
0.016572
0.015286
0.014709
0.015288
0.016576
0.017034
0.014907
0.009173
0.000321
0.009715
0.018444
0.023778
0.038384
0.037588
0.030832
0.019398
0.005680
0.007232
0.016681
0.021676
0.023139
0.023003
0.023031
0.023007
0.023145
0.021681
0.016682
0.007231
0.005679
0.019392
0.030822
0.037582
0.049388
0.048551
0.040705
0.027165
0.010525
0.005659
0.018117
0.025416
0.028393
0.029143
0.029633
0.029147
0.028398
0.025421
0.018119
0.005659
0.010522
0.027157
0.040695
0.048544
0.057203
0.056342
0.047745
0.032730
0.014011
0.004525
0.019153
0.028103
0.032147
0.033513
0.034321
0.033517
0.032153
0.028107
0.019154
0.004525
0.014008
0.032722
0.047734
0.056335
0.061612
0.060740
0.051727
0.035887
0.015995
0.003878
0.019743
0.029630
0.034275
0.035982
0.036967
0.035985
0.034280
0.029634
0.019744
0.003878
0.015992
0.035880
0.051718
0.060733
0.062500
0.061625
0.052528
0.036523
0.016396
0.003747
0.019863
0.029942
0.034708
0.036482
0.037500
0.036482
0.034708
0.029942
0.019863
0.003747
0.016396
0.036523
0.052528
0.061625
0.061612
0.060733
0.051718
0.035880
0.015992
0.003878
0.019744
0.029634
0.034280
0.035985
0.036967
0.035982
0.034275
0.029630
0.019743
0.003878
0.015995
0.035887
0.051727
0.060740
0.057203
0.056335
0.047734
0.032722
0.014008
0.004525
0.019154
0.028107
0.032153
0.033517
0.034321
0.033513
0.032147
0.028103
0.019153
0.004525
0.014011
0.032730
0.047745
0.056342
0.049388
0.048544
0.040695
0.027158
0.010522
0.005659
0.018119
0.025421
0.028398
0.029147
0.029633
0.029143
0.028392
0.025416
0.018117
0.005659
0.010525
0.027165
0.040705
0.048551
0.038384
0.037582
0.030822
0.019392
0.005679
0.007231
0.016682
0.021681
0.023145
0.023007
0.023031
0.023003
0.023139
0.021676
0.016681
0.007232
0.005680
0.019398
0.030831
0.037588
0.024514
0.023778
0.018444
0.009715
0.000321
0.009173
0.014907
0.017034
0.016576
0.015288
0.014709
0.015286
0.016572
0.017030
0.014905
0.009174
0.000321
0.009718
0.018450
0.023782
0.008216
0.007576
0.003991
0.001499
0.007225
0.011399
0.012868
0.011216
0.008044
0.005605
0.004930
0.005603
0.008041
0.011212
0.012867
0.011400
0.007227
0.001499
0.003993
0.007578
0.009948
0.010458
0.012002
0.013342
0.013275
0.011188
0.007167
0.002139
0.002513
0.005491
0.005969
0.005489
0.002512
0.002139
0.007165
0.011186
0.013276
0.013345
0.012006
0.010460
0.029296
0.027998
0.025568
0.021645
0.015970
0.008692
0.000524
0.007366
0.013671
0.017291
0.017578
0.017288
0.013666
0.007363
0.000524
0.008691
0.015971
0.021650
0.025575
0.028003
0.049025
0.045612
0.039127
0.029926
0.018639
0.006224
0.006075
0.016891
0.024956
0.029307
0.029415
0.029301
0.024947
0.016884
0.006073
0.006223
0.018641
0.029934
0.039138
0.045621
0.068240
0.062696
0.052168
0.037818
0.021166
0.003891
0.012339
0.026009
0.035860
0.040994
0.040944
0.040985
0.035847
0.025998
0.012335
0.003891
0.021168
0.037827
0.052183
0.062708
0.085994
0.078418
0.064077
0.044962
0.023439
0.001796
0.017989
0.034296
0.045858
0.051776
0.051597
0.051765
0.045842
0.034284
0.017984
0.001795
0.023441
0.044972
0.064093
0.078432
0.101339
0.091958
0.074261
0.051025
0.025358
0.000029
0.022768
0.041356
0.054440
0.061082
0.060803
0.061072
0.054423
0.041342
0.022763
0.000029
0.025360
0.051036
0.074279
0.091973
0.113400
0.102570
0.082198
0.055721
0.025094
0.003515
0.026460
0.046839
0.061147
0.068390
0.068040
0.068380
0.061131
0.046825
0.026455
0.003515
0.025092
0.055731
0.082215
0.102584
0.121454
0.109642
0.087465
0.058676
0.024019
0.006396
0.030502
0.050468
0.065607
0.073266
0.072873
0.073257
0.065592
0.050456
0.030493
0.006395
0.024018
0.058679
0.087481
0.109655
