1.000000 0.000000 0.000000
0.951050 -0.000853 -0.309036
0.808997 -0.001624 -0.587810
0.587758 -0.002236 -0.809034
0.308997 -0.002631 -0.951059
0.000000 -0.002767 -0.999996
-0.308997 -0.002631 -0.951059
-0.587758 -0.002236 -0.809034
-0.808997 -0.001624 -0.587810
-0.951050 -0.000852 -0.309035
-1.000000 0.000001 0.000000
-0.951050 0.000853 0.309036
-0.808997 0.001624 0.587810
-0.587758 0.002237 0.809034
-0.308997 0.002631 0.951059
0.000000 0.002767 0.999996
0.308997 0.002631 0.951059
0.587758 0.002237 0.809034
0.808997 0.001624 0.587810
0.951050 0.000854 0.309036
0.994522 0.104527 -0.000001
0.945929 0.098564 -0.309035
0.804736 0.082949 -0.587809
0.584772 0.059212 -0.809034
0.307580 0.029682 -0.951059
0.000289 -0.002752 -0.999996
-0.307029 -0.034915 -0.951059
-0.584304 -0.063661 -0.809034
-0.804396 -0.086178 -0.587810
-0.945751 -0.100260 -0.309035
-0.994522 -0.104528 0.000000
-0.945929 -0.098563 0.309035
-0.804735 -0.082949 0.587810
-0.584772 -0.059213 0.809034
-0.307579 -0.029683 0.951059
-0.000289 0.002752 0.999996
0.307030 0.034915 0.951059
0.584305 0.063661 0.809033
0.804397 0.086177 0.587809
0.945751 0.100259 0.309036
0.978148 0.207909 0.000000
0.930445 0.196896 -0.309039
0.791657 0.166611 -0.587809
0.575380 0.120014 -0.809033
0.302792 0.061670 -0.951059
0.000575 -0.002707 -0.999996
-0.301698 -0.066817 -0.951059
-0.574449 -0.124389 -0.809034
-0.790981 -0.169788 -0.587810
-0.930090 -0.198568 -0.309036
-0.978148 -0.207912 0.000000
-0.930445 -0.196900 0.309036
-0.791656 -0.166612 0.587810
-0.575379 -0.120014 0.809034
-0.302792 -0.061671 0.951059
-0.000576 0.002706 0.999996
0.301698 0.066817 0.951059
0.574450 0.124388 0.809033
0.790982 0.169786 0.587810
0.930090 0.198567 0.309037
0.951056 0.309017 0.000001
0.904766 0.293079 -0.309037
0.769904 0.248449 -0.587810
0.559682 0.179500 -0.809034
0.294686 0.092984 -0.951059
0.000855 -0.002632 -0.999996
-0.293061 -0.097987 -0.951059
-0.558300 -0.183754 -0.809034
-0.768900 -0.251538 -0.587810
-0.904239 -0.294702 -0.309036
-0.951057 -0.309017 -0.000000
-0.904766 -0.293080 0.309036
-0.769904 -0.248450 0.587810
-0.559682 -0.179501 0.809034
-0.294686 -0.092983 0.951059
-0.000855 0.002631 0.999996
0.293060 0.097987 0.951060
0.558300 0.183754 0.809033
0.768901 0.251538 0.587810
0.904239 0.294701 0.309036
0.913545 0.406737 -0.000001
0.869174 0.386049 -0.309035
0.739716 0.327566 -0.587810
0.537853 0.237020 -0.809034
0.283352 0.123277 -0.951060
0.001125 -0.002528 -0.999996
-0.281213 -0.128084 -0.951059
-0.536034 -0.241106 -0.809034
-0.738395 -0.330532 -0.587810
-0.868480 -0.387607 -0.309035
-0.913545 -0.406737 -0.000000
-0.869174 -0.386048 0.309036
-0.739716 -0.327566 0.587810
-0.537853 -0.237020 0.809034
-0.283353 -0.123277 0.951059
-0.001125 0.002528 0.999996
0.281212 0.128084 0.951060
0.536033 0.241106 0.809034
0.738396 0.330532 0.587809
0.868480 0.387607 0.309037
0.866025 0.500001 -0.000000
0.824060 0.474787 -0.309035
0.701424 0.403093 -0.587810
0.510131 0.291942 -0.809034
0.268914 0.152220 -0.951060
0.001383 -0.002396 -0.999996
-0.266284 -0.156777 -0.951059
-0.507895 -0.295816 -0.809034
-0.699801 -0.405904 -0.587810
-0.823207 -0.476263 -0.309036
-0.866025 -0.500000 0.000000
-0.824060 -0.474786 0.309036
-0.701424 -0.403093 0.587810
-0.510132 -0.291942 0.809034
-0.268915 -0.152220 0.951059
-0.001383 0.002396 0.999996
0.266284 0.156777 0.951059
0.507894 0.295816 0.809034
0.699801 0.405906 0.587809
0.823206 0.476265 0.309036
0.809017 0.587786 0.000001
0.769917 0.558323 -0.309036
0.655447 0.474204 -0.587809
0.476820 0.343666 -0.809034
0.251530 0.179495 -0.951059
0.001626 -0.002238 -0.999996
-0.248437 -0.183752 -0.951059
-0.474192 -0.347285 -0.809034
-0.653538 -0.476830 -0.587810
-0.768915 -0.559703 -0.309036
-0.809017 -0.587785 0.000000
-0.769917 -0.558323 0.309036
-0.655447 -0.474203 0.587810
-0.476821 -0.343666 0.809034
-0.251530 -0.179496 0.951059
-0.001626 0.002238 0.999996
0.248438 0.183752 0.951059
0.474192 0.347285 0.809034
0.653538 0.476830 0.587810
0.768915 0.559703 0.309034
0.743145 0.669130 0.000000
0.707339 0.635742 -0.309036
0.602289 0.540118 -0.587810
0.438286 0.391625 -0.809034
0.231390 0.204804 -0.951059
0.001851 -0.002056 -0.999996
-0.227869 -0.208714 -0.951059
-0.435293 -0.394949 -0.809034
-0.600116 -0.542531 -0.587810
-0.706197 -0.637011 -0.309036
-0.743145 -0.669131 -0.000000
-0.707339 -0.635743 0.309036
-0.602288 -0.540118 0.587810
-0.438286 -0.391625 0.809034
-0.231390 -0.204804 0.951059
-0.001851 0.002056 0.999996
0.227869 0.208714 0.951059
0.435293 0.394949 0.809034
0.600116 0.542531 0.587810
0.706198 0.637010 0.309035
0.669130 0.743145 -0.000000
0.637010 0.706198 -0.309035
0.542531 0.600116 -0.587810
0.394949 0.435293 -0.809034
0.208714 0.227869 -0.951059
0.002056 -0.001851 -0.999996
-0.204804 -0.231390 -0.951059
-0.391625 -0.438286 -0.809034
-0.540118 -0.602288 -0.587810
-0.635743 -0.707339 -0.309036
-0.669130 -0.743145 -0.000000
-0.637010 -0.706197 0.309036
-0.542531 -0.600116 0.587810
-0.394949 -0.435293 0.809034
-0.208715 -0.227869 0.951059
-0.002056 0.001851 0.999996
0.204804 0.231390 0.951059
0.391625 0.438286 0.809034
0.540118 0.602289 0.587810
0.635742 0.707339 0.309036
0.587785 0.809017 -0.000001
0.559703 0.768915 -0.309034
0.476830 0.653538 -0.587810
0.347285 0.474191 -0.809034
0.183752 0.248437 -0.951059
0.002238 -0.001626 -0.999996
-0.179495 -0.251530 -0.951059
-0.343666 -0.476821 -0.809034
-0.474203 -0.655447 -0.587810
-0.558323 -0.769917 -0.309036
-0.587786 -0.809017 -0.000000
-0.559703 -0.768914 0.309036
-0.476830 -0.653538 0.587810
-0.347285 -0.474192 0.809034
-0.183752 -0.248438 0.951059
-0.002238 0.001626 0.999996
0.179496 0.251530 0.951059
0.343666 0.476820 0.809034
0.474204 0.655447 0.587809
0.558323 0.769917 0.309036
0.500001 0.866025 0.000000
0.476265 0.823206 -0.309036
0.405905 0.699801 -0.587809
0.295816 0.507894 -0.809034
0.156777 0.266284 -0.951059
0.002396 -0.001383 -0.999996
-0.152220 -0.268915 -0.951059
-0.291942 -0.510131 -0.809034
-0.403093 -0.701424 -0.587810
-0.474786 -0.824060 -0.309036
-0.500000 -0.866026 -0.000000
-0.476264 -0.823207 0.309036
-0.405905 -0.699800 0.587810
-0.295816 -0.507895 0.809034
-0.156777 -0.266284 0.951059
-0.002396 0.001383 0.999996
0.152220 0.268914 0.951059
0.291943 0.510131 0.809034
0.403093 0.701424 0.587810
0.474787 0.824060 0.309035
0.406737 0.913545 0.000001
0.387607 0.868480 -0.309037
0.330532 0.738396 -0.587809
0.241106 0.536034 -0.809034
0.128084 0.281212 -0.951060
0.002528 -0.001125 -0.999996
-0.123277 -0.283353 -0.951059
-0.237020 -0.537853 -0.809034
-0.327566 -0.739716 -0.587810
-0.386048 -0.869174 -0.309036
-0.406737 -0.913546 -0.000000
-0.387606 -0.868481 0.309036
-0.330532 -0.738395 0.587810
-0.241106 -0.536034 0.809034
-0.128084 -0.281213 0.951059
-0.002528 0.001125 0.999996
0.123277 0.283352 0.951060
0.237020 0.537853 0.809034
0.327566 0.739716 0.587810
0.386049 0.869174 0.309035
0.309017 0.951056 -0.000001
0.294701 0.904239 -0.309036
0.251538 0.768900 -0.587810
0.183754 0.558300 -0.809033
0.097987 0.293060 -0.951060
0.002631 -0.000855 -0.999996
-0.092983 -0.294686 -0.951059
-0.179500 -0.559682 -0.809034
-0.248449 -0.769904 -0.587810
-0.293079 -0.904766 -0.309036
-0.309017 -0.951057 -0.000000
-0.294702 -0.904239 0.309036
-0.251538 -0.768900 0.587810
-0.183754 -0.558300 0.809034
-0.097987 -0.293061 0.951059
-0.002632 0.000855 0.999996
0.092984 0.294686 0.951059
0.179500 0.559682 0.809034
0.248449 0.769904 0.587810
0.293079 0.904766 0.309037
0.207909 0.978148 -0.000000
0.198567 0.930090 -0.309037
0.169786 0.790982 -0.587810
0.124388 0.574450 -0.809033
0.066817 0.301698 -0.951059
0.002706 -0.000576 -0.999996
-0.061671 -0.302792 -0.951059
-0.120014 -0.575379 -0.809034
-0.166612 -0.791656 -0.587810
-0.196900 -0.930445 -0.309035
-0.207912 -0.978148 -0.000000
-0.198569 -0.930090 0.309036
-0.169788 -0.790981 0.587810
-0.124389 -0.574449 0.809034
-0.066817 -0.301698 0.951059
-0.002707 0.000575 0.999996
0.061670 0.302792 0.951059
0.120014 0.575380 0.809033
0.166611 0.791657 0.587809
0.196896 0.930445 0.309038
0.104527 0.994522 0.000001
0.100259 0.945751 -0.309036
0.086177 0.804397 -0.587809
0.063661 0.584305 -0.809033
0.034915 0.307030 -0.951059
0.002752 -0.000289 -0.999996
-0.029683 -0.307579 -0.951059
-0.059213 -0.584772 -0.809034
-0.082948 -0.804735 -0.587810
-0.098563 -0.945929 -0.309035
-0.104529 -0.994522 0.000000
-0.100260 -0.945751 0.309035
-0.086178 -0.804396 0.587810
-0.063661 -0.584304 0.809034
-0.034915 -0.307029 0.951059
-0.002752 0.000289 0.999996
0.029682 0.307580 0.951059
0.059212 0.584772 0.809034
0.082949 0.804736 0.587809
0.098564 0.945929 0.309035
-0.000000 1.000000 0.000000
0.000853 0.951050 -0.309036
0.001624 0.808997 -0.587810
0.002236 0.587758 -0.809034
0.002631 0.308997 -0.951059
0.002767 0.000000 -0.999996
0.002631 -0.308997 -0.951059
0.002236 -0.587758 -0.809034
0.001623 -0.808997 -0.587810
0.000853 -0.951050 -0.309035
-0.000000 -1.000000 0.000000
-0.000853 -0.951050 0.309036
-0.001623 -0.808997 0.587810
-0.002237 -0.587758 0.809034
-0.002631 -0.308997 0.951059
-0.002767 0.000000 0.999996
-0.002631 0.308997 0.951059
-0.002236 0.587758 0.809034
-0.001624 0.808997 0.587810
-0.000853 0.951050 0.309036
-0.104527 0.994522 -0.000001
-0.098564 0.945929 -0.309035
-0.082949 0.804736 -0.587809
-0.059212 0.584772 -0.809034
-0.029682 0.307580 -0.951059
0.002752 0.000289 -0.999996
0.034915 -0.307029 -0.951059
0.063662 -0.584304 -0.809034
0.086178 -0.804396 -0.587810
0.100260 -0.945751 -0.309035
0.104529 -0.994522 -0.000000
0.098564 -0.945929 0.309036
0.082949 -0.804735 0.587810
0.059213 -0.584772 0.809034
0.029683 -0.307579 0.951059
-0.002752 -0.000289 0.999996
-0.034915 0.307030 0.951059
-0.063661 0.584305 0.809033
-0.086177 0.804397 0.587809
-0.100259 0.945751 0.309036
-0.207909 0.978148 0.000000
-0.196896 0.930445 -0.309039
-0.166611 0.791657 -0.587809
-0.120014 0.575380 -0.809033
-0.061670 0.302792 -0.951059
0.002707 0.000575 -0.999996
0.066817 -0.301698 -0.951059
0.124389 -0.574449 -0.809034
0.169788 -0.790981 -0.587810
0.198569 -0.930090 -0.309035
0.207912 -0.978148 -0.000000
0.196901 -0.930445 0.309036
0.166612 -0.791656 0.587810
0.120014 -0.575379 0.809034
0.061671 -0.302792 0.951059
-0.002706 -0.000576 0.999996
-0.066817 0.301698 0.951059
-0.124388 0.574450 0.809033
-0.169786 0.790982 0.587810
-0.198567 0.930090 0.309037
-0.309017 0.951056 0.000001
-0.293079 0.904765 -0.309037
-0.248449 0.769904 -0.587810
-0.179500 0.559682 -0.809034
-0.092984 0.294686 -0.951059
0.002632 0.000855 -0.999996
0.097987 -0.293061 -0.951059
0.183754 -0.558300 -0.809034
0.251538 -0.768901 -0.587810
0.294702 -0.904239 -0.309035
0.309017 -0.951057 -0.000000
0.293079 -0.904766 0.309035
0.248450 -0.769904 0.587810
0.179500 -0.559682 0.809034
0.092983 -0.294687 0.951059
-0.002631 -0.000855 0.999996
-0.097987 0.293060 0.951060
-0.183754 0.558300 0.809033
-0.251538 0.768900 0.587810
-0.294701 0.904239 0.309036
-0.406737 0.913545 -0.000001
-0.386049 0.869174 -0.309035
-0.327566 0.739716 -0.587810
-0.237020 0.537853 -0.809034
-0.123277 0.283352 -0.951060
0.002528 0.001125 -0.999996
0.128084 -0.281213 -0.951059
0.241105 -0.536034 -0.809034
0.330532 -0.738396 -0.587810
0.387606 -0.868480 -0.309036
0.406737 -0.913545 0.000000
0.386048 -0.869175 0.309036
0.327566 -0.739716 0.587810
0.237020 -0.537853 0.809034
0.123277 -0.283353 0.951059
-0.002528 -0.001125 0.999996
-0.128084 0.281212 0.951060
-0.241106 0.536033 0.809034
-0.330532 0.738396 0.587809
-0.387607 0.868480 0.309037
-0.500001 0.866025 -0.000000
-0.474788 0.824059 -0.309035
-0.403093 0.701424 -0.587810
-0.291943 0.510131 -0.809034
-0.152220 0.268914 -0.951060
0.002396 0.001383 -0.999996
0.156777 -0.266284 -0.951059
0.295816 -0.507895 -0.809034
0.405905 -0.699800 -0.587810
0.476264 -0.823207 -0.309036
0.500000 -0.866025 -0.000000
0.474787 -0.824060 0.309036
0.403093 -0.701424 0.587810
0.291942 -0.510131 0.809034
0.152220 -0.268915 0.951059
-0.002396 -0.001383 0.999996
-0.156777 0.266284 0.951059
-0.295816 0.507894 0.809034
-0.405906 0.699801 0.587809
-0.476265 0.823206 0.309036
-0.587785 0.809017 0.000001
-0.558323 0.769917 -0.309036
-0.474204 0.655447 -0.587809
-0.343666 0.476820 -0.809034
-0.179495 0.251530 -0.951059
0.002238 0.001626 -0.999996
0.183752 -0.248437 -0.951059
0.347285 -0.474191 -0.809034
0.476830 -0.653538 -0.587810
0.559703 -0.768914 -0.309036
0.587785 -0.809017 0.000000
0.558323 -0.769917 0.309036
0.474203 -0.655447 0.587810
0.343666 -0.476821 0.809034
0.179496 -0.251530 0.951059
-0.002238 -0.001626 0.999996
-0.183752 0.248438 0.951059
-0.347285 0.474192 0.809034
-0.476830 0.653538 0.587810
-0.559703 0.768915 0.309034
-0.669130 0.743145 0.000000
-0.635742 0.707339 -0.309036
-0.540118 0.602289 -0.587810
-0.391625 0.438286 -0.809034
-0.204804 0.231390 -0.951059
0.002056 0.001851 -0.999996
0.208714 -0.227869 -0.951059
0.394948 -0.435293 -0.809034
0.542531 -0.600116 -0.587810
0.637010 -0.706198 -0.309036
0.669130 -0.743145 -0.000000
0.635743 -0.707339 0.309036
0.540118 -0.602288 0.587810
0.391625 -0.438286 0.809034
0.204804 -0.231390 0.951059
-0.002056 -0.001851 0.999996
-0.208715 0.227869 0.951059
-0.394949 0.435293 0.809034
-0.542531 0.600116 0.587811
-0.637010 0.706198 0.309035
-0.743146 0.669130 -0.000000
-0.706198 0.637010 -0.309035
-0.600116 0.542531 -0.587810
-0.435293 0.394949 -0.809034
-0.227869 0.208714 -0.951059
0.001851 0.002056 -0.999996
0.231390 -0.204804 -0.951059
0.438286 -0.391625 -0.809034
0.602289 -0.540118 -0.587810
0.707339 -0.635743 -0.309035
0.743145 -0.669131 -0.000000
0.706197 -0.637010 0.309036
0.600116 -0.542531 0.587810
0.435293 -0.394948 0.809034
0.227869 -0.208715 0.951059
-0.001851 -0.002056 0.999996
-0.231390 0.204804 0.951059
-0.438286 0.391625 0.809034
-0.602289 0.540118 0.587810
-0.707339 0.635742 0.309036
-0.809017 0.587786 -0.000001
-0.768915 0.559703 -0.309034
-0.653538 0.476830 -0.587810
-0.474192 0.347285 -0.809034
-0.248438 0.183752 -0.951059
0.001626 0.002238 -0.999996
0.251530 -0.179496 -0.951059
0.476820 -0.343666 -0.809034
0.655447 -0.474203 -0.587810
0.769917 -0.558323 -0.309035
0.809017 -0.587785 -0.000000
0.768914 -0.559703 0.309035
0.653538 -0.476830 0.587810
0.474191 -0.347284 0.809034
0.248437 -0.183752 0.951059
-0.001626 -0.002238 0.999996
-0.251530 0.179496 0.951059
-0.476820 0.343666 0.809034
-0.655447 0.474204 0.587809
-0.769917 0.558323 0.309036
-0.866025 0.500001 0.000000
-0.823206 0.476265 -0.309036
-0.699801 0.405906 -0.587809
-0.507894 0.295816 -0.809035
-0.266284 0.156777 -0.951059
0.001383 0.002396 -0.999996
0.268915 -0.152220 -0.951059
0.510131 -0.291942 -0.809034
0.701424 -0.403093 -0.587810
0.824060 -0.474787 -0.309036
0.866025 -0.500000 0.000000
0.823207 -0.476264 0.309036
0.699800 -0.405905 0.587810
0.507895 -0.295816 0.809034
0.266284 -0.156777 0.951059
-0.001383 -0.002396 0.999996
-0.268914 0.152220 0.951059
-0.510131 0.291942 0.809034
-0.701424 0.403093 0.587810
-0.824060 0.474787 0.309035
-0.913545 0.406737 0.000001
-0.868480 0.387607 -0.309037
-0.738396 0.330532 -0.587809
-0.536033 0.241106 -0.809034
-0.281212 0.128084 -0.951060
0.001125 0.002528 -0.999996
0.283353 -0.123277 -0.951059
0.537854 -0.237019 -0.809034
0.739716 -0.327566 -0.587810
0.869174 -0.386048 -0.309036
0.913545 -0.406737 -0.000001
0.868481 -0.387606 0.309036
0.738395 -0.330532 0.587810
0.536034 -0.241106 0.809034
0.281213 -0.128084 0.951059
-0.001125 -0.002528 0.999996
-0.283352 0.123277 0.951060
-0.537853 0.237020 0.809034
-0.739716 0.327566 0.587810
-0.869174 0.386049 0.309035
-0.951056 0.309017 -0.000001
-0.904239 0.294701 -0.309036
-0.768900 0.251538 -0.587810
-0.558300 0.183754 -0.809033
-0.293060 0.097987 -0.951060
0.000855 0.002631 -0.999996
0.294686 -0.092983 -0.951059
0.559682 -0.179500 -0.809034
0.769904 -0.248450 -0.587810
0.904766 -0.293079 -0.309036
0.951056 -0.309017 -0.000000
0.904239 -0.294702 0.309035
0.768900 -0.251538 0.587811
0.558300 -0.183754 0.809034
0.293061 -0.097987 0.951059
-0.000855 -0.002632 0.999996
-0.294686 0.092984 0.951059
-0.559682 0.179500 0.809034
-0.769904 0.248449 0.587810
-0.904766 0.293079 0.309037
-0.978148 0.207909 -0.000000
-0.930090 0.198567 -0.309037
-0.790982 0.169786 -0.587810
-0.574450 0.124388 -0.809033
-0.301698 0.066817 -0.951059
0.000576 0.002706 -0.999996
0.302792 -0.061671 -0.951059
0.575379 -0.120014 -0.809034
0.791656 -0.166612 -0.587810
0.930445 -0.196900 -0.309036
0.978148 -0.207912 -0.000000
0.930090 -0.198569 0.309035
0.790981 -0.169788 0.587810
0.574449 -0.124389 0.809034
0.301698 -0.066817 0.951059
-0.000575 -0.002707 0.999996
-0.302792 0.061670 0.951059
-0.575380 0.120014 0.809033
-0.791657 0.166611 0.587809
-0.930445 0.196896 0.309038
-0.994522 0.104527 0.000001
-0.945751 0.100259 -0.309036
-0.804396 0.086177 -0.587809
-0.584305 0.063661 -0.809033
-0.307030 0.034915 -0.951059
0.000289 0.002752 -0.999996
0.307579 -0.029683 -0.951059
0.584772 -0.059213 -0.809034
0.804735 -0.082948 -0.587810
0.945929 -0.098563 -0.309035
0.994522 -0.104529 0.000000
0.945751 -0.100260 0.309035
0.804396 -0.086178 0.587810
0.584304 -0.063661 0.809034
0.307029 -0.034915 0.951059
-0.000289 -0.002752 0.999996
-0.307580 0.029682 0.951059
-0.584772 0.059212 0.809034
-0.804736 0.082949 0.587809
-0.945929 0.098564 0.309035
-1.000000 -0.000000 0.000000
-0.951050 0.000853 -0.309036
-0.808997 0.001624 -0.587810
-0.587758 0.002236 -0.809034
-0.308997 0.002631 -0.951059
-0.000000 0.002767 -0.999996
0.308997 0.002631 -0.951059
0.587758 0.002236 -0.809034
0.808997 0.001624 -0.587810
0.951050 0.000853 -0.309035
1.000000 0.000000 0.000000
0.951050 -0.000853 0.309036
0.808997 -0.001623 0.587810
0.587758 -0.002237 0.809034
0.308997 -0.002631 0.951059
-0.000000 -0.002767 0.999996
-0.308997 -0.002631 0.951059
-0.587758 -0.002237 0.809034
-0.808997 -0.001624 0.587810
-0.951050 -0.000854 0.309036
-0.994522 -0.104527 -0.000001
-0.945929 -0.098564 -0.309035
-0.804736 -0.082948 -0.587809
-0.584772 -0.059212 -0.809034
-0.307580 -0.029682 -0.951059
-0.000289 0.002752 -0.999996
0.307029 0.034915 -0.951059
0.584304 0.063662 -0.809034
0.804396 0.086178 -0.587810
0.945751 0.100260 -0.309035
0.994522 0.104529 -0.000000
0.945929 0.098564 0.309036
0.804735 0.082949 0.587810
0.584772 0.059213 0.809034
0.307579 0.029683 0.951059
0.000289 -0.002752 0.999996
-0.307030 -0.034915 0.951059
-0.584305 -0.063660 0.809033
-0.804396 -0.086177 0.587809
-0.945751 -0.100259 0.309036
-0.978148 -0.207909 0.000000
-0.930445 -0.196896 -0.309038
-0.791657 -0.166611 -0.587809
-0.575380 -0.120014 -0.809033
-0.302792 -0.061670 -0.951059
-0.000575 0.002706 -0.999996
0.301698 0.066817 -0.951059
0.574449 0.124389 -0.809034
0.790981 0.169788 -0.587810
0.930090 0.198569 -0.309035
0.978148 0.207912 -0.000000
0.930445 0.196900 0.309036
0.791656 0.166612 0.587810
0.575379 0.120014 0.809034
0.302792 0.061671 0.951059
0.000576 -0.002706 0.999996
-0.301698 -0.066817 0.951059
-0.574450 -0.124388 0.809033
-0.790982 -0.169786 0.587810
-0.930090 -0.198567 0.309037
-0.951056 -0.309017 0.000001
-0.904766 -0.293079 -0.309037
-0.769904 -0.248449 -0.587810
-0.559682 -0.179500 -0.809034
-0.294686 -0.092984 -0.951059
-0.000855 0.002632 -0.999996
0.293061 0.097987 -0.951059
0.558300 0.183754 -0.809034
0.768901 0.251538 -0.587810
0.904239 0.294702 -0.309036
0.951057 0.309017 -0.000000
0.904766 0.293079 0.309036
0.769904 0.248450 0.587810
0.559682 0.179500 0.809034
0.294687 0.092983 0.951059
0.000855 -0.002631 0.999996
-0.293060 -0.097987 0.951060
-0.558300 -0.183754 0.809033
-0.768901 -0.251538 0.587810
-0.904239 -0.294701 0.309036
-0.913545 -0.406738 -0.000001
-0.869174 -0.386049 -0.309035
-0.739716 -0.327566 -0.587810
-0.537853 -0.237020 -0.809034
-0.283352 -0.123277 -0.951060
-0.001125 0.002528 -0.999996
0.281213 0.128084 -0.951059
0.536034 0.241106 -0.809034
0.738395 0.330532 -0.587810
0.868480 0.387607 -0.309036
0.913545 0.406737 -0.000000
0.869174 0.386048 0.309036
0.739716 0.327566 0.587810
0.537853 0.237020 0.809034
0.283353 0.123277 0.951059
0.001125 -0.002528 0.999996
-0.281212 -0.128084 0.951060
-0.536033 -0.241106 0.809034
-0.738396 -0.330532 0.587809
-0.868480 -0.387607 0.309037
-0.866025 -0.500001 0.000000
-0.824060 -0.474787 -0.309035
-0.701424 -0.403093 -0.587810
-0.510131 -0.291942 -0.809034
-0.268914 -0.152220 -0.951060
-0.001383 0.002396 -0.999996
0.266284 0.156777 -0.951059
0.507895 0.295816 -0.809034
0.699800 0.405905 -0.587810
0.823207 0.476264 -0.309036
0.866025 0.500000 0.000000
0.824060 0.474786 0.309036
0.701424 0.403093 0.587810
0.510132 0.291942 0.809034
0.268915 0.152220 0.951059
0.001383 -0.002396 0.999996
-0.266284 -0.156777 0.951059
-0.507894 -0.295816 0.809034
-0.699801 -0.405906 0.587809
-0.823207 -0.476265 0.309036
-0.809017 -0.587785 0.000001
-0.769917 -0.558323 -0.309036
-0.655447 -0.474204 -0.587809
-0.476820 -0.343666 -0.809034
-0.251530 -0.179495 -0.951059
-0.001626 0.002238 -0.999996
0.248437 0.183752 -0.951059
0.474191 0.347285 -0.809034
0.653538 0.476830 -0.587810
0.768914 0.559703 -0.309036
0.809017 0.587785 0.000000
0.769917 0.558323 0.309036
0.655447 0.474203 0.587811
0.476821 0.343666 0.809034
0.251530 0.179496 0.951059
0.001626 -0.002238 0.999996
-0.248438 -0.183752 0.951059
-0.474192 -0.347285 0.809034
-0.653538 -0.476830 0.587811
-0.768915 -0.559703 0.309035
-0.743145 -0.669131 -0.000000
-0.707339 -0.635743 -0.309036
-0.602288 -0.540118 -0.587810
-0.438285 -0.391625 -0.809034
-0.231390 -0.204804 -0.951059
-0.001851 0.002056 -0.999996
0.227869 0.208714 -0.951059
0.435293 0.394949 -0.809034
0.600116 0.542532 -0.587810
0.706197 0.637011 -0.309036
0.743145 0.669131 -0.000000
0.707339 0.635743 0.309035
0.602288 0.540119 0.587810
0.438285 0.391625 0.809034
0.231390 0.204804 0.951059
0.001851 -0.002056 0.999996
-0.227869 -0.208714 0.951059
-0.435293 -0.394949 0.809034
-0.600116 -0.542531 0.587810
-0.706197 -0.637011 0.309036
-0.669130 -0.743146 0.000000
-0.637010 -0.706198 -0.309035
-0.542531 -0.600116 -0.587810
-0.394949 -0.435293 -0.809034
-0.208714 -0.227869 -0.951059
-0.002056 0.001851 -0.999996
0.204804 0.231390 -0.951059
0.391625 0.438286 -0.809034
0.540118 0.602289 -0.587810
0.635743 0.707339 -0.309036
0.669130 0.743145 -0.000000
0.637010 0.706197 0.309036
0.542531 0.600116 0.587810
0.394949 0.435293 0.809034
0.208714 0.227869 0.951059
0.002056 -0.001851 0.999996
-0.204804 -0.231390 0.951059
-0.391625 -0.438286 0.809034
-0.540118 -0.602289 0.587810
-0.635742 -0.707340 0.309035
-0.587785 -0.809017 -0.000001
-0.559703 -0.768915 -0.309034
-0.476830 -0.653539 -0.587809
-0.347285 -0.474192 -0.809034
-0.183752 -0.248437 -0.951059
-0.002238 0.001626 -0.999996
0.179496 0.251530 -0.951059
0.343666 0.476820 -0.809034
0.474203 0.655447 -0.587810
0.558323 0.769917 -0.309036
0.587785 0.809017 -0.000000
0.559703 0.768914 0.309036
0.476830 0.653538 0.587811
0.347285 0.474191 0.809034
0.183752 0.248438 0.951059
0.002238 -0.001626 0.999996
-0.179496 -0.251530 0.951059
-0.343666 -0.476820 0.809034
-0.474204 -0.655447 0.587809
-0.558323 -0.769917 0.309035
-0.500002 -0.866024 -0.000000
-0.476265 -0.823206 -0.309036
-0.405906 -0.699801 -0.587809
-0.295816 -0.507894 -0.809034
-0.156777 -0.266284 -0.951059
-0.002396 0.001383 -0.999996
0.152220 0.268915 -0.951059
0.291942 0.510131 -0.809034
0.403093 0.701424 -0.587810
0.474786 0.824060 -0.309036
0.500000 0.866025 -0.000000
0.476264 0.823207 0.309036
0.405904 0.699800 0.587810
0.295815 0.507895 0.809034
0.156777 0.266284 0.951059
0.002396 -0.001383 0.999996
-0.152220 -0.268914 0.951059
-0.291942 -0.510131 0.809034
-0.403093 -0.701424 0.587810
-0.474788 -0.824060 0.309035
-0.406738 -0.913545 0.000001
-0.387607 -0.868479 -0.309037
-0.330533 -0.738396 -0.587809
-0.241106 -0.536033 -0.809034
-0.128084 -0.281212 -0.951060
-0.002528 0.001125 -0.999996
0.123277 0.283353 -0.951059
0.237020 0.537853 -0.809034
0.327566 0.739716 -0.587810
0.386048 0.869174 -0.309035
0.406737 0.913545 -0.000000
0.387606 0.868481 0.309036
0.330532 0.738396 0.587810
0.241106 0.536034 0.809034
0.128084 0.281213 0.951059
0.002528 -0.001125 0.999996
-0.123277 -0.283352 0.951060
-0.237020 -0.537853 0.809034
-0.327567 -0.739716 0.587810
-0.386049 -0.869174 0.309035
-0.309018 -0.951056 -0.000001
-0.294701 -0.904239 -0.309036
-0.251538 -0.768900 -0.587810
-0.183754 -0.558300 -0.809033
-0.097987 -0.293060 -0.951060
-0.002631 0.000855 -0.999996
0.092983 0.294686 -0.951059
0.179500 0.559682 -0.809034
0.248450 0.769904 -0.587810
0.293080 0.904766 -0.309036
0.309017 0.951056 -0.000000
0.294702 0.904239 0.309036
0.251538 0.768900 0.587811
0.183755 0.558300 0.809034
0.097988 0.293061 0.951059
0.002632 -0.000855 0.999996
-0.092984 -0.294686 0.951059
-0.179500 -0.559682 0.809034
-0.248449 -0.769904 0.587810
-0.293079 -0.904765 0.309037
-0.207909 -0.978148 -0.000000
-0.198566 -0.930090 -0.309037
-0.169786 -0.790982 -0.587810
-0.124388 -0.574450 -0.809033
-0.066817 -0.301698 -0.951059
-0.002706 0.000576 -0.999996
0.061671 0.302791 -0.951059
0.120014 0.575379 -0.809034
0.166612 0.791657 -0.587810
0.196900 0.930445 -0.309035
0.207912 0.978148 -0.000000
0.198569 0.930090 0.309035
0.169788 0.790981 0.587811
0.124389 0.574449 0.809034
0.066818 0.301698 0.951059
0.002707 -0.000575 0.999996
-0.061670 -0.302792 0.951059
-0.120014 -0.575380 0.809033
-0.166611 -0.791657 0.587809
-0.196896 -0.930445 0.309038
-0.104527 -0.994522 0.000001
-0.100258 -0.945751 -0.309036
-0.086177 -0.804397 -0.587809
-0.063660 -0.584305 -0.809033
-0.034914 -0.307030 -0.951059
-0.002752 0.000289 -0.999996
0.029683 0.307579 -0.951059
0.059213 0.584772 -0.809034
0.082949 0.804735 -0.587810
0.098563 0.945929 -0.309035
0.104528 0.994522 0.000000
0.100261 0.945751 0.309035
0.086178 0.804396 0.587810
0.063661 0.584304 0.809034
0.034915 0.307029 0.951059
0.002752 -0.000289 0.999996
-0.029682 -0.307580 0.951059
-0.059212 -0.584772 0.809034
-0.082948 -0.804736 0.587809
-0.098563 -0.945929 0.309035
0.000000 -1.000000 0.000000
-0.000853 -0.951050 -0.309036
-0.001624 -0.808997 -0.587810
-0.002236 -0.587758 -0.809034
-0.002631 -0.308997 -0.951059
-0.002767 -0.000000 -0.999996
-0.002631 0.308997 -0.951059
-0.002236 0.587758 -0.809034
-0.001623 0.808997 -0.587810
-0.000853 0.951050 -0.309035
-0.000000 1.000000 0.000000
0.000853 0.951050 0.309036
0.001623 0.808997 0.587810
0.002237 0.587758 0.809034
0.002631 0.308997 0.951059
0.002767 -0.000000 0.999996
0.002631 -0.308997 0.951059
0.002236 -0.587758 0.809034
0.001624 -0.808997 0.587810
0.000853 -0.951050 0.309036
0.104527 -0.994522 -0.000001
0.098564 -0.945929 -0.309035
0.082949 -0.804736 -0.587809
0.059212 -0.584772 -0.809034
0.029682 -0.307580 -0.951059
-0.002752 -0.000289 -0.999996
-0.034915 0.307029 -0.951059
-0.063661 0.584304 -0.809034
-0.086178 0.804396 -0.587810
-0.100260 0.945751 -0.309035
-0.104529 0.994522 0.000000
-0.098563 0.945929 0.309035
-0.082949 0.804735 0.587810
-0.059213 0.584772 0.809034
-0.029683 0.307579 0.951059
0.002752 0.000289 0.999996
0.034915 -0.307030 0.951059
0.063661 -0.584305 0.809033
0.086177 -0.804396 0.587809
0.100259 -0.945751 0.309036
0.207908 -0.978148 0.000000
0.196896 -0.930445 -0.309038
0.166610 -0.791657 -0.587809
0.120013 -0.575380 -0.809033
0.061670 -0.302792 -0.951059
-0.002707 -0.000575 -0.999996
-0.066817 0.301698 -0.951059
-0.124389 0.574449 -0.809034
-0.169788 0.790981 -0.587810
-0.198569 0.930090 -0.309036
-0.207912 0.978148 -0.000000
-0.196900 0.930445 0.309036
-0.166612 0.791656 0.587810
-0.120014 0.575379 0.809034
-0.061671 0.302792 0.951059
0.002706 0.000576 0.999996
0.066817 -0.301698 0.951059
0.124388 -0.574450 0.809033
0.169786 -0.790982 0.587810
0.198566 -0.930090 0.309037
0.309017 -0.951056 0.000001
0.293079 -0.904766 -0.309037
0.248449 -0.769904 -0.587810
0.179500 -0.559682 -0.809034
0.092983 -0.294686 -0.951059
-0.002632 -0.000855 -0.999996
-0.097987 0.293061 -0.951059
-0.183754 0.558300 -0.809034
-0.251538 0.768900 -0.587810
-0.294702 0.904239 -0.309036
-0.309017 0.951057 -0.000000
-0.293079 0.904766 0.309036
-0.248450 0.769904 0.587810
-0.179500 0.559682 0.809034
-0.092983 0.294687 0.951059
0.002631 0.000855 0.999996
0.097987 -0.293060 0.951060
0.183754 -0.558300 0.809034
0.251537 -0.768901 0.587810
0.294701 -0.904239 0.309036
0.406738 -0.913545 -0.000001
0.386049 -0.869174 -0.309035
0.327567 -0.739716 -0.587810
0.237020 -0.537853 -0.809034
0.123277 -0.283352 -0.951060
-0.002528 -0.001125 -0.999996
-0.128084 0.281213 -0.951059
-0.241106 0.536034 -0.809034
-0.330532 0.738396 -0.587810
-0.387606 0.868481 -0.309036
-0.406737 0.913545 0.000000
-0.386047 0.869175 0.309035
-0.327566 0.739716 0.587810
-0.237020 0.537853 0.809034
-0.123277 0.283353 0.951059
0.002528 0.001125 0.999996
0.128084 -0.281212 0.951060
0.241106 -0.536033 0.809034
0.330533 -0.738396 0.587809
0.387608 -0.868479 0.309037
0.500002 -0.866024 0.000000
0.474788 -0.824059 -0.309035
0.403093 -0.701424 -0.587810
0.291942 -0.510131 -0.809034
0.152220 -0.268914 -0.951060
-0.002396 -0.001383 -0.999996
-0.156777 0.266284 -0.951059
-0.295815 0.507895 -0.809034
-0.405905 0.699801 -0.587810
-0.476264 0.823207 -0.309036
-0.500000 0.866025 0.000000
-0.474786 0.824060 0.309036
-0.403093 0.701424 0.587810
-0.291942 0.510131 0.809034
-0.152220 0.268915 0.951059
0.002396 0.001383 0.999996
0.156777 -0.266284 0.951059
0.295816 -0.507894 0.809034
0.405906 -0.699801 0.587809
0.476265 -0.823206 0.309036
0.587785 -0.809017 0.000001
0.558323 -0.769917 -0.309035
0.474204 -0.655448 -0.587809
0.343666 -0.476820 -0.809034
0.179495 -0.251530 -0.951059
-0.002238 -0.001626 -0.999996
-0.183752 0.248438 -0.951059
-0.347284 0.474192 -0.809034
-0.476830 0.653539 -0.587810
-0.559703 0.768914 -0.309036
-0.587785 0.809017 -0.000000
-0.558323 0.769917 0.309036
-0.474203 0.655447 0.587810
-0.343666 0.476820 0.809034
-0.179496 0.251530 0.951059
0.002238 0.001626 0.999996
0.183752 -0.248438 0.951059
0.347284 -0.474192 0.809034
0.476830 -0.653539 0.587810
0.559703 -0.768916 0.309033
0.669130 -0.743146 -0.000000
0.635742 -0.707340 -0.309035
0.540118 -0.602289 -0.587810
0.391625 -0.438286 -0.809034
0.204804 -0.231390 -0.951059
-0.002056 -0.001851 -0.999996
-0.208714 0.227869 -0.951059
-0.394949 0.435293 -0.809034
-0.542531 0.600116 -0.587810
-0.637011 0.706197 -0.309036
-0.669131 0.743145 -0.000000
-0.635743 0.707339 0.309036
-0.540118 0.602288 0.587810
-0.391625 0.438286 0.809034
-0.204804 0.231390 0.951059
0.002056 0.001851 0.999996
0.208714 -0.227869 0.951059
0.394949 -0.435293 0.809034
0.542531 -0.600116 0.587810
0.637010 -0.706198 0.309035
0.743145 -0.669130 -0.000000
0.706198 -0.637010 -0.309035
0.600116 -0.542531 -0.587810
0.435293 -0.394949 -0.809034
0.227869 -0.208714 -0.951059
-0.001851 -0.002056 -0.999996
-0.231390 0.204804 -0.951059
-0.438286 0.391625 -0.809034
-0.602289 0.540118 -0.587810
-0.707339 0.635743 -0.309036
-0.743145 0.669130 -0.000000
-0.706197 0.637010 0.309036
-0.600116 0.542531 0.587810
-0.435293 0.394949 0.809034
-0.227869 0.208714 0.951059
0.001851 0.002056 0.999996
0.231390 -0.204804 0.951059
0.438286 -0.391625 0.809034
0.602289 -0.540118 0.587810
0.707339 -0.635742 0.309036
0.809017 -0.587786 -0.000001
0.768915 -0.559704 -0.309034
0.653538 -0.476831 -0.587810
0.474191 -0.347285 -0.809034
0.248437 -0.183752 -0.951059
-0.001626 -0.002238 -0.999996
-0.251530 0.179496 -0.951059
-0.476820 0.343666 -0.809034
-0.655447 0.474203 -0.587810
-0.769917 0.558323 -0.309036
-0.809017 0.587786 -0.000000
-0.768914 0.559703 0.309036
-0.653538 0.476830 0.587811
-0.474192 0.347285 0.809034
-0.248438 0.183752 0.951059
0.001626 0.002238 0.999996
0.251530 -0.179496 0.951059
0.476820 -0.343666 0.809034
0.655447 -0.474204 0.587809
0.769917 -0.558323 0.309036
0.866025 -0.500001 0.000000
0.823207 -0.476265 -0.309036
0.699801 -0.405905 -0.587809
0.507894 -0.295816 -0.809035
0.266284 -0.156777 -0.951059
-0.001383 -0.002396 -0.999996
-0.268914 0.152220 -0.951059
-0.510131 0.291942 -0.809034
-0.701424 0.403093 -0.587810
-0.824060 0.474786 -0.309036
-0.866025 0.500000 0.000000
-0.823207 0.476264 0.309036
-0.699800 0.405905 0.587810
-0.507895 0.295816 0.809034
-0.266284 0.156777 0.951059
0.001383 0.002396 0.999996
0.268914 -0.152220 0.951059
0.510131 -0.291942 0.809034
0.701424 -0.403093 0.587810
0.824060 -0.474787 0.309035
0.913545 -0.406737 0.000001
0.868480 -0.387607 -0.309037
0.738396 -0.330532 -0.587809
0.536034 -0.241106 -0.809034
0.281212 -0.128084 -0.951060
-0.001125 -0.002528 -0.999996
-0.283353 0.123277 -0.951059
-0.537853 0.237019 -0.809034
-0.739716 0.327566 -0.587810
-0.869174 0.386048 -0.309036
-0.913546 0.406736 -0.000000
-0.868481 0.387606 0.309036
-0.738396 0.330532 0.587810
-0.536034 0.241106 0.809034
-0.281213 0.128084 0.951059
0.001125 0.002528 0.999996
0.283352 -0.123277 0.951060
0.537853 -0.237020 0.809034
0.739716 -0.327566 0.587810
0.869174 -0.386048 0.309035
0.951056 -0.309018 -0.000001
0.904239 -0.294701 -0.309036
0.768900 -0.251538 -0.587810
0.558300 -0.183754 -0.809033
0.293060 -0.097987 -0.951060
-0.000855 -0.002631 -0.999996
-0.294687 0.092983 -0.951059
-0.559682 0.179500 -0.809034
-0.769904 0.248449 -0.587810
-0.904766 0.293079 -0.309036
-0.951056 0.309017 -0.000001
-0.904239 0.294701 0.309036
-0.768900 0.251538 0.587810
-0.558300 0.183754 0.809034
-0.293061 0.097987 0.951059
0.000855 0.002632 0.999996
0.294686 -0.092984 0.951059
0.559682 -0.179500 0.809034
0.769904 -0.248449 0.587810
0.904765 -0.293079 0.309037
0.978148 -0.207909 -0.000000
0.930090 -0.198567 -0.309037
0.790982 -0.169787 -0.587810
0.574450 -0.124388 -0.809033
0.301698 -0.066817 -0.951059
-0.000576 -0.002706 -0.999996
-0.302792 0.061671 -0.951059
-0.575379 0.120014 -0.809034
-0.791656 0.166612 -0.587810
-0.930445 0.196900 -0.309035
-0.978148 0.207912 -0.000001
-0.930090 0.198569 0.309036
-0.790981 0.169788 0.587811
-0.574449 0.124389 0.809034
-0.301698 0.066817 0.951059
0.000575 0.002706 0.999996
0.302792 -0.061670 0.951059
0.575380 -0.120014 0.809033
0.791657 -0.166611 0.587809
0.930444 -0.196897 0.309038
0.994522 -0.104527 0.000001
0.945751 -0.100259 -0.309036
0.804396 -0.086177 -0.587809
0.584305 -0.063661 -0.809033
0.307030 -0.034915 -0.951059
-0.000289 -0.002752 -0.999996
-0.307579 0.029683 -0.951059
-0.584772 0.059213 -0.809034
-0.804735 0.082949 -0.587810
-0.945929 0.098564 -0.309036
-0.994522 0.104529 0.000000
-0.945751 0.100261 0.309036
-0.804396 0.086178 0.587810
-0.584304 0.063661 0.809034
-0.307029 0.034915 0.951059
0.000289 0.002752 0.999996
0.307580 -0.029682 0.951059
0.584772 -0.059212 0.809034
0.804736 -0.082949 0.587809
0.945929 -0.098564 0.309035
