1.375000 0.000000 0.000000
1.344997 -0.000096 -0.112099
1.274883 -0.000146 -0.199718
1.181736 -0.000132 -0.250141
1.084531 -0.000062 -0.260162
1.000000 0.000021 -0.242348
0.932739 0.000085 -0.207007
0.883645 0.000116 -0.160146
0.852396 0.000110 -0.107238
0.833948 0.000064 -0.053952
0.825000 -0.000000 0.000000
0.833948 -0.000064 0.053952
0.852396 -0.000110 0.107238
0.883645 -0.000116 0.160146
0.932739 -0.000085 0.207007
1.000000 -0.000021 0.242348
1.084531 0.000062 0.260162
1.181736 0.000132 0.250141
1.274883 0.000146 0.199718
1.344997 0.000096 0.112099
1.363941 0.143356 -0.000000
1.334709 0.140190 -0.111141
1.266067 0.132926 -0.198368
1.174977 0.123363 -0.249728
1.078740 0.113317 -0.260606
0.994520 0.104546 -0.243605
0.927053 0.097518 -0.208764
0.877862 0.092380 -0.161434
0.846138 0.089040 -0.108390
0.827343 0.087020 -0.054615
0.818365 0.086014 0.000000
0.827365 0.086897 0.054612
0.846172 0.088829 0.108382
0.877893 0.092157 0.161424
0.927073 0.097359 0.208755
0.994524 0.104511 0.243604
1.078728 0.113442 0.260608
1.174948 0.123624 0.249725
1.266025 0.133207 0.198359
1.334677 0.140374 0.111138
1.333607 0.283466 0.000000
1.306165 0.277544 -0.108957
1.241068 0.263661 -0.195273
1.153950 0.245152 -0.247343
1.061312 0.225521 -0.261628
0.978146 0.207921 -0.246485
0.910563 0.193617 -0.212604
0.861311 0.183184 -0.164371
0.828666 0.176240 -0.111013
0.809178 0.172056 -0.056123
0.800164 0.170080 0.000000
0.809213 0.171944 0.056119
0.828720 0.176049 0.111004
0.861363 0.182981 0.164360
0.910594 0.193481 0.212599
0.978150 0.207902 0.246485
1.061285 0.225651 0.261630
1.153892 0.245395 0.247334
1.240999 0.263919 0.195263
1.306115 0.277713 0.108952
1.285200 0.417587 0.000000
1.260398 0.409445 -0.105677
1.200600 0.389972 -0.190608
1.119375 0.363587 -0.243544
1.032003 0.335248 -0.261883
0.951057 0.309017 -0.250029
0.884254 0.287375 -0.216115
0.834384 0.271205 -0.168807
0.800547 0.260206 -0.114956
0.780153 0.253542 -0.058381
0.771120 0.250552 0.000000
0.780195 0.253446 0.058378
0.800615 0.260043 0.114946
0.834448 0.271031 0.168796
0.884293 0.287261 0.216110
0.951056 0.309017 0.250029
1.031961 0.335375 0.261881
1.119298 0.363802 0.243535
1.200511 0.390196 0.190598
1.260336 0.409590 0.105673
1.220492 0.543398 -0.000000
1.198925 0.533722 -0.101492
1.145725 0.509996 -0.184621
1.071976 0.477164 -0.238638
0.990763 0.441049 -0.260058
0.913547 0.406732 -0.251795
0.848027 0.377618 -0.220660
0.797681 0.355234 -0.174518
0.762627 0.339625 -0.120000
0.741294 0.330094 -0.061257
0.732295 0.326039 0.000000
0.741339 0.330017 0.061254
0.762699 0.339494 0.119991
0.797750 0.355097 0.174508
0.848067 0.377532 0.220656
0.913543 0.406741 0.251796
0.990712 0.441161 0.260056
1.071889 0.477346 0.238630
1.145628 0.510180 0.184611
1.198858 0.533839 0.101488
1.141630 0.659120 -0.000000
1.123610 0.648655 -0.096633
1.077785 0.622162 -0.177620
1.012582 0.584517 -0.232858
0.938622 0.541849 -0.257896
0.866031 0.499991 -0.253891
0.802406 0.463307 -0.226032
0.751971 0.434218 -0.181221
0.715954 0.413424 -0.125875
0.693855 0.400638 -0.064588
0.684978 0.395472 0.000000
0.693897 0.400581 0.064586
0.716021 0.413328 0.125867
0.752034 0.434120 0.181213
0.802439 0.463251 0.226029
0.866020 0.500009 0.253891
0.938566 0.541945 0.257894
1.012492 0.584660 0.232850
1.077690 0.622302 0.177611
1.123547 0.648742 0.096630
1.050933 0.763548 0.000000
1.036497 0.753011 -0.091353
0.998297 0.725227 -0.169952
0.942172 0.684445 -0.226472
0.876206 0.636540 -0.255493
0.809027 0.587771 -0.256223
0.748026 0.543492 -0.231988
0.698141 0.507276 -0.188595
0.661694 0.480799 -0.132282
0.639192 0.464431 -0.068199
0.630560 0.458129 0.000000
0.639226 0.464394 0.068197
0.661747 0.480738 0.132277
0.698189 0.507217 0.188589
0.748045 0.543467 0.231987
0.809007 0.587799 0.256224
0.876148 0.636619 0.255491
0.942090 0.684551 0.226465
0.998215 0.725324 0.169945
1.036444 0.753069 0.091350
0.950702 0.856016 0.000000
0.939646 0.846029 -0.085908
0.908853 0.818279 -0.161980
0.861836 0.775936 -0.219770
0.804252 0.724095 -0.252954
0.743161 0.669113 -0.258691
0.685614 0.617328 -0.238262
0.637147 0.573712 -0.196297
0.601042 0.541210 -0.138913
0.578660 0.521048 -0.071912
0.570421 0.513610 0.000000
0.578682 0.521028 0.071911
0.601074 0.541180 0.138910
0.637171 0.573689 0.196295
0.685612 0.617330 0.238263
0.743129 0.669148 0.258692
0.804195 0.724157 0.252952
0.861769 0.776005 0.219765
0.908793 0.818336 0.161975
0.939610 0.846061 0.085907
0.843070 0.936324 -0.000000
0.834889 0.927225 -0.080487
0.810979 0.900654 -0.154004
0.772727 0.858156 -0.213051
0.723595 0.803581 -0.250391
0.669154 0.743124 -0.261186
0.615970 0.684076 -0.244578
0.569967 0.633005 -0.203985
0.535153 0.594354 -0.145469
0.513525 0.570335 -0.075558
0.505842 0.561795 0.000000
0.513533 0.570329 0.075557
0.535160 0.594349 0.145469
0.569959 0.633011 0.203985
0.615942 0.684101 0.244580
0.669108 0.743166 0.261188
0.723543 0.803628 0.250389
0.772682 0.858195 0.213048
0.810947 0.900678 0.154001
0.834874 0.927235 0.080486
0.729902 1.004624 0.000000
0.723298 0.995545 -0.074912
0.704763 0.970035 -0.144599
0.674679 0.928610 -0.203467
0.634522 0.873312 -0.244637
0.587811 0.808998 -0.261400
0.540067 0.743281 -0.250001
0.497559 0.684789 -0.211325
0.465090 0.640119 -0.151673
0.444902 0.612348 -0.078986
0.437941 0.602774 0.000000
0.444894 0.612352 0.078986
0.465067 0.640133 0.151675
0.497517 0.684816 0.211329
0.540012 0.743320 0.250003
0.587760 0.809036 0.261399
0.634491 0.873334 0.244635
0.674673 0.928614 0.203467
0.704775 0.970028 0.144600
0.723309 0.995539 0.074913
0.612743 1.061302 -0.000000
0.607555 1.052357 -0.069905
0.593638 1.028271 -0.136101
0.570598 0.988349 -0.194392
0.538677 0.933015 -0.238069
0.500022 0.866013 -0.259174
0.459104 0.795113 -0.251940
0.421555 0.730079 -0.216032
0.392193 0.679244 -0.156688
0.373860 0.647519 -0.081978
0.367646 0.636781 0.000000
0.373837 0.647530 0.081979
0.392144 0.679268 0.156690
0.421488 0.730115 0.216035
0.459036 0.795152 0.251941
0.499978 0.866038 0.259173
0.538676 0.933016 0.238069
0.570637 0.988329 0.194395
0.593692 1.028246 0.136105
0.607593 1.052340 0.069906
0.492809 1.106866 -0.000000
0.488874 1.098109 -0.065638
0.478810 1.075548 -0.128823
0.461828 1.037390 -0.186561
0.437431 0.982523 -0.232362
0.406755 0.913537 -0.257232
0.373258 0.838244 -0.253629
0.341831 0.767645 -0.219791
0.316893 0.711661 -0.160548
0.301149 0.676343 -0.084363
0.295685 0.664120 0.000000
0.301112 0.676356 0.084364
0.316822 0.711687 0.160551
0.341741 0.767682 0.219795
0.373178 0.838279 0.253630
0.406718 0.913554 0.257231
0.437459 0.982512 0.232363
0.461909 1.037358 0.186566
0.478904 1.075514 0.128829
0.488936 1.098089 0.065640
0.371010 1.141850 0.000000
0.368182 1.133282 -0.062250
0.361278 1.112114 -0.123019
0.349434 1.075645 -0.180277
0.331859 1.021446 -0.227755
0.309032 0.951052 -0.255659
0.283459 0.872244 -0.254995
0.259046 0.797077 -0.222817
0.239463 0.736842 -0.163636
0.227003 0.698562 -0.086261
0.222606 0.685110 0.000000
0.226954 0.698573 0.086262
0.239374 0.736866 0.163639
0.258937 0.797110 0.222821
0.283369 0.872273 0.254996
0.309002 0.951061 0.255659
0.331912 1.021429 0.227757
0.349551 1.075611 0.180283
0.361406 1.112081 0.123025
0.368263 1.133263 0.062252
0.247997 1.166732 0.000000
0.246158 1.158313 -0.059843
0.241856 1.138217 -0.118881
0.234392 1.103081 -0.175775
0.223038 1.049487 -0.224439
0.207924 0.978145 -0.254525
0.190668 0.896782 -0.255979
0.173987 0.818243 -0.224990
0.160505 0.754864 -0.165843
0.151879 0.714397 -0.087611
0.148798 0.700039 0.000000
0.151822 0.714406 0.087612
0.160401 0.754881 0.165846
0.173864 0.818266 0.224994
0.190570 0.896803 0.255981
0.207899 0.978150 0.254524
0.223110 1.049472 0.224442
0.234536 1.103056 0.175781
0.242010 1.138193 0.118888
0.246253 1.158300 0.059845
0.124220 1.181877 -0.000000
0.123292 1.173539 -0.058484
0.121212 1.154059 -0.116541
0.117604 1.119694 -0.173221
0.112045 1.066442 -0.222552
0.104539 0.994521 -0.253878
0.095867 0.911618 -0.256541
0.087414 0.831054 -0.226226
0.080544 0.765794 -0.167093
0.076129 0.724024 -0.088374
0.074532 0.709127 0.000000
0.076067 0.724027 0.088375
0.080433 0.765801 0.167096
0.087282 0.831065 0.226229
0.095764 0.911629 0.256542
0.104518 0.994523 0.253878
0.112129 1.066434 0.222554
0.117764 1.119682 0.173226
0.121380 1.154049 0.116546
0.123395 1.173534 0.058485
-0.000000 1.187500 -0.000000
-0.000053 1.179156 -0.058210
-0.000085 1.159759 -0.116070
-0.000082 1.125479 -0.172706
-0.000043 1.072188 -0.222171
0.000010 1.000000 -0.253747
0.000052 0.916608 -0.256655
0.000067 0.835455 -0.226478
0.000056 0.769667 -0.167348
0.000031 0.727539 -0.088529
-0.000000 0.712500 0.000000
-0.000031 0.727539 0.088529
-0.000056 0.769667 0.167348
-0.000067 0.835455 0.226478
-0.000052 0.916608 0.256655
-0.000010 1.000000 0.253747
0.000043 1.072188 0.222171
0.000082 1.125479 0.172706
0.000085 1.159759 0.116070
0.000053 1.179156 0.058210
-0.124220 1.181877 0.000000
-0.123396 1.173534 -0.058486
-0.121380 1.154049 -0.116546
-0.117764 1.119682 -0.173226
-0.112129 1.066434 -0.222554
-0.104518 0.994523 -0.253878
-0.095764 0.911629 -0.256542
-0.087282 0.831065 -0.226229
-0.080433 0.765801 -0.167096
-0.076067 0.724027 -0.088375
-0.074532 0.709127 0.000000
-0.076129 0.724024 0.088374
-0.080544 0.765794 0.167093
-0.087414 0.831054 0.226226
-0.095867 0.911618 0.256541
-0.104539 0.994521 0.253878
-0.112045 1.066442 0.222552
-0.117604 1.119694 0.173221
-0.121212 1.154059 0.116541
-0.123292 1.173539 0.058484
-0.247997 1.166732 -0.000000
-0.246254 1.158300 -0.059845
-0.242010 1.138193 -0.118888
-0.234537 1.103056 -0.175781
-0.223110 1.049472 -0.224442
-0.207899 0.978150 -0.254524
-0.190570 0.896803 -0.255981
-0.173864 0.818266 -0.224994
-0.160402 0.754881 -0.165846
-0.151822 0.714406 -0.087612
-0.148798 0.700039 0.000000
-0.151879 0.714397 0.087611
-0.160505 0.754864 0.165843
-0.173987 0.818243 0.224990
-0.190669 0.896782 0.255979
-0.207924 0.978145 0.254525
-0.223038 1.049487 0.224439
-0.234392 1.103081 0.175775
-0.241856 1.138217 0.118881
-0.246158 1.158313 0.059843
-0.371010 1.141850 -0.000000
-0.368263 1.133263 -0.062252
-0.361406 1.112081 -0.123025
-0.349551 1.075611 -0.180283
-0.331912 1.021429 -0.227757
-0.309002 0.951061 -0.255659
-0.283369 0.872273 -0.254996
-0.258937 0.797110 -0.222821
-0.239374 0.736866 -0.163639
-0.226954 0.698573 -0.086262
-0.222606 0.685110 0.000000
-0.227003 0.698562 0.086261
-0.239463 0.736842 0.163636
-0.259046 0.797077 0.222817
-0.283460 0.872244 0.254995
-0.309032 0.951052 0.255659
-0.331859 1.021446 0.227755
-0.349434 1.075645 0.180277
-0.361278 1.112114 0.123019
-0.368182 1.133282 0.062250
-0.492809 1.106866 0.000000
-0.488936 1.098089 -0.065640
-0.478905 1.075514 -0.128829
-0.461909 1.037358 -0.186566
-0.437459 0.982512 -0.232363
-0.406718 0.913554 -0.257231
-0.373178 0.838279 -0.253630
-0.341741 0.767682 -0.219795
-0.316822 0.711687 -0.160551
-0.301112 0.676356 -0.084364
-0.295685 0.664120 0.000000
-0.301149 0.676343 0.084363
-0.316893 0.711661 0.160548
-0.341831 0.767645 0.219791
-0.373258 0.838243 0.253629
-0.406755 0.913537 0.257232
-0.437431 0.982523 0.232362
-0.461828 1.037390 0.186561
-0.478810 1.075548 0.128823
-0.488875 1.098109 0.065638
-0.612743 1.061302 0.000000
-0.607593 1.052341 -0.069906
-0.593692 1.028246 -0.136105
-0.570637 0.988329 -0.194395
-0.538676 0.933016 -0.238069
-0.499978 0.866038 -0.259173
-0.459036 0.795152 -0.251941
-0.421488 0.730115 -0.216035
-0.392144 0.679268 -0.156690
-0.373837 0.647530 -0.081979
-0.367646 0.636781 0.000000
-0.373861 0.647519 0.081978
-0.392193 0.679244 0.156688
-0.421555 0.730079 0.216032
-0.459104 0.795113 0.251940
-0.500022 0.866013 0.259174
-0.538678 0.933015 0.238069
-0.570598 0.988349 0.194392
-0.593638 1.028271 0.136101
-0.607555 1.052357 0.069905
-0.729902 1.004624 -0.000000
-0.723309 0.995539 -0.074913
-0.704775 0.970028 -0.144600
-0.674673 0.928614 -0.203467
-0.634491 0.873334 -0.244635
-0.587760 0.809036 -0.261399
-0.540012 0.743320 -0.250003
-0.497517 0.684816 -0.211329
-0.465067 0.640133 -0.151675
-0.444894 0.612352 -0.078986
-0.437941 0.602774 0.000000
-0.444902 0.612348 0.078986
-0.465090 0.640119 0.151673
-0.497559 0.684789 0.211325
-0.540067 0.743281 0.250001
-0.587811 0.808998 0.261400
-0.634522 0.873313 0.244637
-0.674679 0.928610 0.203467
-0.704763 0.970035 0.144599
-0.723298 0.995545 0.074912
-0.843070 0.936324 0.000000
-0.834874 0.927235 -0.080486
-0.810947 0.900677 -0.154001
-0.772682 0.858195 -0.213048
-0.723543 0.803628 -0.250389
-0.669108 0.743166 -0.261188
-0.615942 0.684101 -0.244580
-0.569959 0.633011 -0.203985
-0.535160 0.594349 -0.145469
-0.513533 0.570329 -0.075558
-0.505842 0.561795 0.000000
-0.513525 0.570334 0.075558
-0.535153 0.594354 0.145470
-0.569967 0.633005 0.203985
-0.615970 0.684076 0.244578
-0.669154 0.743124 0.261186
-0.723595 0.803581 0.250391
-0.772727 0.858156 0.213051
-0.810979 0.900654 0.154004
-0.834889 0.927225 0.080487
-0.950702 0.856016 -0.000000
-0.939610 0.846061 -0.085907
-0.908793 0.818336 -0.161975
-0.861769 0.776005 -0.219765
-0.804195 0.724157 -0.252952
-0.743129 0.669148 -0.258692
-0.685612 0.617330 -0.238263
-0.637171 0.573689 -0.196295
-0.601074 0.541180 -0.138910
-0.578683 0.521028 -0.071911
-0.570421 0.513610 0.000000
-0.578660 0.521048 0.071912
-0.601042 0.541210 0.138913
-0.637148 0.573712 0.196297
-0.685614 0.617328 0.238262
-0.743161 0.669113 0.258691
-0.804252 0.724095 0.252954
-0.861836 0.775936 0.219770
-0.908853 0.818279 0.161980
-0.939646 0.846029 0.085908
-1.050933 0.763548 -0.000000
-1.036444 0.753069 -0.091350
-0.998215 0.725324 -0.169945
-0.942090 0.684551 -0.226465
-0.876148 0.636619 -0.255491
-0.809007 0.587799 -0.256224
-0.748045 0.543467 -0.231987
-0.698189 0.507217 -0.188589
-0.661747 0.480737 -0.132277
-0.639226 0.464394 -0.068197
-0.630560 0.458129 0.000000
-0.639192 0.464431 0.068199
-0.661694 0.480799 0.132282
-0.698141 0.507276 0.188595
-0.748026 0.543492 0.231988
-0.809027 0.587771 0.256223
-0.876206 0.636540 0.255493
-0.942172 0.684445 0.226472
-0.998297 0.725227 0.169952
-1.036497 0.753011 0.091353
-1.141630 0.659120 0.000000
-1.123547 0.648742 -0.096630
-1.077690 0.622303 -0.177611
-1.012492 0.584660 -0.232850
-0.938566 0.541945 -0.257894
-0.866020 0.500009 -0.253891
-0.802439 0.463251 -0.226029
-0.752034 0.434120 -0.181213
-0.716021 0.413328 -0.125867
-0.693897 0.400581 -0.064586
-0.684978 0.395472 0.000000
-0.693855 0.400638 0.064588
-0.715954 0.413424 0.125875
-0.751971 0.434218 0.181221
-0.802406 0.463307 0.226032
-0.866031 0.499991 0.253891
-0.938622 0.541849 0.257896
-1.012582 0.584517 0.232858
-1.077785 0.622162 0.177620
-1.123610 0.648655 0.096633
-1.220492 0.543398 0.000000
-1.198858 0.533839 -0.101488
-1.145628 0.510180 -0.184611
-1.071889 0.477346 -0.238630
-0.990712 0.441161 -0.260056
-0.913543 0.406741 -0.251796
-0.848067 0.377532 -0.220656
-0.797750 0.355097 -0.174508
-0.762699 0.339494 -0.119991
-0.741339 0.330017 -0.061254
-0.732295 0.326039 0.000000
-0.741294 0.330094 0.061257
-0.762627 0.339625 0.120000
-0.797681 0.355234 0.174518
-0.848027 0.377618 0.220660
-0.913548 0.406732 0.251795
-0.990763 0.441048 0.260058
-1.071976 0.477164 0.238638
-1.145725 0.509996 0.184621
-1.198925 0.533722 0.101492
-1.285200 0.417587 -0.000000
-1.260336 0.409590 -0.105673
-1.200511 0.390196 -0.190598
-1.119298 0.363802 -0.243535
-1.031961 0.335375 -0.261881
-0.951056 0.309017 -0.250029
-0.884293 0.287261 -0.216110
-0.834448 0.271032 -0.168796
-0.800615 0.260042 -0.114946
-0.780195 0.253446 -0.058378
-0.771120 0.250552 0.000000
-0.780153 0.253542 0.058381
-0.800547 0.260206 0.114956
-0.834384 0.271205 0.168807
-0.884254 0.287375 0.216115
-0.951057 0.309017 0.250029
-1.032003 0.335248 0.261883
-1.119375 0.363587 0.243544
-1.200600 0.389972 0.190608
-1.260398 0.409445 0.105677
-1.333607 0.283466 -0.000000
-1.306115 0.277712 -0.108952
-1.240999 0.263919 -0.195263
-1.153892 0.245395 -0.247334
-1.061285 0.225650 -0.261630
-0.978150 0.207902 -0.246485
-0.910594 0.193481 -0.212599
-0.861363 0.182981 -0.164360
-0.828720 0.176048 -0.111004
-0.809213 0.171944 -0.056119
-0.800164 0.170080 0.000000
-0.809178 0.172056 0.056123
-0.828666 0.176240 0.111013
-0.861311 0.183184 0.164371
-0.910563 0.193617 0.212604
-0.978146 0.207921 0.246485
-1.061312 0.225521 0.261628
-1.153950 0.245152 0.247343
-1.241068 0.263661 0.195273
-1.306165 0.277544 0.108957
-1.363941 0.143356 0.000000
-1.334677 0.140374 -0.111138
-1.266025 0.133207 -0.198359
-1.174948 0.123624 -0.249725
-1.078728 0.113442 -0.260608
-0.994524 0.104511 -0.243604
-0.927073 0.097359 -0.208755
-0.877893 0.092157 -0.161424
-0.846172 0.088829 -0.108382
-0.827365 0.086897 -0.054612
-0.818365 0.086014 0.000000
-0.827343 0.087020 0.054615
-0.846138 0.089040 0.108390
-0.877862 0.092381 0.161434
-0.927053 0.097518 0.208764
-0.994520 0.104546 0.243605
-1.078740 0.113317 0.260606
-1.174977 0.123363 0.249728
-1.266067 0.132926 0.198368
-1.334709 0.140190 0.111141
-1.375000 -0.000000 0.000000
-1.344997 0.000096 -0.112099
-1.274883 0.000146 -0.199718
-1.181736 0.000132 -0.250141
-1.084531 0.000062 -0.260162
-1.000000 -0.000021 -0.242348
-0.932739 -0.000085 -0.207007
-0.883645 -0.000116 -0.160146
-0.852396 -0.000110 -0.107238
-0.833948 -0.000064 -0.053952
-0.825000 -0.000000 0.000000
-0.833948 0.000064 0.053952
-0.852396 0.000110 0.107238
-0.883645 0.000116 0.160146
-0.932739 0.000085 0.207007
-1.000000 0.000021 0.242348
-1.084531 -0.000062 0.260162
-1.181736 -0.000132 0.250141
-1.274883 -0.000146 0.199718
-1.344997 -0.000096 0.112099
-1.363941 -0.143356 -0.000000
-1.334709 -0.140190 -0.111141
-1.266067 -0.132926 -0.198368
-1.174977 -0.123363 -0.249728
-1.078740 -0.113317 -0.260606
-0.994520 -0.104546 -0.243605
-0.927053 -0.097518 -0.208764
-0.877862 -0.092380 -0.161434
-0.846138 -0.089040 -0.108390
-0.827343 -0.087020 -0.054615
-0.818365 -0.086014 0.000000
-0.827365 -0.086897 0.054612
-0.846172 -0.088829 0.108382
-0.877893 -0.092157 0.161424
-0.927073 -0.097359 0.208755
-0.994524 -0.104511 0.243604
-1.078728 -0.113442 0.260608
-1.174948 -0.123624 0.249725
-1.266025 -0.133207 0.198359
-1.334677 -0.140374 0.111138
-1.333607 -0.283467 0.000000
-1.306165 -0.277544 -0.108957
-1.241068 -0.263661 -0.195273
-1.153950 -0.245152 -0.247343
-1.061312 -0.225521 -0.261628
-0.978146 -0.207921 -0.246486
-0.910563 -0.193617 -0.212604
-0.861311 -0.183184 -0.164371
-0.828666 -0.176240 -0.111013
-0.809178 -0.172056 -0.056123
-0.800164 -0.170080 0.000000
-0.809212 -0.171944 0.056119
-0.828720 -0.176049 0.111004
-0.861363 -0.182981 0.164360
-0.910593 -0.193482 0.212599
-0.978150 -0.207902 0.246485
-1.061285 -0.225651 0.261630
-1.153892 -0.245395 0.247334
-1.240999 -0.263919 0.195263
-1.306115 -0.277713 0.108952
-1.285200 -0.417587 0.000000
-1.260398 -0.409445 -0.105677
-1.200600 -0.389972 -0.190608
-1.119375 -0.363587 -0.243544
-1.032003 -0.335248 -0.261883
-0.951057 -0.309017 -0.250029
-0.884254 -0.287375 -0.216115
-0.834384 -0.271205 -0.168807
-0.800547 -0.260206 -0.114956
-0.780153 -0.253542 -0.058381
-0.771120 -0.250552 0.000000
-0.780195 -0.253446 0.058378
-0.800615 -0.260042 0.114946
-0.834448 -0.271031 0.168796
-0.884293 -0.287261 0.216110
-0.951056 -0.309017 0.250029
-1.031961 -0.335375 0.261881
-1.119298 -0.363802 0.243535
-1.200511 -0.390196 0.190598
-1.260336 -0.409590 0.105673
-1.220492 -0.543398 -0.000000
-1.198925 -0.533723 -0.101492
-1.145725 -0.509996 -0.184621
-1.071976 -0.477164 -0.238638
-0.990763 -0.441049 -0.260058
-0.913547 -0.406732 -0.251795
-0.848027 -0.377618 -0.220660
-0.797681 -0.355234 -0.174518
-0.762627 -0.339625 -0.120000
-0.741294 -0.330094 -0.061257
-0.732295 -0.326039 0.000000
-0.741339 -0.330017 0.061254
-0.762699 -0.339494 0.119991
-0.797750 -0.355097 0.174508
-0.848067 -0.377532 0.220656
-0.913543 -0.406741 0.251796
-0.990712 -0.441161 0.260056
-1.071889 -0.477346 0.238630
-1.145628 -0.510180 0.184611
-1.198858 -0.533839 0.101488
-1.141630 -0.659120 0.000000
-1.123610 -0.648655 -0.096633
-1.077785 -0.622162 -0.177620
-1.012582 -0.584517 -0.232858
-0.938622 -0.541849 -0.257896
-0.866031 -0.499991 -0.253891
-0.802406 -0.463307 -0.226032
-0.751971 -0.434218 -0.181221
-0.715954 -0.413424 -0.125875
-0.693855 -0.400638 -0.064588
-0.684978 -0.395472 0.000000
-0.693897 -0.400581 0.064586
-0.716021 -0.413328 0.125867
-0.752034 -0.434120 0.181212
-0.802439 -0.463251 0.226029
-0.866020 -0.500009 0.253891
-0.938566 -0.541945 0.257894
-1.012492 -0.584660 0.232850
-1.077690 -0.622302 0.177611
-1.123547 -0.648742 0.096630
-1.050933 -0.763548 0.000000
-1.036497 -0.753011 -0.091353
-0.998297 -0.725227 -0.169952
-0.942172 -0.684445 -0.226472
-0.876206 -0.636540 -0.255493
-0.809027 -0.587771 -0.256223
-0.748026 -0.543492 -0.231988
-0.698141 -0.507276 -0.188595
-0.661694 -0.480799 -0.132282
-0.639192 -0.464431 -0.068199
-0.630560 -0.458129 0.000000
-0.639226 -0.464394 0.068197
-0.661747 -0.480738 0.132277
-0.698189 -0.507217 0.188589
-0.748045 -0.543467 0.231987
-0.809007 -0.587799 0.256224
-0.876148 -0.636619 0.255491
-0.942090 -0.684551 0.226465
-0.998215 -0.725324 0.169945
-1.036444 -0.753069 0.091350
-0.950702 -0.856016 -0.000000
-0.939646 -0.846029 -0.085908
-0.908853 -0.818279 -0.161980
-0.861836 -0.775936 -0.219770
-0.804252 -0.724095 -0.252954
-0.743161 -0.669113 -0.258691
-0.685614 -0.617328 -0.238262
-0.637147 -0.573712 -0.196297
-0.601042 -0.541210 -0.138913
-0.578660 -0.521048 -0.071912
-0.570421 -0.513610 0.000000
-0.578682 -0.521028 0.071911
-0.601074 -0.541180 0.138910
-0.637171 -0.573689 0.196295
-0.685612 -0.617330 0.238263
-0.743129 -0.669148 0.258692
-0.804195 -0.724157 0.252952
-0.861769 -0.776005 0.219765
-0.908793 -0.818336 0.161975
-0.939610 -0.846061 0.085907
-0.843070 -0.936324 0.000000
-0.834889 -0.927225 -0.080487
-0.810979 -0.900654 -0.154004
-0.772727 -0.858156 -0.213051
-0.723595 -0.803581 -0.250391
-0.669154 -0.743124 -0.261186
-0.615970 -0.684076 -0.244578
-0.569967 -0.633005 -0.203984
-0.535153 -0.594354 -0.145469
-0.513525 -0.570335 -0.075558
-0.505842 -0.561795 0.000000
-0.513533 -0.570329 0.075557
-0.535160 -0.594349 0.145469
-0.569959 -0.633011 0.203985
-0.615941 -0.684101 0.244580
-0.669107 -0.743166 0.261187
-0.723542 -0.803628 0.250389
-0.772682 -0.858195 0.213048
-0.810947 -0.900678 0.154001
-0.834874 -0.927235 0.080486
-0.729902 -1.004624 0.000000
-0.723298 -0.995545 -0.074912
-0.704763 -0.970035 -0.144599
-0.674679 -0.928610 -0.203467
-0.634522 -0.873313 -0.244637
-0.587811 -0.808999 -0.261400
-0.540067 -0.743281 -0.250001
-0.497559 -0.684789 -0.211325
-0.465090 -0.640119 -0.151673
-0.444902 -0.612348 -0.078986
-0.437941 -0.602774 0.000000
-0.444894 -0.612352 0.078986
-0.465067 -0.640133 0.151675
-0.497517 -0.684816 0.211329
-0.540012 -0.743320 0.250003
-0.587760 -0.809036 0.261399
-0.634491 -0.873334 0.244635
-0.674673 -0.928614 0.203467
-0.704774 -0.970028 0.144600
-0.723309 -0.995539 0.074913
-0.612743 -1.061302 0.000000
-0.607555 -1.052357 -0.069905
-0.593638 -1.028271 -0.136101
-0.570598 -0.988349 -0.194392
-0.538677 -0.933015 -0.238069
-0.500022 -0.866013 -0.259174
-0.459104 -0.795113 -0.251940
-0.421555 -0.730079 -0.216032
-0.392193 -0.679244 -0.156688
-0.373860 -0.647519 -0.081978
-0.367646 -0.636781 0.000000
-0.373837 -0.647530 0.081979
-0.392144 -0.679268 0.156690
-0.421488 -0.730115 0.216035
-0.459036 -0.795152 0.251941
-0.499978 -0.866038 0.259173
-0.538676 -0.933016 0.238069
-0.570637 -0.988329 0.194395
-0.593692 -1.028246 0.136105
-0.607592 -1.052341 0.069906
-0.492809 -1.106866 -0.000000
-0.488874 -1.098109 -0.065638
-0.478810 -1.075548 -0.128823
-0.461828 -1.037390 -0.186561
-0.437431 -0.982523 -0.232362
-0.406755 -0.913537 -0.257232
-0.373258 -0.838243 -0.253629
-0.341831 -0.767645 -0.219791
-0.316893 -0.711661 -0.160548
-0.301149 -0.676343 -0.084363
-0.295685 -0.664120 0.000000
-0.301112 -0.676356 0.084364
-0.316822 -0.711687 0.160551
-0.341741 -0.767682 0.219795
-0.373178 -0.838279 0.253630
-0.406718 -0.913554 0.257231
-0.437459 -0.982512 0.232363
-0.461909 -1.037358 0.186566
-0.478905 -1.075514 0.128829
-0.488936 -1.098089 0.065640
-0.371010 -1.141850 0.000000
-0.368182 -1.133282 -0.062250
-0.361278 -1.112114 -0.123019
-0.349434 -1.075645 -0.180277
-0.331859 -1.021446 -0.227755
-0.309032 -0.951052 -0.255659
-0.283460 -0.872244 -0.254995
-0.259046 -0.797077 -0.222817
-0.239463 -0.736842 -0.163636
-0.227003 -0.698562 -0.086261
-0.222606 -0.685110 0.000000
-0.226954 -0.698573 0.086262
-0.239374 -0.736866 0.163639
-0.258937 -0.797110 0.222821
-0.283369 -0.872273 0.254996
-0.309002 -0.951061 0.255659
-0.331912 -1.021429 0.227757
-0.349551 -1.075611 0.180283
-0.361407 -1.112081 0.123025
-0.368263 -1.133263 0.062252
-0.247997 -1.166732 0.000000
-0.246158 -1.158313 -0.059843
-0.241857 -1.138217 -0.118881
-0.234393 -1.103081 -0.175775
-0.223038 -1.049487 -0.224439
-0.207924 -0.978145 -0.254525
-0.190669 -0.896782 -0.255979
-0.173987 -0.818243 -0.224990
-0.160505 -0.754864 -0.165843
-0.151879 -0.714397 -0.087611
-0.148798 -0.700039 0.000000
-0.151823 -0.714406 0.087612
-0.160402 -0.754881 0.165846
-0.173864 -0.818266 0.224994
-0.190570 -0.896803 0.255981
-0.207900 -0.978150 0.254524
-0.223110 -1.049472 0.224442
-0.234537 -1.103056 0.175781
-0.242010 -1.138193 0.118888
-0.246254 -1.158300 0.059845
-0.124220 -1.181877 -0.000000
-0.123292 -1.173539 -0.058484
-0.121212 -1.154059 -0.116541
-0.117604 -1.119694 -0.173221
-0.112045 -1.066442 -0.222552
-0.104539 -0.994521 -0.253878
-0.095867 -0.911618 -0.256541
-0.087414 -0.831054 -0.226226
-0.080544 -0.765794 -0.167093
-0.076129 -0.724024 -0.088374
-0.074532 -0.709127 0.000000
-0.076067 -0.724027 0.088375
-0.080433 -0.765801 0.167096
-0.087282 -0.831065 0.226229
-0.095764 -0.911629 0.256542
-0.104518 -0.994523 0.253878
-0.112129 -1.066434 0.222554
-0.117764 -1.119682 0.173226
-0.121380 -1.154049 0.116546
-0.123395 -1.173534 0.058485
0.000000 -1.187500 -0.000000
0.000053 -1.179156 -0.058210
0.000085 -1.159759 -0.116070
0.000082 -1.125479 -0.172706
0.000043 -1.072188 -0.222171
-0.000010 -1.000000 -0.253747
-0.000052 -0.916608 -0.256655
-0.000067 -0.835455 -0.226478
-0.000056 -0.769667 -0.167348
-0.000031 -0.727539 -0.088529
0.000000 -0.712500 0.000000
0.000031 -0.727539 0.088529
0.000056 -0.769667 0.167348
0.000067 -0.835455 0.226478
0.000052 -0.916608 0.256655
0.000010 -1.000000 0.253747
-0.000043 -1.072188 0.222171
-0.000082 -1.125479 0.172706
-0.000085 -1.159759 0.116070
-0.000053 -1.179156 0.058210
0.124220 -1.181877 0.000000
0.123395 -1.173534 -0.058486
0.121380 -1.154049 -0.116546
0.117764 -1.119682 -0.173226
0.112129 -1.066434 -0.222554
0.104518 -0.994523 -0.253878
0.095764 -0.911629 -0.256542
0.087282 -0.831065 -0.226229
0.080433 -0.765801 -0.167096
0.076067 -0.724027 -0.088375
0.074532 -0.709127 0.000000
0.076129 -0.724024 0.088374
0.080544 -0.765794 0.167093
0.087414 -0.831054 0.226226
0.095867 -0.911618 0.256541
0.104539 -0.994521 0.253878
0.112045 -1.066442 0.222552
0.117604 -1.119694 0.173221
0.121212 -1.154059 0.116541
0.123292 -1.173539 0.058484
0.247996 -1.166732 -0.000000
0.246253 -1.158300 -0.059845
0.242009 -1.138193 -0.118888
0.234536 -1.103056 -0.175781
0.223110 -1.049472 -0.224442
0.207899 -0.978150 -0.254524
0.190570 -0.896803 -0.255981
0.173863 -0.818266 -0.224994
0.160401 -0.754881 -0.165846
0.151822 -0.714406 -0.087612
0.148798 -0.700039 0.000000
0.151879 -0.714397 0.087611
0.160504 -0.754864 0.165843
0.173987 -0.818243 0.224990
0.190668 -0.896782 0.255979
0.207924 -0.978145 0.254525
0.223037 -1.049487 0.224439
0.234392 -1.103081 0.175775
0.241856 -1.138217 0.118881
0.246158 -1.158313 0.059843
0.371010 -1.141850 -0.000000
0.368263 -1.133263 -0.062252
0.361407 -1.112081 -0.123025
0.349551 -1.075611 -0.180283
0.331912 -1.021429 -0.227757
0.309002 -0.951061 -0.255659
0.283369 -0.872273 -0.254996
0.258937 -0.797110 -0.222821
0.239374 -0.736866 -0.163639
0.226954 -0.698573 -0.086262
0.222606 -0.685110 0.000000
0.227003 -0.698562 0.086261
0.239463 -0.736842 0.163636
0.259046 -0.797077 0.222817
0.283460 -0.872244 0.254995
0.309032 -0.951052 0.255659
0.331859 -1.021446 0.227755
0.349434 -1.075645 0.180277
0.361278 -1.112114 0.123019
0.368182 -1.133282 0.062250
0.492809 -1.106866 0.000000
0.488936 -1.098089 -0.065640
0.478905 -1.075514 -0.128829
0.461909 -1.037358 -0.186566
0.437459 -0.982512 -0.232363
0.406718 -0.913554 -0.257231
0.373178 -0.838279 -0.253630
0.341741 -0.767682 -0.219795
0.316822 -0.711687 -0.160551
0.301112 -0.676356 -0.084364
0.295685 -0.664120 0.000000
0.301149 -0.676343 0.084363
0.316893 -0.711661 0.160548
0.341831 -0.767645 0.219791
0.373258 -0.838243 0.253629
0.406755 -0.913537 0.257232
0.437431 -0.982523 0.232362
0.461828 -1.037390 0.186561
0.478810 -1.075548 0.128823
0.488875 -1.098109 0.065638
0.612743 -1.061302 -0.000000
0.607592 -1.052341 -0.069906
0.593692 -1.028246 -0.136105
0.570637 -0.988329 -0.194395
0.538676 -0.933016 -0.238069
0.499978 -0.866038 -0.259173
0.459036 -0.795152 -0.251941
0.421488 -0.730115 -0.216035
0.392144 -0.679268 -0.156690
0.373837 -0.647530 -0.081979
0.367646 -0.636781 0.000000
0.373860 -0.647519 0.081978
0.392193 -0.679244 0.156688
0.421555 -0.730079 0.216032
0.459104 -0.795113 0.251940
0.500022 -0.866013 0.259174
0.538677 -0.933015 0.238069
0.570598 -0.988349 0.194392
0.593638 -1.028271 0.136101
0.607555 -1.052357 0.069905
0.729902 -1.004624 -0.000000
0.723309 -0.995539 -0.074913
0.704774 -0.970028 -0.144600
0.674673 -0.928614 -0.203467
0.634491 -0.873334 -0.244635
0.587760 -0.809036 -0.261399
0.540012 -0.743320 -0.250003
0.497517 -0.684816 -0.211329
0.465067 -0.640133 -0.151675
0.444894 -0.612352 -0.078986
0.437941 -0.602774 0.000000
0.444902 -0.612348 0.078986
0.465090 -0.640119 0.151673
0.497559 -0.684789 0.211325
0.540067 -0.743281 0.250001
0.587811 -0.808999 0.261400
0.634522 -0.873313 0.244637
0.674679 -0.928610 0.203467
0.704763 -0.970035 0.144599
0.723298 -0.995545 0.074912
0.843070 -0.936324 -0.000000
0.834874 -0.927235 -0.080486
0.810948 -0.900677 -0.154001
0.772682 -0.858194 -0.213048
0.723543 -0.803627 -0.250389
0.669108 -0.743166 -0.261187
0.615942 -0.684101 -0.244580
0.569960 -0.633011 -0.203985
0.535160 -0.594349 -0.145469
0.513533 -0.570329 -0.075557
0.505842 -0.561794 0.000000
0.513525 -0.570334 0.075558
0.535153 -0.594354 0.145470
0.569967 -0.633005 0.203984
0.615970 -0.684076 0.244578
0.669154 -0.743124 0.261186
0.723595 -0.803581 0.250391
0.772728 -0.858156 0.213051
0.810979 -0.900654 0.154004
0.834889 -0.927225 0.080487
0.950702 -0.856016 -0.000000
0.939610 -0.846061 -0.085907
0.908793 -0.818336 -0.161975
0.861769 -0.776005 -0.219765
0.804195 -0.724157 -0.252952
0.743129 -0.669148 -0.258692
0.685613 -0.617330 -0.238263
0.637171 -0.573689 -0.196295
0.601074 -0.541180 -0.138911
0.578683 -0.521028 -0.071911
0.570421 -0.513610 0.000000
0.578660 -0.521048 0.071912
0.601042 -0.541210 0.138913
0.637148 -0.573712 0.196297
0.685614 -0.617328 0.238262
0.743161 -0.669113 0.258691
0.804252 -0.724095 0.252954
0.861836 -0.775936 0.219770
0.908853 -0.818279 0.161980
0.939646 -0.846029 0.085908
1.050933 -0.763548 -0.000000
1.036444 -0.753069 -0.091350
0.998215 -0.725324 -0.169945
0.942090 -0.684551 -0.226465
0.876148 -0.636619 -0.255491
0.809007 -0.587799 -0.256224
0.748045 -0.543467 -0.231987
0.698189 -0.507217 -0.188589
0.661747 -0.480738 -0.132277
0.639226 -0.464394 -0.068197
0.630560 -0.458129 0.000000
0.639192 -0.464431 0.068199
0.661694 -0.480799 0.132282
0.698141 -0.507276 0.188595
0.748026 -0.543492 0.231988
0.809027 -0.587771 0.256223
0.876206 -0.636540 0.255493
0.942172 -0.684445 0.226472
0.998297 -0.725227 0.169952
1.036497 -0.753011 0.091353
1.141630 -0.659120 0.000000
1.123547 -0.648742 -0.096630
1.077690 -0.622303 -0.177611
1.012492 -0.584660 -0.232850
0.938566 -0.541946 -0.257894
0.866020 -0.500010 -0.253891
0.802439 -0.463251 -0.226029
0.752034 -0.434120 -0.181213
0.716021 -0.413328 -0.125867
0.693897 -0.400581 -0.064586
0.684978 -0.395472 0.000000
0.693855 -0.400638 0.064588
0.715954 -0.413424 0.125875
0.751971 -0.434218 0.181221
0.802406 -0.463307 0.226032
0.866031 -0.499991 0.253891
0.938622 -0.541849 0.257896
1.012581 -0.584517 0.232858
1.077785 -0.622162 0.177620
1.123610 -0.648655 0.096633
1.220492 -0.543398 0.000000
1.198858 -0.533839 -0.101488
1.145628 -0.510180 -0.184611
1.071889 -0.477345 -0.238630
0.990712 -0.441161 -0.260056
0.913543 -0.406741 -0.251796
0.848067 -0.377532 -0.220656
0.797750 -0.355097 -0.174508
0.762699 -0.339494 -0.119991
0.741339 -0.330017 -0.061254
0.732295 -0.326039 0.000000
0.741294 -0.330094 0.061257
0.762627 -0.339625 0.120000
0.797681 -0.355234 0.174518
0.848028 -0.377618 0.220660
0.913548 -0.406732 0.251795
0.990763 -0.441048 0.260058
1.071976 -0.477164 0.238638
1.145725 -0.509995 0.184621
1.198925 -0.533722 0.101492
1.285200 -0.417587 -0.000000
1.260336 -0.409590 -0.105673
1.200511 -0.390196 -0.190598
1.119298 -0.363802 -0.243535
1.031961 -0.335375 -0.261881
0.951056 -0.309017 -0.250029
0.884293 -0.287261 -0.216110
0.834448 -0.271031 -0.168796
0.800615 -0.260042 -0.114946
0.780195 -0.253446 -0.058378
0.771120 -0.250552 0.000000
0.780153 -0.253542 0.058381
0.800547 -0.260206 0.114956
0.834384 -0.271205 0.168807
0.884254 -0.287375 0.216115
0.951057 -0.309017 0.250029
1.032003 -0.335248 0.261883
1.119375 -0.363587 0.243544
1.200600 -0.389971 0.190608
1.260398 -0.409445 0.105677
1.333607 -0.283467 -0.000000
1.306115 -0.277713 -0.108952
1.240999 -0.263919 -0.195263
1.153892 -0.245395 -0.247334
1.061285 -0.225651 -0.261630
0.978150 -0.207902 -0.246485
0.910593 -0.193482 -0.212599
0.861362 -0.182981 -0.164360
0.828720 -0.176049 -0.111003
0.809213 -0.171944 -0.056119
0.800164 -0.170080 0.000000
0.809178 -0.172056 0.056123
0.828666 -0.176240 0.111013
0.861311 -0.183184 0.164371
0.910563 -0.193617 0.212604
0.978146 -0.207921 0.246486
1.061312 -0.225521 0.261628
1.153950 -0.245152 0.247343
1.241068 -0.263661 0.195273
1.306165 -0.277544 0.108957
1.363941 -0.143356 0.000000
1.334677 -0.140374 -0.111138
1.266025 -0.133207 -0.198359
1.174948 -0.123624 -0.249725
1.078728 -0.113443 -0.260608
0.994524 -0.104511 -0.243604
0.927073 -0.097359 -0.208755
0.877893 -0.092157 -0.161424
0.846172 -0.088829 -0.108382
0.827365 -0.086897 -0.054612
0.818365 -0.086014 0.000000
0.827343 -0.087020 0.054615
0.846138 -0.089040 0.108390
0.877862 -0.092381 0.161434
0.927053 -0.097518 0.208764
0.994520 -0.104546 0.243605
1.078740 -0.113317 0.260606
1.174977 -0.123363 0.249728
1.266067 -0.132926 0.198368
1.334709 -0.140190 0.111141
