-0.000000 -0.000000 1.000000
0.309036 -0.000135 0.951050
0.587810 -0.000528 0.808999
0.809034 -0.001140 0.587761
0.951059 -0.001911 0.309003
0.999996 -0.002767 0.000008
0.951059 -0.003621 -0.308987
0.809034 -0.004389 -0.587745
0.587810 -0.004996 -0.808984
0.309035 -0.005382 -0.951035
-0.000000 -0.204991 0.978764
-0.309036 -0.005387 -0.951035
-0.587810 -0.004997 -0.808983
-0.809034 -0.004389 -0.587746
-0.951059 -0.003621 -0.308987
-0.999996 -0.002767 0.000008
-0.951059 -0.001911 0.309003
-0.809034 -0.001140 0.587761
-0.587810 -0.000528 0.808999
-0.309036 -0.000135 0.951050
0.000001 0.000000 1.000000
0.309035 0.015653 0.950922
0.587809 0.027017 0.808549
0.809034 0.030228 0.586985
0.951059 0.021589 0.308253
0.999996 -0.002751 0.000297
0.951059 -0.047919 -0.305270
0.809034 -0.123899 -0.574555
0.587810 -0.258972 -0.766428
0.309035 -0.571144 -0.760455
-0.000000 0.000001 1.000000
-0.309035 0.563329 -0.766262
-0.587810 0.249702 -0.769499
-0.809034 0.115372 -0.576328
-0.951059 0.040770 -0.306307
-0.999996 -0.002752 -0.000282
-0.951059 -0.025406 0.307963
-0.809033 -0.032509 0.586863
-0.587809 -0.028073 0.808512
-0.309036 -0.015924 0.950917
-0.000000 -0.000000 1.000000
0.309039 0.031520 0.950527
0.587809 0.054662 0.807151
0.809033 0.061633 0.584523
0.951059 0.045020 0.305711
0.999996 -0.002705 0.000582
0.951059 -0.091003 -0.295304
0.809034 -0.236482 -0.538090
0.587810 -0.477483 -0.653061
0.309036 -0.877768 -0.366087
-0.000000 0.000001 1.000000
-0.309036 0.874832 -0.373050
-0.587810 0.470071 -0.658417
-0.809034 0.228664 -0.541458
-0.951059 0.084125 -0.297337
-0.999996 -0.002708 -0.000568
-0.951059 -0.048819 0.305127
-0.809033 -0.063917 0.584278
-0.587810 -0.055725 0.807078
-0.309037 -0.031794 0.950518
-0.000001 -0.000000 1.000000
0.309037 0.047550 0.949861
0.587810 0.082513 0.804780
0.809034 0.093110 0.580340
0.951059 0.068305 0.301364
0.999996 -0.002629 0.000862
0.951059 -0.131824 -0.279479
0.809034 -0.336571 -0.481855
0.587810 -0.639797 -0.495116
0.309036 -0.951047 0.002697
0.000000 -0.000003 1.000000
-0.309036 0.951046 -0.002824
-0.587810 0.634697 -0.501636
-0.809034 0.329811 -0.486506
-0.951059 0.125381 -0.282428
-0.999996 -0.002634 -0.000848
-0.951060 -0.072071 0.300485
-0.809033 -0.095401 0.579969
-0.587810 -0.083587 0.804669
-0.309036 -0.047827 0.949847
0.000001 0.000000 1.000000
0.309035 0.063826 0.948906
0.587810 0.110677 0.801392
0.809034 0.124692 0.574383
0.951060 0.091357 0.295194
0.999996 -0.002525 0.001132
0.951059 -0.169473 -0.258389
0.809034 -0.420425 -0.410740
0.587810 -0.742686 -0.320775
0.309035 -0.910770 0.273851
0.000000 -0.000000 1.000000
-0.309036 0.911920 0.269998
-0.587810 0.739756 -0.327477
-0.809034 0.414926 -0.416294
-0.951059 0.163601 -0.262147
-0.999996 -0.002530 -0.001119
-0.951060 -0.095078 0.294016
-0.809034 -0.126991 0.573879
-0.587809 -0.111764 0.801242
-0.309037 -0.064108 0.948887
0.000000 0.000000 1.000000
0.309035 0.080439 0.947643
0.587810 0.139261 0.796923
0.809034 0.156405 0.566570
0.951060 0.114090 0.287175
0.999996 -0.002393 0.001389
0.951059 -0.203217 -0.232785
0.809034 -0.486329 -0.330074
0.587810 -0.794787 -0.150971
0.309036 -0.832514 0.459802
-0.000000 0.000000 1.000000
-0.309036 0.833954 0.457183
-0.587810 0.793573 -0.157229
-0.809034 0.482152 -0.336146
-0.951059 0.198021 -0.237221
-0.999996 -0.002399 -0.001378
-0.951059 -0.117749 0.285694
-0.809034 -0.158715 0.565927
-0.587809 -0.140366 0.796729
-0.309036 -0.080727 0.947618
-0.000001 -0.000000 1.000000
0.309036 0.097486 0.946041
0.587809 0.168378 0.791283
0.809034 0.188268 0.556793
0.951059 0.136402 0.277273
0.999996 -0.002235 0.001631
0.951059 -0.232528 -0.203511
0.809034 -0.534349 -0.244818
0.587810 -0.808995 0.002716
0.309036 -0.748504 0.586719
-0.000000 0.000000 1.000000
-0.309036 0.749911 0.584919
-0.587810 0.808994 -0.002809
-0.809034 0.531438 -0.251073
-0.951059 0.228080 -0.208484
-0.999996 -0.002242 -0.001621
-0.951059 -0.139982 0.275483
-0.809034 -0.190589 0.556004
-0.587810 -0.169507 0.791042
-0.309034 -0.097782 0.946011
-0.000000 -0.000000 1.000000
0.309036 0.115072 0.944063
0.587810 0.198146 0.784358
0.809034 0.220289 0.544919
0.951059 0.158180 0.265453
0.999996 -0.002052 0.001856
0.951059 -0.257080 -0.171452
0.809034 -0.565827 -0.159071
0.587810 -0.797495 0.135948
0.309036 -0.670038 0.674942
0.000000 -0.000000 1.000000
-0.309036 0.671312 0.673674
-0.587810 0.798285 0.131227
-0.809034 0.564055 -0.165246
-0.951059 0.253420 -0.176818
-0.999996 -0.002060 -0.001847
-0.951059 -0.161662 0.263347
-0.809034 -0.222621 0.543971
-0.587810 -0.199301 0.784065
-0.309035 -0.115379 0.944026
0.000000 0.000000 1.000000
0.309035 0.133316 0.941660
0.587810 0.228685 0.776004
0.809034 0.252458 0.530781
0.951059 0.179296 0.251673
0.999996 -0.001848 0.002060
0.951059 -0.276744 -0.137473
0.809034 -0.582844 -0.075875
0.587810 -0.769831 0.248674
0.309036 -0.600106 0.737814
0.000000 -0.000000 1.000000
-0.309036 0.601230 0.736898
-0.587810 0.771100 0.244711
-0.809034 0.582044 -0.081786
-0.951059 0.273880 -0.143094
-0.999996 -0.001855 -0.002053
-0.951059 -0.182657 0.249244
-0.809034 -0.254801 0.529661
-0.587810 -0.229873 0.775653
-0.309036 -0.133635 0.941615
0.000001 0.000000 1.000000
0.309034 0.152350 0.938769
0.587810 0.260122 0.766039
0.809034 0.284748 0.514181
0.951059 0.199601 0.235892
0.999996 -0.001623 0.002241
0.951059 -0.291552 -0.102388
0.809034 -0.587756 0.002740
0.587810 -0.732751 0.342863
0.309036 -0.538701 0.783771
0.000000 -0.000000 1.000000
-0.309036 0.539686 0.783094
-0.587810 0.734286 0.339563
-0.809034 0.587755 -0.002789
-0.951059 0.289470 -0.108137
-0.999996 -0.001630 -0.002236
-0.951059 -0.202816 0.233135
-0.809034 -0.287098 0.512873
-0.587809 -0.261346 0.765623
-0.309036 -0.152684 0.938714
-0.000000 -0.000000 1.000000
0.309036 0.172327 0.935308
0.587809 0.292587 0.754237
0.809034 0.317100 0.494884
0.951059 0.218929 0.218074
0.999996 -0.001380 0.002398
0.951059 -0.301675 -0.066921
0.809034 -0.582881 0.075590
0.587810 -0.690734 0.421149
0.309036 -0.484877 0.818163
0.000000 -0.000000 1.000000
-0.309036 0.485741 0.817650
-0.587810 0.692397 0.418408
-0.809034 0.583518 0.070505
-0.951059 0.300338 -0.072686
-0.999996 -0.001387 -0.002394
-0.951059 -0.221966 0.214982
-0.809034 -0.319452 0.493371
-0.587810 -0.293854 0.753744
-0.309035 -0.172678 0.935243
-0.000001 -0.000000 1.000000
0.309037 0.193421 0.931174
0.587809 0.326212 0.740315
0.809034 0.349422 0.472619
0.951060 0.237083 0.198185
0.999996 -0.001123 0.002529
0.951059 -0.307378 -0.031699
0.809034 -0.570318 0.142133
0.587810 -0.646625 0.486164
0.309036 -0.437503 0.844445
0.000000 -0.000001 1.000000
-0.309036 0.438266 0.844050
-0.587810 0.648330 0.483887
-0.809034 0.571449 0.137514
-0.951059 0.306738 -0.037386
-0.999996 -0.001128 -0.002526
-0.951060 -0.239910 0.194754
-0.809034 -0.351766 0.470877
-0.587810 -0.327526 0.739734
-0.309035 -0.193792 0.931097
0.000001 0.000001 1.000000
0.309036 0.215835 0.926235
0.587810 0.361130 0.723923
0.809033 0.381569 0.447068
0.951060 0.253844 0.176207
0.999996 -0.000853 0.002632
0.951059 -0.308996 0.002759
0.809034 -0.551861 0.202272
0.587810 -0.602165 0.540256
0.309036 -0.395525 0.864903
0.000000 -0.000001 1.000000
-0.309036 0.396204 0.864592
-0.587810 0.603862 0.538359
-0.809034 0.553367 0.198115
-0.951059 0.308996 -0.002773
-0.999996 -0.000857 -0.002631
-0.951059 -0.256421 0.172436
-0.809034 -0.383893 0.445074
-0.587810 -0.362496 0.723240
-0.309037 -0.216233 0.926142
0.000000 0.000000 1.000000
0.309037 0.239814 0.920318
0.587810 0.397463 0.704630
0.809033 0.413335 0.417875
0.951059 0.268961 0.152138
0.999996 -0.000574 0.002707
0.951059 -0.306900 0.036038
0.809034 -0.528987 0.256197
0.587810 -0.558376 0.585402
0.309035 -0.358038 0.881082
0.000000 -0.000000 1.000000
-0.309036 0.358647 0.880834
-0.587810 0.560034 0.583816
-0.809034 0.530771 0.252481
-0.951059 0.307477 0.030721
-0.999996 -0.000577 -0.002706
-0.951059 -0.271245 0.148027
-0.809033 -0.415621 0.415601
-0.587809 -0.398885 0.703826
-0.309038 -0.240241 0.920206
-0.000001 -0.000001 1.000000
0.309036 0.265639 0.913199
0.587809 0.435317 0.681894
0.809033 0.444430 0.384639
0.951059 0.282152 0.126002
0.999996 -0.000289 0.002752
0.951059 -0.301475 0.067816
0.809034 -0.502877 0.304268
0.587810 -0.515818 0.623227
0.309035 -0.324289 0.894055
-0.000000 0.000000 1.000000
-0.309035 0.324839 0.893855
-0.587810 0.517422 0.621895
-0.809034 0.504862 0.300962
-0.951059 0.302567 0.062762
-0.999996 -0.000290 -0.002752
-0.951059 -0.284094 0.121560
-0.809034 -0.446653 0.382055
-0.587809 -0.436799 0.680946
-0.309035 -0.266098 0.913066
-0.000000 -0.000000 1.000000
0.309036 0.293658 0.904578
0.587810 0.474766 0.655039
0.809034 0.474455 0.346925
0.951059 0.293104 0.097860
0.999996 0.000000 0.002767
0.951059 -0.293103 0.097859
0.809034 -0.474455 0.346924
0.587810 -0.474766 0.655039
0.309035 -0.293658 0.904579
-0.000000 0.000000 1.000000
-0.309036 0.294159 0.904415
-0.587810 0.476310 0.653918
-0.809034 0.476582 0.343997
-0.951059 0.294650 0.093100
-0.999996 -0.000000 -0.002767
-0.951059 -0.294650 0.093101
-0.809034 -0.476582 0.343997
-0.587810 -0.476310 0.653917
-0.309036 -0.294160 0.904415
0.000001 0.000001 1.000000
0.309035 0.324289 0.894055
0.587809 0.515817 0.623228
0.809034 0.502877 0.304269
0.951059 0.301475 0.067817
0.999996 0.000288 0.002752
0.951059 -0.282152 0.126002
0.809034 -0.444429 0.384639
0.587810 -0.435317 0.681893
0.309035 -0.265637 0.913200
0.000000 -0.000000 1.000000
-0.309036 0.266098 0.913066
-0.587810 0.436800 0.680944
-0.809034 0.446652 0.382055
-0.951059 0.284093 0.121560
-0.999996 0.000290 -0.002752
-0.951059 -0.302568 0.062763
-0.809033 -0.504862 0.300964
-0.587809 -0.517422 0.621896
-0.309036 -0.324839 0.893855
-0.000000 -0.000000 1.000000
0.309039 0.358040 0.881080
0.587809 0.558375 0.585404
0.809033 0.528987 0.256199
0.951059 0.306900 0.036038
0.999996 0.000574 0.002707
0.951059 -0.268961 0.152138
0.809034 -0.413334 0.417874
0.587810 -0.397462 0.704630
0.309035 -0.239811 0.920319
0.000000 -0.000000 1.000000
-0.309036 0.240238 0.920208
-0.587810 0.398885 0.703825
-0.809034 0.415621 0.415600
-0.951059 0.271245 0.148028
-0.999996 0.000577 -0.002706
-0.951059 -0.307477 0.030722
-0.809033 -0.530771 0.252483
-0.587810 -0.560033 0.583818
-0.309037 -0.358648 0.880833
-0.000001 -0.000001 1.000000
0.309037 0.395527 0.864901
0.587810 0.602165 0.540256
0.809034 0.551861 0.202272
0.951059 0.308996 0.002759
0.999996 0.000852 0.002632
0.951059 -0.253844 0.176207
0.809034 -0.381569 0.447068
0.587810 -0.361130 0.723923
0.309035 -0.215835 0.926236
0.000000 -0.000000 1.000000
-0.309035 0.216232 0.926143
-0.587810 0.362495 0.723240
-0.809034 0.383893 0.445074
-0.951059 0.256422 0.172436
-0.999996 0.000857 -0.002631
-0.951060 -0.308995 -0.002773
-0.809033 -0.553367 0.198115
-0.587810 -0.603861 0.538359
-0.309036 -0.396204 0.864592
0.000001 0.000001 1.000000
0.309035 0.437503 0.844446
0.587810 0.646625 0.486164
0.809034 0.570318 0.142132
0.951060 0.307377 -0.031699
0.999996 0.001122 0.002529
0.951059 -0.237084 0.198185
0.809034 -0.349422 0.472619
0.587810 -0.326213 0.740314
0.309036 -0.193420 0.931174
-0.000000 0.000000 1.000000
-0.309036 0.193793 0.931097
-0.587810 0.327526 0.739733
-0.809034 0.351766 0.470877
-0.951059 0.239910 0.194754
-0.999996 0.001128 -0.002526
-0.951060 -0.306737 -0.037387
-0.809034 -0.571449 0.137513
-0.587809 -0.648330 0.483889
-0.309037 -0.438268 0.844048
0.000000 0.000000 1.000000
0.309035 0.484877 0.818163
0.587810 0.690734 0.421148
0.809034 0.582881 0.075589
0.951060 0.301674 -0.066921
0.999996 0.001380 0.002398
0.951059 -0.218929 0.218074
0.809034 -0.317101 0.494885
0.587810 -0.292587 0.754236
0.309036 -0.172327 0.935308
0.000000 -0.000000 1.000000
-0.309036 0.172678 0.935243
-0.587810 0.293854 0.753743
-0.809034 0.319452 0.493371
-0.951059 0.221966 0.214982
-0.999996 0.001387 -0.002394
-0.951059 -0.300338 -0.072686
-0.809034 -0.583517 0.070503
-0.587809 -0.692397 0.418410
-0.309036 -0.485742 0.817650
-0.000001 -0.000002 1.000000
0.309036 0.538701 0.783772
0.587809 0.732752 0.342864
0.809034 0.587755 0.002739
0.951059 0.291552 -0.102388
0.999996 0.001623 0.002241
0.951059 -0.199602 0.235892
0.809034 -0.284748 0.514182
0.587810 -0.260122 0.766039
0.309036 -0.152351 0.938768
-0.000000 0.000000 1.000000
-0.309036 0.152684 0.938714
-0.587810 0.261347 0.765622
-0.809034 0.287098 0.512873
-0.951059 0.202816 0.233135
-0.999996 0.001630 -0.002236
-0.951059 -0.289470 -0.108136
-0.809034 -0.587756 -0.002789
-0.587810 -0.734286 0.339563
-0.309034 -0.539684 0.783096
-0.000000 -0.000000 1.000000
0.309036 0.600106 0.737814
0.587810 0.769831 0.248675
0.809034 0.582844 -0.075875
0.951059 0.276744 -0.137473
0.999996 0.001848 0.002060
0.951059 -0.179296 0.251673
0.809034 -0.252459 0.530781
0.587810 -0.228685 0.776004
0.309036 -0.133316 0.941660
0.000000 -0.000000 1.000000
-0.309036 0.133635 0.941615
-0.587810 0.229873 0.775653
-0.809034 0.254801 0.529661
-0.951059 0.182657 0.249244
-0.999996 0.001855 -0.002053
-0.951059 -0.273880 -0.143094
-0.809034 -0.582044 -0.081785
-0.587811 -0.771100 0.244711
-0.309035 -0.601229 0.736899
0.000000 0.000000 1.000000
0.309035 0.670038 0.674942
0.587810 0.797494 0.135947
0.809034 0.565827 -0.159071
0.951059 0.257080 -0.171452
0.999996 0.002052 0.001856
0.951059 -0.158180 0.265453
0.809034 -0.220288 0.544919
0.587810 -0.198146 0.784358
0.309035 -0.115072 0.944063
0.000000 -0.000000 1.000000
-0.309036 0.115379 0.944026
-0.587810 0.199301 0.784065
-0.809034 0.222621 0.543970
-0.951059 0.161662 0.263347
-0.999996 0.002060 -0.001847
-0.951059 -0.253420 -0.176818
-0.809034 -0.564055 -0.165246
-0.587810 -0.798285 0.131227
-0.309036 -0.671314 0.673673
0.000001 0.000003 1.000000
0.309034 0.748501 0.586723
0.587810 0.808995 0.002717
0.809034 0.534349 -0.244818
0.951059 0.232528 -0.203511
0.999996 0.002235 0.001631
0.951059 -0.136402 0.277273
0.809034 -0.188268 0.556794
0.587810 -0.168378 0.791282
0.309035 -0.097486 0.946041
0.000000 -0.000000 1.000000
-0.309035 0.097782 0.946010
-0.587810 0.169507 0.791042
-0.809034 0.190589 0.556003
-0.951059 0.139982 0.275483
-0.999996 0.002242 -0.001621
-0.951059 -0.228080 -0.208484
-0.809034 -0.531438 -0.251073
-0.587809 -0.808995 -0.002805
-0.309036 -0.749911 0.584920
-0.000000 -0.000000 1.000000
0.309036 0.832512 0.459804
0.587809 0.794789 -0.150967
0.809035 0.486328 -0.330072
0.951059 0.203218 -0.232785
0.999996 0.002393 0.001389
0.951059 -0.114090 0.287175
0.809034 -0.156404 0.566570
0.587810 -0.139261 0.796922
0.309036 -0.080439 0.947643
-0.000000 0.000000 1.000000
-0.309036 0.080727 0.947618
-0.587810 0.140367 0.796729
-0.809034 0.158715 0.565928
-0.951059 0.117749 0.285694
-0.999996 0.002399 -0.001378
-0.951059 -0.198021 -0.237220
-0.809034 -0.482152 -0.336145
-0.587810 -0.793574 -0.157227
-0.309035 -0.833953 0.457187
-0.000001 -0.000004 1.000000
0.309037 0.910771 0.273848
0.587809 0.742687 -0.320774
0.809034 0.420424 -0.410740
0.951060 0.169473 -0.258388
0.999996 0.002525 0.001132
0.951059 -0.091357 0.295195
0.809034 -0.124691 0.574384
0.587810 -0.110677 0.801392
0.309036 -0.063826 0.948906
0.000001 -0.000000 1.000000
-0.309036 0.064108 0.948887
-0.587810 0.111764 0.801241
-0.809034 0.126991 0.573880
-0.951059 0.095078 0.294018
-0.999996 0.002530 -0.001119
-0.951060 -0.163600 -0.262146
-0.809034 -0.414927 -0.416293
-0.587810 -0.739756 -0.327476
-0.309035 -0.911919 0.270002
0.000001 0.000007 1.000000
0.309036 0.951046 0.002692
0.587810 0.639795 -0.495117
0.809033 0.336571 -0.481856
0.951060 0.131824 -0.279478
0.999996 0.002629 0.000862
0.951059 -0.068304 0.301364
0.809034 -0.093110 0.580340
0.587810 -0.082514 0.804780
0.309036 -0.047550 0.949861
0.000000 -0.000000 1.000000
-0.309035 0.047827 0.949847
-0.587811 0.083587 0.804669
-0.809034 0.095401 0.579968
-0.951059 0.072071 0.300486
-0.999996 0.002634 -0.000848
-0.951059 -0.125381 -0.282428
-0.809034 -0.329811 -0.486507
-0.587810 -0.634695 -0.501638
-0.309037 -0.951046 -0.002830
0.000000 0.000003 1.000000
0.309037 0.877763 -0.366099
0.587810 0.477480 -0.653064
0.809033 0.236480 -0.538092
0.951059 0.091002 -0.295304
0.999996 0.002705 0.000583
0.951059 -0.045021 0.305711
0.809034 -0.061633 0.584521
0.587810 -0.054662 0.807150
0.309036 -0.031521 0.950528
0.000000 -0.000000 1.000000
-0.309035 0.031794 0.950519
-0.587810 0.055725 0.807077
-0.809034 0.063918 0.584276
-0.951059 0.048819 0.305128
-0.999996 0.002708 -0.000568
-0.951059 -0.084124 -0.297337
-0.809033 -0.228663 -0.541460
-0.587809 -0.470068 -0.658420
-0.309038 -0.874821 -0.373074
-0.000001 -0.000015 1.000000
0.309036 0.571135 -0.760461
0.587809 0.258971 -0.766430
0.809033 0.123897 -0.574556
0.951059 0.047918 -0.305271
0.999996 0.002751 0.000297
0.951059 -0.021589 0.308253
0.809034 -0.030229 0.586984
0.587810 -0.027017 0.808548
0.309035 -0.015653 0.950922
-0.000000 0.000000 1.000000
-0.309035 0.015924 0.950917
-0.587810 0.028074 0.808512
-0.809034 0.032509 0.586862
-0.951059 0.025406 0.307962
-0.999996 0.002753 -0.000282
-0.951059 -0.040769 -0.306307
-0.809034 -0.115370 -0.576328
-0.587809 -0.249703 -0.769499
-0.309035 -0.563331 -0.766261
-0.000000 0.642784 0.766047
0.309036 0.005388 -0.951035
0.587810 0.004998 -0.808983
0.809034 0.004389 -0.587746
0.951059 0.003621 -0.308987
0.999996 0.002767 0.000008
0.951059 0.001911 0.309002
0.809034 0.001140 0.587761
0.587810 0.000528 0.808999
0.309035 0.000135 0.951051
-0.000000 -0.000000 1.000000
-0.309036 0.000135 0.951050
-0.587810 0.000528 0.808999
-0.809034 0.001140 0.587761
-0.951059 0.001911 0.309002
-0.999996 0.002767 0.000007
-0.951059 0.003621 -0.308987
-0.809034 0.004389 -0.587746
-0.587810 0.004998 -0.808983
-0.309036 0.005389 -0.951035
0.000001 -0.000014 1.000000
0.309035 -0.563330 -0.766261
0.587809 -0.249702 -0.769499
0.809034 -0.115370 -0.576329
0.951059 -0.040769 -0.306307
0.999996 0.002753 -0.000282
0.951059 0.025406 0.307962
0.809034 0.032509 0.586862
0.587810 0.028074 0.808512
0.309035 0.015924 0.950917
0.000000 0.000000 1.000000
-0.309036 -0.015653 0.950922
-0.587810 -0.027017 0.808548
-0.809034 -0.030229 0.586984
-0.951059 -0.021589 0.308253
-0.999996 0.002751 0.000297
-0.951059 0.047918 -0.305271
-0.809033 0.123897 -0.574556
-0.587809 0.258971 -0.766430
-0.309036 0.571135 -0.760462
-0.000000 0.000003 1.000000
0.309038 -0.874821 -0.373073
0.587809 -0.470068 -0.658420
0.809033 -0.228663 -0.541460
0.951059 -0.084124 -0.297337
0.999996 0.002708 -0.000568
0.951059 0.048819 0.305127
0.809034 0.063918 0.584276
0.587810 0.055725 0.807078
0.309035 0.031794 0.950519
0.000000 0.000000 1.000000
-0.309036 -0.031521 0.950528
-0.587810 -0.054662 0.807150
-0.809034 -0.061633 0.584522
-0.951059 -0.045021 0.305711
-0.999996 0.002705 0.000583
-0.951059 0.091002 -0.295304
-0.809033 0.236481 -0.538092
-0.587810 0.477480 -0.653064
-0.309037 0.877763 -0.366098
-0.000001 0.000007 1.000000
0.309037 -0.951046 -0.002829
0.587810 -0.634695 -0.501638
0.809034 -0.329811 -0.486507
0.951059 -0.125381 -0.282428
0.999996 0.002634 -0.000848
0.951059 0.072071 0.300486
0.809034 0.095401 0.579968
0.587810 0.083587 0.804669
0.309036 0.047827 0.949847
0.000000 0.000000 1.000000
-0.309036 -0.047550 0.949861
-0.587810 -0.082514 0.804780
-0.809034 -0.093110 0.580340
-0.951059 -0.068304 0.301365
-0.999996 0.002629 0.000862
-0.951060 0.131824 -0.279478
-0.809033 0.336571 -0.481856
-0.587810 0.639795 -0.495117
-0.309036 0.951046 0.002692
0.000001 -0.000003 1.000000
0.309035 -0.911919 0.270001
0.587810 -0.739756 -0.327475
0.809034 -0.414927 -0.416293
0.951060 -0.163600 -0.262146
0.999996 0.002530 -0.001119
0.951059 0.095078 0.294017
0.809034 0.126991 0.573879
0.587810 0.111764 0.801241
0.309036 0.064108 0.948887
0.000000 0.000000 1.000000
-0.309036 -0.063826 0.948906
-0.587810 -0.110677 0.801392
-0.809034 -0.124691 0.574384
-0.951059 -0.091358 0.295195
-0.999996 0.002525 0.001132
-0.951060 0.169473 -0.258388
-0.809034 0.420425 -0.410740
-0.587809 0.742688 -0.320773
-0.309037 0.910771 0.273849
-0.000000 0.000000 1.000000
0.309035 -0.833953 0.457187
0.587810 -0.793574 -0.157227
0.809034 -0.482152 -0.336145
0.951060 -0.198021 -0.237220
0.999996 0.002399 -0.001378
0.951059 0.117749 0.285694
0.809034 0.158715 0.565928
0.587810 0.140366 0.796729
0.309036 0.080727 0.947618
-0.000000 -0.000000 1.000000
-0.309036 -0.080439 0.947642
-0.587810 -0.139261 0.796923
-0.809034 -0.156404 0.566570
-0.951059 -0.114090 0.287175
-0.999996 0.002393 0.001389
-0.951059 0.203218 -0.232785
-0.809034 0.486329 -0.330072
-0.587809 0.794789 -0.150968
-0.309036 0.832512 0.459805
-0.000001 0.000002 1.000000
0.309036 -0.749911 0.584919
0.587809 -0.808995 -0.002806
0.809034 -0.531438 -0.251073
0.951059 -0.228080 -0.208484
0.999996 0.002242 -0.001621
0.951059 0.139982 0.275483
0.809034 0.190589 0.556003
0.587810 0.169507 0.791042
0.309036 0.097782 0.946010
-0.000000 -0.000000 1.000000
-0.309036 -0.097486 0.946041
-0.587811 -0.168378 0.791282
-0.809034 -0.188268 0.556794
-0.951059 -0.136402 0.277274
-0.999996 0.002235 0.001631
-0.951059 0.232528 -0.203511
-0.809034 0.534349 -0.244818
-0.587811 0.808994 0.002716
-0.309035 0.748502 0.586722
0.000000 -0.000000 1.000000
0.309036 -0.671313 0.673674
0.587810 -0.798285 0.131228
0.809034 -0.564055 -0.165246
0.951059 -0.253420 -0.176817
0.999996 0.002060 -0.001847
0.951059 0.161662 0.263347
0.809034 0.222622 0.543971
0.587810 0.199302 0.784065
0.309036 0.115379 0.944026
0.000000 0.000000 1.000000
-0.309035 -0.115072 0.944063
-0.587810 -0.198146 0.784358
-0.809034 -0.220289 0.544920
-0.951059 -0.158180 0.265453
-0.999996 0.002052 0.001856
-0.951059 0.257081 -0.171452
-0.809034 0.565827 -0.159071
-0.587810 0.797494 0.135948
-0.309036 0.670038 0.674942
-0.000000 0.000000 1.000000
0.309035 -0.601228 0.736900
0.587810 -0.771100 0.244712
0.809034 -0.582044 -0.081786
0.951059 -0.273880 -0.143094
0.999996 0.001855 -0.002053
0.951059 0.182657 0.249244
0.809034 0.254801 0.529661
0.587810 0.229873 0.775653
0.309036 0.133635 0.941615
0.000000 0.000000 1.000000
-0.309036 -0.133316 0.941660
-0.587810 -0.228685 0.776004
-0.809034 -0.252458 0.530782
-0.951059 -0.179296 0.251673
-0.999996 0.001848 0.002060
-0.951059 0.276744 -0.137473
-0.809034 0.582844 -0.075875
-0.587810 0.769831 0.248676
-0.309035 0.600105 0.737815
0.000001 -0.000002 1.000000
0.309034 -0.539683 0.783097
0.587809 -0.734286 0.339564
0.809034 -0.587755 -0.002789
0.951059 -0.289469 -0.108136
0.999996 0.001630 -0.002236
0.951059 0.202816 0.233135
0.809034 0.287098 0.512873
0.587810 0.261347 0.765622
0.309036 0.152685 0.938714
0.000000 0.000000 1.000000
-0.309036 -0.152351 0.938768
-0.587811 -0.260123 0.766039
-0.809034 -0.284748 0.514181
-0.951059 -0.199602 0.235893
-0.999996 0.001623 0.002241
-0.951059 0.291553 -0.102387
-0.809034 0.587755 0.002739
-0.587809 0.732752 0.342865
-0.309035 0.538700 0.783772
0.000000 -0.000000 1.000000
0.309036 -0.485742 0.817650
0.587809 -0.692397 0.418411
0.809034 -0.583517 0.070503
0.951059 -0.300338 -0.072686
0.999996 0.001387 -0.002394
0.951059 0.221966 0.214982
0.809034 0.319452 0.493371
0.587810 0.293854 0.753744
0.309036 0.172678 0.935243
0.000000 0.000000 1.000000
-0.309036 -0.172327 0.935308
-0.587810 -0.292587 0.754236
-0.809034 -0.317101 0.494885
-0.951059 -0.218929 0.218074
-0.999996 0.001380 0.002398
-0.951059 0.301674 -0.066921
-0.809034 0.582881 0.075589
-0.587810 0.690734 0.421149
-0.309035 0.484877 0.818164
-0.000001 0.000001 1.000000
0.309037 -0.438268 0.844048
0.587809 -0.648330 0.483889
0.809034 -0.571449 0.137513
0.951060 -0.306737 -0.037387
0.999996 0.001128 -0.002526
0.951059 0.239910 0.194754
0.809034 0.351766 0.470877
0.587810 0.327526 0.739734
0.309035 0.193793 0.931097
0.000000 0.000000 1.000000
-0.309036 -0.193421 0.931174
-0.587810 -0.326212 0.740314
-0.809034 -0.349422 0.472619
-0.951059 -0.237084 0.198185
-0.999996 0.001122 0.002529
-0.951060 0.307377 -0.031699
-0.809034 0.570318 0.142132
-0.587810 0.646625 0.486164
-0.309035 0.437503 0.844446
0.000001 -0.000001 1.000000
0.309036 -0.396205 0.864592
0.587810 -0.603862 0.538359
0.809033 -0.553367 0.198115
0.951060 -0.308995 -0.002773
0.999996 0.000857 -0.002631
0.951059 0.256421 0.172436
0.809034 0.383893 0.445074
0.587810 0.362495 0.723240
0.309036 0.216232 0.926143
0.000000 0.000000 1.000000
-0.309036 -0.215835 0.926235
-0.587811 -0.361130 0.723923
-0.809034 -0.381568 0.447068
-0.951059 -0.253845 0.176208
-0.999996 0.000852 0.002632
-0.951059 0.308996 0.002759
-0.809034 0.551861 0.202272
-0.587810 0.602165 0.540256
-0.309037 0.395527 0.864901
0.000000 -0.000000 1.000000
0.309037 -0.358648 0.880833
0.587810 -0.560033 0.583818
0.809033 -0.530771 0.252483
0.951059 -0.307477 0.030722
0.999996 0.000577 -0.002706
0.951059 0.271245 0.148028
0.809034 0.415620 0.415600
0.587810 0.398885 0.703826
0.309035 0.240237 0.920208
0.000000 0.000000 1.000000
-0.309035 -0.239812 0.920319
-0.587811 -0.397463 0.704629
-0.809034 -0.413334 0.417874
-0.951059 -0.268961 0.152138
-0.999996 0.000574 0.002707
-0.951059 0.306900 0.036038
-0.809033 0.528987 0.256199
-0.587809 0.558374 0.585405
-0.309038 0.358040 0.881080
-0.000001 0.000001 1.000000
0.309036 -0.324839 0.893855
0.587809 -0.517421 0.621896
0.809033 -0.504862 0.300964
0.951059 -0.302568 0.062763
0.999996 0.000290 -0.002752
0.951059 0.284093 0.121560
0.809034 0.446652 0.382055
0.587810 0.436800 0.680945
0.309035 0.266098 0.913066
-0.000000 -0.000000 1.000000
-0.309035 -0.265637 0.913200
-0.587810 -0.435317 0.681893
-0.809034 -0.444429 0.384639
-0.951059 -0.282152 0.126002
-0.999996 0.000288 0.002752
-0.951059 0.301475 0.067817
-0.809034 0.502877 0.304269
-0.587809 0.515817 0.623228
-0.309035 0.324289 0.894055
-0.000000 0.000000 1.000000
0.309036 -0.294160 0.904415
0.587810 -0.476310 0.653917
0.809034 -0.476582 0.343997
0.951059 -0.294650 0.093101
0.999996 -0.000000 -0.002767
0.951059 0.294650 0.093100
0.809034 0.476582 0.343997
0.587810 0.476310 0.653918
0.309035 0.294159 0.904416
-0.000000 -0.000000 1.000000
-0.309036 -0.293658 0.904578
-0.587810 -0.474766 0.655039
-0.809034 -0.474455 0.346925
-0.951059 -0.293103 0.097859
-0.999996 0.000000 0.002767
-0.951059 0.293104 0.097860
-0.809034 0.474455 0.346925
-0.587810 0.474766 0.655040
-0.309036 0.293658 0.904578
0.000001 -0.000001 1.000000
0.309035 -0.266098 0.913066
0.587809 -0.436799 0.680946
0.809034 -0.446653 0.382055
0.951059 -0.284094 0.121560
0.999996 -0.000290 -0.002752
0.951059 0.302567 0.062762
0.809034 0.504862 0.300962
0.587810 0.517422 0.621895
0.309035 0.324839 0.893855
-0.000000 -0.000000 1.000000
-0.309035 -0.324289 0.894055
-0.587810 -0.515818 0.623226
-0.809034 -0.502877 0.304268
-0.951059 -0.301475 0.067816
-0.999996 -0.000289 0.002752
-0.951059 0.282152 0.126002
-0.809033 0.444430 0.384639
-0.587809 0.435317 0.681894
-0.309036 0.265639 0.913199
-0.000000 0.000000 1.000000
0.309038 -0.240241 0.920206
0.587809 -0.398885 0.703826
0.809033 -0.415621 0.415601
0.951059 -0.271245 0.148027
0.999996 -0.000577 -0.002706
0.951059 0.307477 0.030721
0.809034 0.530771 0.252481
0.587810 0.560034 0.583816
0.309036 0.358647 0.880834
0.000000 0.000000 1.000000
-0.309036 -0.358039 0.881082
-0.587810 -0.558376 0.585402
-0.809034 -0.528987 0.256197
-0.951059 -0.306900 0.036038
-0.999996 -0.000574 0.002707
-0.951059 0.268961 0.152138
-0.809033 0.413335 0.417875
-0.587810 0.397463 0.704629
-0.309037 0.239814 0.920318
-0.000001 0.000001 1.000000
0.309037 -0.216233 0.926142
0.587810 -0.362496 0.723240
0.809034 -0.383893 0.445074
0.951059 -0.256421 0.172436
0.999996 -0.000857 -0.002631
0.951059 0.308996 -0.002773
0.809034 0.553367 0.198115
0.587810 0.603862 0.538359
0.309036 0.396204 0.864592
0.000000 0.000001 1.000000
-0.309036 -0.395525 0.864903
-0.587810 -0.602165 0.540255
-0.809034 -0.551861 0.202272
-0.951059 -0.308996 0.002759
-0.999996 -0.000853 0.002632
-0.951060 0.253844 0.176207
-0.809034 0.381569 0.447068
-0.587810 0.361130 0.723923
-0.309036 0.215836 0.926235
0.000001 -0.000001 1.000000
0.309035 -0.193792 0.931097
0.587810 -0.327526 0.739734
0.809034 -0.351766 0.470877
0.951060 -0.239909 0.194754
0.999996 -0.001128 -0.002526
0.951059 0.306738 -0.037386
0.809034 0.571449 0.137514
0.587810 0.648330 0.483888
0.309036 0.438266 0.844050
-0.000000 -0.000000 1.000000
-0.309035 -0.437502 0.844446
-0.587810 -0.646625 0.486164
-0.809034 -0.570318 0.142133
-0.951059 -0.307378 -0.031699
-0.999996 -0.001123 0.002529
-0.951060 0.237083 0.198185
-0.809034 0.349422 0.472619
-0.587809 0.326212 0.740315
-0.309037 0.193421 0.931174
-0.000000 0.000000 1.000000
0.309035 -0.172678 0.935243
0.587810 -0.293853 0.753744
0.809034 -0.319452 0.493371
0.951060 -0.221966 0.214981
0.999996 -0.001387 -0.002394
0.951059 0.300338 -0.072686
0.809034 0.583518 0.070505
0.587810 0.692397 0.418409
0.309036 0.485741 0.817650
-0.000000 -0.000000 1.000000
-0.309036 -0.484877 0.818163
-0.587810 -0.690734 0.421148
-0.809034 -0.582881 0.075590
-0.951059 -0.301675 -0.066921
-0.999996 -0.001380 0.002398
-0.951059 0.218929 0.218074
-0.809034 0.317100 0.494884
-0.587809 0.292587 0.754237
-0.309036 0.172327 0.935308
-0.000001 0.000001 1.000000
0.309035 -0.152684 0.938714
0.587809 -0.261346 0.765623
0.809034 -0.287098 0.512873
0.951059 -0.202816 0.233135
0.999996 -0.001630 -0.002236
0.951059 0.289470 -0.108136
0.809034 0.587755 -0.002789
0.587810 0.734286 0.339564
0.309036 0.539686 0.783094
0.000000 0.000001 1.000000
-0.309036 -0.538702 0.783771
-0.587810 -0.732751 0.342862
-0.809034 -0.587756 0.002740
-0.951059 -0.291553 -0.102388
-0.999996 -0.001623 0.002241
-0.951059 0.199602 0.235892
-0.809034 0.284748 0.514182
-0.587810 0.260122 0.766039
-0.309033 0.152350 0.938769
0.000000 -0.000000 1.000000
0.309035 -0.133635 0.941615
0.587810 -0.229873 0.775653
0.809034 -0.254801 0.529661
0.951059 -0.182657 0.249244
0.999996 -0.001855 -0.002053
0.951059 0.273880 -0.143094
0.809034 0.582044 -0.081785
0.587810 0.771100 0.244712
0.309036 0.601230 0.736898
0.000000 0.000001 1.000000
-0.309036 -0.600106 0.737814
-0.587810 -0.769831 0.248674
-0.809034 -0.582844 -0.075875
-0.951059 -0.276744 -0.137473
-0.999996 -0.001848 0.002060
-0.951059 0.179296 0.251673
-0.809034 0.252458 0.530782
-0.587810 0.228685 0.776004
-0.309035 0.133316 0.941660
0.000000 -0.000000 1.000000
0.309035 -0.115378 0.944026
0.587810 -0.199301 0.784065
0.809034 -0.222621 0.543970
0.951059 -0.161662 0.263347
0.999996 -0.002060 -0.001847
0.951059 0.253420 -0.176818
0.809034 0.564055 -0.165247
0.587810 0.798285 0.131227
0.309036 0.671313 0.673673
0.000000 0.000000 1.000000
-0.309036 -0.670039 0.674940
-0.587810 -0.797494 0.135947
-0.809034 -0.565828 -0.159071
-0.951059 -0.257081 -0.171452
-0.999996 -0.002052 0.001856
-0.951059 0.158180 0.265453
-0.809034 0.220288 0.544920
-0.587810 0.198146 0.784358
-0.309036 0.115072 0.944063
0.000001 -0.000000 1.000000
0.309034 -0.097782 0.946011
0.587810 -0.169507 0.791042
0.809034 -0.190589 0.556003
0.951059 -0.139982 0.275483
0.999996 -0.002242 -0.001621
0.951059 0.228080 -0.208484
0.809034 0.531438 -0.251073
0.587810 0.808994 -0.002808
0.309036 0.749911 0.584919
0.000000 0.000001 1.000000
-0.309036 -0.748503 0.586720
-0.587811 -0.808994 0.002715
-0.809034 -0.534349 -0.244818
-0.951059 -0.232528 -0.203511
-0.999996 -0.002235 0.001631
-0.951059 0.136402 0.277274
-0.809034 0.188268 0.556793
-0.587809 0.168378 0.791283
-0.309036 0.097486 0.946041
-0.000000 0.000000 1.000000
0.309036 -0.080727 0.947618
0.587809 -0.140366 0.796729
0.809035 -0.158715 0.565926
0.951059 -0.117749 0.285694
0.999996 -0.002399 -0.001378
0.951059 0.198021 -0.237220
0.809034 0.482152 -0.336145
0.587810 0.793573 -0.157228
0.309036 0.833954 0.457184
-0.000000 -0.000001 1.000000
-0.309036 -0.832513 0.459804
-0.587810 -0.794788 -0.150970
-0.809034 -0.486329 -0.330073
-0.951059 -0.203218 -0.232785
-0.999996 -0.002393 0.001389
-0.951059 0.114090 0.287175
-0.809034 0.156405 0.566570
-0.587810 0.139261 0.796923
-0.309035 0.080439 0.947643
-0.000001 0.000000 1.000000
0.309037 -0.064108 0.948887
0.587809 -0.111764 0.801242
0.809034 -0.126991 0.573879
0.951060 -0.095078 0.294017
0.999996 -0.002530 -0.001119
0.951059 0.163600 -0.262147
0.809034 0.414926 -0.416294
0.587810 0.739756 -0.327476
0.309036 0.911920 0.269997
0.000000 0.000000 1.000000
-0.309036 -0.910772 0.273847
-0.587810 -0.742686 -0.320775
-0.809034 -0.420424 -0.410740
-0.951059 -0.169473 -0.258389
-0.999996 -0.002525 0.001132
-0.951060 0.091357 0.295194
-0.809034 0.124692 0.574384
-0.587810 0.110677 0.801392
-0.309035 0.063826 0.948906
0.000001 -0.000000 1.000000
0.309036 -0.047827 0.949847
0.587810 -0.083587 0.804669
0.809033 -0.095401 0.579969
0.951060 -0.072071 0.300486
0.999996 -0.002634 -0.000848
0.951059 0.125380 -0.282428
0.809034 0.329811 -0.486507
0.587810 0.634697 -0.501637
0.309036 0.951046 -0.002825
0.000001 0.000004 1.000000
-0.309036 -0.951047 0.002694
-0.587810 -0.639796 -0.495117
-0.809034 -0.336571 -0.481855
-0.951059 -0.131824 -0.279479
-0.999996 -0.002629 0.000862
-0.951059 0.068305 0.301364
-0.809034 0.093110 0.580341
-0.587810 0.082513 0.804780
-0.309037 0.047550 0.949861
0.000000 -0.000000 1.000000
0.309037 -0.031794 0.950518
0.587810 -0.055725 0.807078
0.809033 -0.063917 0.584277
0.951059 -0.048819 0.305127
0.999996 -0.002708 -0.000568
0.951059 0.084125 -0.297337
0.809034 0.228664 -0.541458
0.587810 0.470071 -0.658417
0.309035 0.874831 -0.373053
0.000001 0.000006 1.000000
-0.309036 -0.877769 -0.366086
-0.587811 -0.477483 -0.653061
-0.809034 -0.236482 -0.538090
-0.951059 -0.091003 -0.295304
-0.999996 -0.002705 0.000582
-0.951059 0.045020 0.305711
-0.809033 0.061633 0.584523
-0.587809 0.054662 0.807151
-0.309038 0.031521 0.950527
-0.000001 0.000000 1.000000
0.309036 -0.015924 0.950917
0.587809 -0.028073 0.808512
0.809033 -0.032509 0.586863
0.951059 -0.025406 0.307963
0.999996 -0.002752 -0.000282
0.951059 0.040770 -0.306307
0.809034 0.115372 -0.576328
0.587810 0.249703 -0.769498
0.309036 0.563331 -0.766260
-0.000000 -0.000002 1.000000
-0.309036 -0.571145 -0.760454
-0.587810 -0.258973 -0.766428
-0.809034 -0.123899 -0.574555
-0.951059 -0.047919 -0.305270
-0.999996 -0.002751 0.000297
-0.951059 0.021589 0.308253
-0.809034 0.030228 0.586985
-0.587809 0.027017 0.808549
-0.309035 0.015653 0.950922
