-0.000000 1.000000 -0.000000
0.000853 1.000000 -0.000135
0.001624 0.999999 -0.000528
0.002236 0.999997 -0.001140
0.002631 0.999995 -0.001911
0.002767 0.999992 -0.002767
0.002631 0.999990 -0.003621
0.002236 0.999988 -0.004389
0.001624 0.999986 -0.004996
0.000852 0.999985 -0.005382
-0.000001 -0.978764 -0.204991
-0.000853 0.999985 -0.005387
-0.001624 0.999986 -0.004997
-0.002237 0.999988 -0.004389
-0.002631 0.999990 -0.003621
-0.002767 0.999992 -0.002767
-0.002631 0.999995 -0.001911
-0.002237 0.999997 -0.001140
-0.001624 0.999999 -0.000528
-0.000854 1.000000 -0.000135
-0.104527 0.994522 0.000000
-0.098564 0.995008 0.015653
-0.082949 0.996188 0.027017
-0.059212 0.997788 0.030228
-0.029682 0.999326 0.021589
0.002752 0.999992 -0.002751
0.034915 0.998241 -0.047919
0.063661 0.990251 -0.123899
0.086178 0.962033 -0.258972
0.100260 0.814704 -0.571144
0.104528 -0.994522 0.000001
0.098563 0.820332 0.563329
0.082949 0.964763 0.249702
0.059213 0.991556 0.115372
0.029683 0.998728 0.040770
-0.002752 0.999992 -0.002752
-0.034915 0.999067 -0.025406
-0.063661 0.997442 -0.032509
-0.086177 0.995884 -0.028073
-0.100259 0.994834 -0.015924
-0.207909 0.978148 -0.000000
-0.196896 0.979917 0.031520
-0.166611 0.984506 0.054662
-0.120014 0.990857 0.061633
-0.061670 0.997081 0.045020
0.002707 0.999993 -0.002705
0.066817 0.993607 -0.091003
0.124389 0.963641 -0.236482
0.169788 0.862080 -0.477483
0.198568 0.435997 -0.877768
0.207912 -0.978148 0.000001
0.196900 0.442605 0.874832
0.166612 0.866761 0.470071
0.120014 0.966079 0.228664
0.061671 0.994545 0.084125
-0.002706 0.999993 -0.002708
-0.066817 0.996570 -0.048819
-0.124388 0.990173 -0.063917
-0.169786 0.983904 -0.055725
-0.198567 0.979572 -0.031794
-0.309017 0.951056 -0.000000
-0.293079 0.954905 0.047550
-0.248449 0.965124 0.082513
-0.179500 0.979342 0.093110
-0.092984 0.993322 0.068305
0.002632 0.999993 -0.002629
0.097987 0.986418 -0.131824
0.183754 0.923555 -0.336571
0.251538 0.726215 -0.639797
0.294702 0.093065 -0.951047
0.309017 -0.951057 -0.000003
0.293080 0.098058 0.951046
0.248450 0.731732 0.634697
0.179501 0.926825 0.329811
0.092983 0.987742 0.125381
-0.002631 0.999993 -0.002634
-0.097987 0.992575 -0.072071
-0.183754 0.978332 -0.095401
-0.251538 0.964231 -0.083587
-0.294701 0.954392 -0.047827
-0.406737 0.913545 0.000000
-0.386049 0.920268 0.063826
-0.327566 0.938323 0.110677
-0.237020 0.963470 0.124692
-0.123277 0.988158 0.091357
0.002528 0.999994 -0.002525
0.128084 0.977176 -0.169473
0.241106 0.874706 -0.420425
0.330532 0.582380 -0.742686
0.387607 -0.142331 -0.910770
0.406737 -0.913545 -0.000000
0.386048 -0.139172 0.911920
0.327566 0.587761 0.739756
0.237020 0.878441 0.414926
0.123277 0.978794 0.163601
-0.002528 0.999994 -0.002530
-0.128084 0.987195 -0.095078
-0.241106 0.962154 -0.126991
-0.330532 0.937154 -0.111764
-0.387607 0.919593 -0.064108
-0.500001 0.866025 0.000000
-0.474787 0.876417 0.080439
-0.403093 0.904501 0.139261
-0.291942 0.943561 0.156405
-0.152220 0.981740 0.114090
0.002396 0.999994 -0.002393
0.156777 0.966501 -0.203217
0.295816 0.822178 -0.486329
0.405904 0.451171 -0.794787
0.476263 -0.283009 -0.832514
0.500000 -0.866025 0.000000
0.474786 -0.281243 0.833954
0.403093 0.455805 0.793573
0.291942 0.826014 0.482152
0.152220 0.968306 0.198021
-0.002396 0.999994 -0.002399
-0.156777 0.980590 -0.117749
-0.295816 0.941967 -0.158715
-0.405906 0.903071 -0.140366
-0.476265 0.875588 -0.080727
-0.587786 0.809017 -0.000000
-0.558323 0.823876 0.097486
-0.474204 0.864164 0.168378
-0.343666 0.920027 0.188268
-0.179495 0.974257 0.136402
0.002238 0.999995 -0.002235
0.183752 0.955074 -0.232528
0.347285 0.770626 -0.534349
0.476830 0.343745 -0.808995
0.559703 -0.355634 -0.748504
0.587785 -0.809017 0.000000
0.558323 -0.354836 0.749911
0.474203 0.347362 0.808994
0.343666 0.774253 0.531438
0.179496 0.956954 0.228080
-0.002238 0.999995 -0.002242
-0.183752 0.972954 -0.139982
-0.347285 0.918188 -0.190589
-0.476830 0.862497 -0.169507
-0.559703 0.822904 -0.097782
-0.669130 0.743145 -0.000000
-0.635742 0.763276 0.115072
-0.540118 0.817931 0.198146
-0.391625 0.893366 0.220289
-0.204804 0.965937 0.158180
0.002056 0.999996 -0.002052
0.208714 0.943583 -0.257080
0.394949 0.723778 -0.565827
0.542531 0.263936 -0.797495
0.637011 -0.381139 -0.670038
0.669131 -0.743145 -0.000000
0.635743 -0.381013 0.671312
0.540118 0.266484 0.798285
0.391625 0.726961 0.564055
0.204804 0.945428 0.253420
-0.002056 0.999996 -0.002060
-0.208714 0.964523 -0.161662
-0.394949 0.891322 -0.222621
-0.542531 0.816051 -0.199301
-0.637010 0.762172 -0.115379
-0.743145 0.669130 0.000000
-0.706198 0.695350 0.133316
-0.600116 0.766527 0.228685
-0.435293 0.864167 0.252458
-0.227869 0.957042 0.179296
0.001851 0.999997 -0.001848
0.231390 0.932669 -0.276744
0.438286 0.684250 -0.582844
0.602288 0.211207 -0.769831
0.707339 -0.373557 -0.600106
0.743145 -0.669130 -0.000000
0.706197 -0.373908 0.601230
0.600116 0.212757 0.771100
0.435293 0.686837 0.582044
0.227869 0.934380 0.273880
-0.001851 0.999997 -0.001855
-0.231390 0.955560 -0.182657
-0.438286 0.861964 -0.254801
-0.602289 0.764465 -0.229873
-0.707339 0.694127 -0.133635
-0.809017 0.587785 0.000000
-0.768915 0.620934 0.152350
-0.653538 0.710791 0.260122
-0.474191 0.833103 0.284748
-0.248437 0.947860 0.199601
0.001626 0.999997 -0.001623
0.251530 0.922892 -0.291552
0.476821 0.653594 -0.587756
0.655447 0.182934 -0.732751
0.769917 -0.342095 -0.538701
0.809017 -0.587786 -0.000000
0.768914 -0.342797 0.539686
0.653538 0.183607 0.734286
0.474192 0.655504 0.587755
0.248438 0.924384 0.289470
-0.001626 0.999997 -0.001630
-0.251530 0.946361 -0.202816
-0.476820 0.830793 -0.287098
-0.655447 0.708581 -0.261346
-0.769917 0.619609 -0.152684
-0.866025 0.500001 -0.000000
-0.823206 0.540957 0.172327
-0.699801 0.651668 0.292587
-0.507894 0.800931 0.317100
-0.266284 0.938703 0.218929
0.001383 0.999998 -0.001380
0.268915 0.914701 -0.301675
0.510131 0.632468 -0.582881
0.701424 0.175759 -0.690734
0.824060 -0.292950 -0.484877
0.866026 -0.500000 -0.000000
0.823207 -0.293914 0.485741
0.699800 0.175687 0.692397
0.507895 0.633679 0.583518
0.266284 0.915909 0.300338
-0.001383 0.999998 -0.001387
-0.268914 0.937239 -0.221966
-0.510131 0.798572 -0.319452
-0.701424 0.649349 -0.293854
-0.824060 0.539544 -0.172678
-0.913545 0.406737 -0.000000
-0.868480 0.456433 0.193421
-0.738396 0.590218 0.326212
-0.536034 0.768487 0.349422
-0.281212 0.929899 0.237083
0.001125 0.999999 -0.001123
0.283353 0.908422 -0.307378
0.537853 0.620847 -0.570318
0.739716 0.186270 -0.646625
0.869174 -0.230493 -0.437503
0.913546 -0.406737 -0.000001
0.868481 -0.231655 0.438266
0.738395 0.185581 0.648330
0.536034 0.621380 0.571449
0.281213 0.909302 0.306738
-0.001125 0.999999 -0.001128
-0.283352 0.928523 -0.239910
-0.537853 0.766143 -0.351766
-0.739716 0.587833 -0.327526
-0.869174 0.454952 -0.193792
-0.951056 0.309017 0.000001
-0.904239 0.368466 0.215835
-0.768900 0.527615 0.361130
-0.558300 0.736686 0.381569
-0.293060 0.921780 0.253844
0.000855 0.999999 -0.000853
0.294686 0.904257 -0.308996
0.559682 0.618228 -0.551861
0.769904 0.211294 -0.602165
0.904766 -0.157982 -0.395525
0.951057 -0.309017 -0.000001
0.904239 -0.159294 0.396204
0.768900 0.210104 0.603862
0.558300 0.618131 0.553367
0.293061 0.904786 0.308996
-0.000855 0.999999 -0.000857
-0.294686 0.920548 -0.256421
-0.559682 0.734426 -0.383893
-0.769904 0.525209 -0.362496
-0.904766 0.366937 -0.216233
-0.978148 0.207909 0.000000
-0.930090 0.278249 0.239814
-0.790982 0.465157 0.397463
-0.574450 0.706513 0.413335
-0.301698 0.914679 0.268961
0.000576 1.000000 -0.000574
0.302792 0.902291 -0.306900
0.575379 0.623789 -0.528987
0.791656 0.247986 -0.558376
0.930445 -0.077982 -0.358038
0.978148 -0.207912 -0.000000
0.930090 -0.079403 0.358647
0.790981 0.246396 0.560034
0.574449 0.623130 0.530771
0.301698 0.902461 0.307477
-0.000575 1.000000 -0.000577
-0.302792 0.913643 -0.271245
-0.575380 0.704412 -0.415621
-0.791657 0.462784 -0.398885
-0.930445 0.276690 -0.240241
-0.994522 0.104527 -0.000001
-0.945751 0.187059 0.265639
-0.804397 0.404283 0.435317
-0.584305 0.679021 0.444430
-0.307030 0.908913 0.282152
0.000289 1.000000 -0.000289
0.307579 0.902501 -0.301475
0.584772 0.636519 -0.502877
0.804735 0.293825 -0.515818
0.945929 0.007382 -0.324289
0.994522 -0.104529 0.000000
0.945751 0.005885 0.324839
0.804396 0.291927 0.517422
0.584304 0.635376 0.504862
0.307029 0.902323 0.302567
-0.000289 1.000000 -0.000290
-0.307580 0.908122 -0.284094
-0.584772 0.677158 -0.446653
-0.804736 0.402003 -0.436799
-0.945929 0.185498 -0.266098
-1.000000 -0.000000 -0.000000
-0.951050 0.096275 0.293658
-0.808997 0.346585 0.474766
-0.587758 0.655312 0.474455
-0.308997 0.904771 0.293104
-0.000000 1.000000 0.000000
0.308997 0.904771 -0.293103
0.587758 0.655312 -0.474455
0.808997 0.346584 -0.474766
0.951050 0.096274 -0.293658
1.000000 -0.000000 0.000000
0.951050 0.094732 0.294159
0.808997 0.344459 0.476310
0.587758 0.653766 0.476582
0.308997 0.904269 0.294650
-0.000000 1.000000 -0.000000
-0.308997 0.904269 -0.294650
-0.587758 0.653766 -0.476582
-0.808997 0.344459 -0.476310
-0.951050 0.094732 -0.294160
-0.994522 -0.104527 0.000001
-0.945929 0.007382 0.324289
-0.804736 0.293823 0.515817
-0.584772 0.636519 0.502877
-0.307580 0.902501 0.301475
-0.000289 1.000000 0.000288
0.307029 0.908913 -0.282152
0.584304 0.679023 -0.444429
0.804396 0.404285 -0.435317
0.945751 0.187060 -0.265637
0.994522 0.104529 -0.000000
0.945929 0.185498 0.266098
0.804735 0.402004 0.436800
0.584772 0.677158 0.446652
0.307579 0.908122 0.284093
0.000289 1.000000 0.000290
-0.307030 0.902322 -0.302568
-0.584305 0.635375 -0.504862
-0.804397 0.291927 -0.517422
-0.945751 0.005887 -0.324839
-0.978148 -0.207909 -0.000000
-0.930445 -0.077977 0.358040
-0.791657 0.247985 0.558375
-0.575380 0.623787 0.528987
-0.302792 0.902291 0.306900
-0.000575 1.000000 0.000574
0.301698 0.914679 -0.268961
0.574449 0.706515 -0.413334
0.790981 0.465158 -0.397462
0.930090 0.278250 -0.239811
0.978148 0.207912 -0.000000
0.930445 0.276693 0.240238
0.791656 0.462787 0.398885
0.575379 0.704414 0.415621
0.302792 0.913643 0.271245
0.000576 1.000000 0.000577
-0.301698 0.902461 -0.307477
-0.574450 0.623128 -0.530771
-0.790982 0.246396 -0.560033
-0.930090 -0.079400 -0.358648
-0.951056 -0.309017 -0.000001
-0.904765 -0.157981 0.395527
-0.769904 0.211295 0.602165
-0.559682 0.618228 0.551861
-0.294686 0.904257 0.308996
-0.000855 0.999999 0.000852
0.293061 0.921780 -0.253844
0.558300 0.736686 -0.381569
0.768901 0.527615 -0.361130
0.904239 0.368466 -0.215835
0.951057 0.309017 -0.000000
0.904766 0.366936 0.216232
0.769904 0.525210 0.362495
0.559682 0.734427 0.383893
0.294687 0.920548 0.256422
0.000855 0.999999 0.000857
-0.293060 0.904786 -0.308995
-0.558300 0.618131 -0.553367
-0.768900 0.210103 -0.603861
-0.904239 -0.159293 -0.396204
-0.913545 -0.406737 0.000001
-0.869174 -0.230494 0.437503
-0.739716 0.186270 0.646625
-0.537853 0.620847 0.570318
-0.283352 0.908422 0.307377
-0.001125 0.999999 0.001122
0.281213 0.929898 -0.237084
0.536034 0.768487 -0.349422
0.738396 0.590218 -0.326213
0.868480 0.456432 -0.193420
0.913545 0.406737 0.000000
0.869175 0.454951 0.193793
0.739716 0.587832 0.327526
0.537853 0.766143 0.351766
0.283353 0.928523 0.239910
0.001125 0.999999 0.001128
-0.281212 0.909303 -0.306737
-0.536033 0.621381 -0.571449
-0.738396 0.185579 -0.648330
-0.868480 -0.231655 -0.438268
-0.866025 -0.500001 0.000000
-0.824059 -0.292951 0.484877
-0.701424 0.175758 0.690734
-0.510131 0.632468 0.582881
-0.268914 0.914701 0.301674
-0.001383 0.999998 0.001380
0.266284 0.938703 -0.218929
0.507895 0.800931 -0.317101
0.699800 0.651669 -0.292587
0.823207 0.540956 -0.172327
0.866025 0.500000 -0.000000
0.824060 0.539544 0.172678
0.701424 0.649349 0.293854
0.510131 0.798571 0.319452
0.268915 0.937238 0.221966
0.001383 0.999998 0.001387
-0.266284 0.915909 -0.300338
-0.507894 0.633681 -0.583517
-0.699801 0.175684 -0.692397
-0.823206 -0.293915 -0.485742
-0.809017 -0.587785 -0.000002
-0.769917 -0.342095 0.538701
-0.655447 0.182932 0.732752
-0.476820 0.653595 0.587755
-0.251530 0.922892 0.291552
-0.001626 0.999997 0.001623
0.248437 0.947860 -0.199602
0.474191 0.833103 -0.284748
0.653538 0.710791 -0.260122
0.768914 0.620935 -0.152351
0.809017 0.587785 0.000000
0.769917 0.619609 0.152684
0.655447 0.708581 0.261347
0.476821 0.830793 0.287098
0.251530 0.946361 0.202816
0.001626 0.999997 0.001630
-0.248438 0.924384 -0.289470
-0.474192 0.655504 -0.587756
-0.653538 0.183607 -0.734286
-0.768915 -0.342799 -0.539684
-0.743145 -0.669130 -0.000000
-0.707339 -0.373557 0.600106
-0.602289 0.211207 0.769831
-0.438286 0.684250 0.582844
-0.231390 0.932669 0.276744
-0.001851 0.999997 0.001848
0.227869 0.957042 -0.179296
0.435293 0.864167 -0.252459
0.600116 0.766527 -0.228685
0.706198 0.695350 -0.133316
0.743145 0.669130 -0.000000
0.707339 0.694128 0.133635
0.602288 0.764465 0.229873
0.438286 0.861964 0.254801
0.231390 0.955560 0.182657
0.001851 0.999997 0.001855
-0.227869 0.934380 -0.273880
-0.435293 0.686837 -0.582044
-0.600116 0.212758 -0.771100
-0.706198 -0.373909 -0.601229
-0.669130 -0.743146 0.000000
-0.637010 -0.381139 0.670038
-0.542531 0.263937 0.797494
-0.394949 0.723778 0.565827
-0.208714 0.943583 0.257080
-0.002056 0.999996 0.002052
0.204804 0.965937 -0.158180
0.391625 0.893366 -0.220288
0.540118 0.817931 -0.198146
0.635743 0.763276 -0.115072
0.669131 0.743145 -0.000000
0.637010 0.762172 0.115379
0.542531 0.816051 0.199301
0.394948 0.891322 0.222621
0.208715 0.964522 0.161662
0.002056 0.999996 0.002060
-0.204804 0.945428 -0.253420
-0.391625 0.726961 -0.564055
-0.540118 0.266484 -0.798285
-0.635742 -0.381012 -0.671314
-0.587786 -0.809017 0.000003
-0.559703 -0.355638 0.748501
-0.476830 0.343745 0.808995
-0.347285 0.770626 0.534349
-0.183752 0.955074 0.232528
-0.002238 0.999995 0.002235
0.179496 0.974257 -0.136402
0.343666 0.920027 -0.188268
0.474203 0.864164 -0.168378
0.558323 0.823876 -0.097486
0.587785 0.809017 -0.000000
0.559703 0.822904 0.097782
0.476830 0.862497 0.169507
0.347284 0.918188 0.190589
0.183752 0.972954 0.139982
0.002238 0.999995 0.002242
-0.179496 0.956954 -0.228080
-0.343666 0.774253 -0.531438
-0.474204 0.347358 -0.808995
-0.558323 -0.354836 -0.749911
-0.500001 -0.866025 -0.000000
-0.476265 -0.283011 0.832512
-0.405906 0.451166 0.794789
-0.295816 0.822179 0.486328
-0.156777 0.966501 0.203218
-0.002396 0.999994 0.002393
0.152220 0.981740 -0.114090
0.291942 0.943561 -0.156404
0.403093 0.904501 -0.139261
0.474787 0.876417 -0.080439
0.500000 0.866025 0.000000
0.476264 0.875589 0.080727
0.405905 0.903072 0.140367
0.295816 0.941967 0.158715
0.156777 0.980590 0.117749
0.002396 0.999994 0.002399
-0.152220 0.968306 -0.198021
-0.291942 0.826014 -0.482152
-0.403093 0.455803 -0.793574
-0.474787 -0.281247 -0.833953
-0.406737 -0.913545 -0.000004
-0.387607 -0.142327 0.910771
-0.330532 0.582378 0.742687
-0.241106 0.874706 0.420424
-0.128084 0.977176 0.169473
-0.002528 0.999994 0.002525
0.123277 0.988158 -0.091357
0.237019 0.963470 -0.124691
0.327566 0.938324 -0.110677
0.386048 0.920268 -0.063826
0.406737 0.913545 -0.000000
0.387606 0.919593 0.064108
0.330532 0.937154 0.111764
0.241106 0.962154 0.126991
0.128084 0.987195 0.095078
0.002528 0.999994 0.002530
-0.123277 0.978794 -0.163600
-0.237020 0.878440 -0.414927
-0.327566 0.587760 -0.739756
-0.386049 -0.139176 -0.911919
-0.309017 -0.951056 0.000007
-0.294701 0.093069 0.951046
-0.251538 0.726217 0.639795
-0.183754 0.923555 0.336571
-0.097987 0.986418 0.131824
-0.002631 0.999993 0.002629
0.092983 0.993322 -0.068304
0.179500 0.979342 -0.093110
0.248450 0.965124 -0.082514
0.293079 0.954905 -0.047550
0.309017 0.951056 -0.000000
0.294702 0.954392 0.047827
0.251538 0.964231 0.083587
0.183754 0.978332 0.095401
0.097987 0.992575 0.072071
0.002632 0.999993 0.002634
-0.092984 0.987742 -0.125381
-0.179500 0.926825 -0.329811
-0.248449 0.731734 -0.634695
-0.293079 0.098065 -0.951046
-0.207909 -0.978148 0.000003
-0.198567 0.436009 0.877763
-0.169786 0.862082 0.477480
-0.124388 0.963641 0.236480
-0.066817 0.993607 0.091002
-0.002706 0.999993 0.002705
0.061671 0.997081 -0.045021
0.120014 0.990857 -0.061633
0.166612 0.984506 -0.054662
0.196900 0.979917 -0.031521
0.207912 0.978148 -0.000000
0.198569 0.979571 0.031794
0.169788 0.983904 0.055725
0.124389 0.990173 0.063918
0.066817 0.996570 0.048819
0.002707 0.999993 0.002708
-0.061670 0.994545 -0.084124
-0.120014 0.966080 -0.228663
-0.166611 0.866762 -0.470068
-0.196896 0.442630 -0.874821
-0.104527 -0.994522 -0.000015
-0.100259 0.814710 0.571135
-0.086177 0.962033 0.258971
-0.063661 0.990251 0.123897
-0.034915 0.998241 0.047918
-0.002752 0.999992 0.002751
0.029683 0.999326 -0.021589
0.059213 0.997788 -0.030229
0.082948 0.996188 -0.027017
0.098563 0.995008 -0.015653
0.104529 0.994522 0.000000
0.100260 0.994834 0.015924
0.086178 0.995884 0.028074
0.063661 0.997442 0.032509
0.034915 0.999067 0.025406
0.002752 0.999992 0.002753
-0.029682 0.998728 -0.040769
-0.059212 0.991556 -0.115370
-0.082949 0.964763 -0.249703
-0.098564 0.820331 -0.563331
0.000000 -0.766047 0.642784
-0.000853 0.999985 0.005388
-0.001624 0.999986 0.004998
-0.002236 0.999988 0.004389
-0.002631 0.999990 0.003621
-0.002767 0.999992 0.002767
-0.002631 0.999995 0.001911
-0.002236 0.999997 0.001140
-0.001624 0.999999 0.000528
-0.000853 1.000000 0.000135
-0.000000 1.000000 -0.000000
0.000853 1.000000 0.000135
0.001623 0.999999 0.000528
0.002237 0.999997 0.001140
0.002631 0.999995 0.001911
0.002767 0.999992 0.002767
0.002631 0.999990 0.003621
0.002237 0.999988 0.004389
0.001624 0.999986 0.004998
0.000854 0.999985 0.005389
0.104527 -0.994522 -0.000014
0.098564 0.820332 -0.563330
0.082948 0.964763 -0.249702
0.059212 0.991556 -0.115370
0.029682 0.998728 -0.040769
-0.002752 0.999992 0.002753
-0.034915 0.999067 0.025406
-0.063662 0.997442 0.032509
-0.086178 0.995884 0.028074
-0.100260 0.994834 0.015924
-0.104529 0.994522 0.000000
-0.098564 0.995008 -0.015653
-0.082949 0.996188 -0.027017
-0.059213 0.997788 -0.030229
-0.029683 0.999326 -0.021589
0.002752 0.999992 0.002751
0.034915 0.998241 0.047918
0.063660 0.990251 0.123897
0.086177 0.962033 0.258971
0.100259 0.814711 0.571135
0.207909 -0.978148 0.000003
0.196896 0.442629 -0.874821
0.166611 0.866762 -0.470068
0.120014 0.966080 -0.228663
0.061670 0.994545 -0.084124
-0.002706 0.999993 0.002708
-0.066817 0.996570 0.048819
-0.124389 0.990173 0.063918
-0.169788 0.983904 0.055725
-0.198569 0.979571 0.031794
-0.207912 0.978148 0.000000
-0.196900 0.979917 -0.031521
-0.166612 0.984506 -0.054662
-0.120014 0.990857 -0.061633
-0.061671 0.997081 -0.045021
0.002706 0.999993 0.002705
0.066817 0.993607 0.091002
0.124388 0.963641 0.236481
0.169786 0.862082 0.477480
0.198567 0.436008 0.877763
0.309017 -0.951056 0.000007
0.293079 0.098064 -0.951046
0.248449 0.731734 -0.634695
0.179500 0.926825 -0.329811
0.092984 0.987742 -0.125381
-0.002632 0.999993 0.002634
-0.097987 0.992575 0.072071
-0.183754 0.978332 0.095401
-0.251538 0.964231 0.083587
-0.294702 0.954392 0.047827
-0.309017 0.951057 0.000000
-0.293079 0.954905 -0.047550
-0.248450 0.965124 -0.082514
-0.179500 0.979342 -0.093110
-0.092983 0.993322 -0.068304
0.002631 0.999993 0.002629
0.097987 0.986418 0.131824
0.183754 0.923555 0.336571
0.251538 0.726217 0.639795
0.294701 0.093069 0.951046
0.406738 -0.913545 -0.000003
0.386049 -0.139176 -0.911919
0.327566 0.587759 -0.739756
0.237020 0.878440 -0.414927
0.123277 0.978794 -0.163600
-0.002528 0.999994 0.002530
-0.128084 0.987195 0.095078
-0.241106 0.962154 0.126991
-0.330532 0.937154 0.111764
-0.387607 0.919593 0.064108
-0.406737 0.913545 0.000000
-0.386048 0.920268 -0.063826
-0.327566 0.938324 -0.110677
-0.237020 0.963470 -0.124691
-0.123277 0.988158 -0.091358
0.002528 0.999994 0.002525
0.128084 0.977176 0.169473
0.241106 0.874706 0.420425
0.330532 0.582377 0.742688
0.387607 -0.142328 0.910771
0.500001 -0.866025 0.000000
0.474787 -0.281246 -0.833953
0.403093 0.455803 -0.793574
0.291942 0.826014 -0.482152
0.152220 0.968306 -0.198021
-0.002396 0.999994 0.002399
-0.156777 0.980590 0.117749
-0.295816 0.941968 0.158715
-0.405905 0.903072 0.140366
-0.476264 0.875589 0.080727
-0.500000 0.866025 -0.000000
-0.474786 0.876417 -0.080439
-0.403093 0.904501 -0.139261
-0.291942 0.943561 -0.156404
-0.152220 0.981740 -0.114090
0.002396 0.999994 0.002393
0.156777 0.966501 0.203218
0.295816 0.822178 0.486329
0.405906 0.451167 0.794789
0.476265 -0.283011 0.832512
0.587785 -0.809017 0.000002
0.558323 -0.354836 -0.749911
0.474204 0.347359 -0.808995
0.343666 0.774253 -0.531438
0.179495 0.956954 -0.228080
-0.002238 0.999995 0.002242
-0.183752 0.972954 0.139982
-0.347285 0.918188 0.190589
-0.476830 0.862497 0.169507
-0.559703 0.822904 0.097782
-0.587785 0.809017 -0.000000
-0.558323 0.823876 -0.097486
-0.474203 0.864164 -0.168378
-0.343666 0.920027 -0.188268
-0.179496 0.974257 -0.136402
0.002238 0.999995 0.002235
0.183752 0.955074 0.232528
0.347285 0.770626 0.534349
0.476830 0.343746 0.808994
0.559703 -0.355637 0.748502
0.669131 -0.743145 -0.000000
0.635743 -0.381013 -0.671313
0.540118 0.266483 -0.798285
0.391625 0.726961 -0.564055
0.204804 0.945428 -0.253420
-0.002056 0.999996 0.002060
-0.208714 0.964522 0.161662
-0.394949 0.891322 0.222622
-0.542532 0.816050 0.199302
-0.637011 0.762171 0.115379
-0.669131 0.743145 0.000000
-0.635743 0.763275 -0.115072
-0.540119 0.817930 -0.198146
-0.391625 0.893366 -0.220289
-0.204804 0.965937 -0.158180
0.002056 0.999996 0.002052
0.208714 0.943582 0.257081
0.394949 0.723778 0.565827
0.542531 0.263937 0.797494
0.637011 -0.381139 0.670038
0.743146 -0.669130 0.000000
0.706198 -0.373910 -0.601228
0.600116 0.212757 -0.771100
0.435293 0.686837 -0.582044
0.227869 0.934380 -0.273880
-0.001851 0.999997 0.001855
-0.231390 0.955560 0.182657
-0.438286 0.861964 0.254801
-0.602289 0.764465 0.229873
-0.707339 0.694128 0.133635
-0.743145 0.669130 0.000000
-0.706197 0.695350 -0.133316
-0.600116 0.766527 -0.228685
-0.435293 0.864167 -0.252458
-0.227869 0.957042 -0.179296
0.001851 0.999997 0.001848
0.231390 0.932669 0.276744
0.438286 0.684250 0.582844
0.602289 0.211206 0.769831
0.707340 -0.373557 0.600105
0.809017 -0.587785 -0.000002
0.768915 -0.342800 -0.539683
0.653539 0.183605 -0.734286
0.474192 0.655504 -0.587755
0.248437 0.924384 -0.289469
-0.001626 0.999997 0.001630
-0.251530 0.946361 0.202816
-0.476820 0.830793 0.287098
-0.655447 0.708581 0.261347
-0.769917 0.619609 0.152685
-0.809017 0.587785 0.000000
-0.768914 0.620935 -0.152351
-0.653538 0.710791 -0.260123
-0.474191 0.833103 -0.284748
-0.248438 0.947860 -0.199602
0.001626 0.999997 0.001623
0.251530 0.922892 0.291553
0.476820 0.653595 0.587755
0.655447 0.182931 0.732752
0.769917 -0.342096 0.538700
0.866024 -0.500002 -0.000000
0.823206 -0.293915 -0.485742
0.699801 0.175684 -0.692397
0.507894 0.633681 -0.583517
0.266284 0.915910 -0.300338
-0.001383 0.999998 0.001387
-0.268915 0.937238 0.221966
-0.510131 0.798571 0.319452
-0.701424 0.649349 0.293854
-0.824060 0.539543 0.172678
-0.866025 0.500000 0.000000
-0.823207 0.540956 -0.172327
-0.699800 0.651669 -0.292587
-0.507895 0.800930 -0.317101
-0.266284 0.938703 -0.218929
0.001383 0.999998 0.001380
0.268914 0.914701 0.301674
0.510131 0.632468 0.582881
0.701424 0.175758 0.690734
0.824060 -0.292951 0.484877
0.913545 -0.406738 0.000001
0.868479 -0.231656 -0.438268
0.738396 0.185578 -0.648330
0.536033 0.621381 -0.571449
0.281212 0.909303 -0.306737
-0.001125 0.999999 0.001128
-0.283353 0.928523 0.239910
-0.537853 0.766143 0.351766
-0.739716 0.587832 0.327526
-0.869174 0.454951 0.193793
-0.913545 0.406737 0.000000
-0.868481 0.456432 -0.193421
-0.738396 0.590218 -0.326212
-0.536034 0.768487 -0.349422
-0.281213 0.929898 -0.237084
0.001125 0.999999 0.001122
0.283352 0.908422 0.307377
0.537853 0.620847 0.570318
0.739716 0.186270 0.646625
0.869174 -0.230495 0.437503
0.951056 -0.309018 -0.000001
0.904239 -0.159293 -0.396205
0.768900 0.210103 -0.603862
0.558300 0.618131 -0.553367
0.293060 0.904786 -0.308995
-0.000855 0.999999 0.000857
-0.294686 0.920548 0.256421
-0.559682 0.734427 0.383893
-0.769904 0.525209 0.362495
-0.904766 0.366937 0.216232
-0.951056 0.309017 0.000000
-0.904239 0.368466 -0.215835
-0.768900 0.527615 -0.361130
-0.558300 0.736686 -0.381568
-0.293061 0.921780 -0.253845
0.000855 0.999999 0.000852
0.294686 0.904257 0.308996
0.559682 0.618228 0.551861
0.769904 0.211295 0.602165
0.904765 -0.157981 0.395527
0.978148 -0.207909 -0.000000
0.930090 -0.079400 -0.358648
0.790982 0.246396 -0.560033
0.574450 0.623129 -0.530771
0.301698 0.902461 -0.307477
-0.000576 1.000000 0.000577
-0.302791 0.913643 0.271245
-0.575379 0.704414 0.415620
-0.791657 0.462786 0.398885
-0.930445 0.276692 0.240237
-0.978148 0.207912 0.000000
-0.930090 0.278250 -0.239812
-0.790981 0.465159 -0.397463
-0.574449 0.706515 -0.413334
-0.301698 0.914679 -0.268961
0.000575 1.000000 0.000574
0.302792 0.902291 0.306900
0.575380 0.623787 0.528987
0.791657 0.247985 0.558374
0.930445 -0.077977 0.358040
0.994522 -0.104527 0.000001
0.945751 0.005887 -0.324839
0.804397 0.291927 -0.517421
0.584305 0.635375 -0.504862
0.307030 0.902322 -0.302568
-0.000289 1.000000 0.000290
-0.307579 0.908122 0.284093
-0.584772 0.677159 0.446652
-0.804735 0.402004 0.436800
-0.945929 0.185498 0.266098
-0.994522 0.104528 -0.000000
-0.945751 0.187061 -0.265637
-0.804396 0.404285 -0.435317
-0.584304 0.679022 -0.444429
-0.307029 0.908913 -0.282152
0.000289 1.000000 0.000288
0.307580 0.902501 0.301475
0.584772 0.636519 0.502877
0.804736 0.293824 0.515817
0.945929 0.007382 0.324289
1.000000 0.000000 0.000000
0.951050 0.094732 -0.294160
0.808997 0.344459 -0.476310
0.587758 0.653766 -0.476582
0.308997 0.904269 -0.294650
0.000000 1.000000 -0.000000
-0.308997 0.904269 0.294650
-0.587758 0.653767 0.476582
-0.808997 0.344459 0.476310
-0.951050 0.094731 0.294159
-1.000000 -0.000000 -0.000000
-0.951050 0.096274 -0.293658
-0.808997 0.346584 -0.474766
-0.587758 0.655312 -0.474455
-0.308997 0.904771 -0.293103
0.000000 1.000000 0.000000
0.308997 0.904771 0.293104
0.587758 0.655312 0.474455
0.808997 0.346585 0.474766
0.951050 0.096275 0.293658
0.994522 0.104527 -0.000001
0.945929 0.185498 -0.266098
0.804736 0.402003 -0.436799
0.584772 0.677158 -0.446653
0.307580 0.908122 -0.284094
0.000289 1.000000 -0.000290
-0.307029 0.902323 0.302567
-0.584304 0.635376 0.504862
-0.804396 0.291927 0.517422
-0.945751 0.005885 0.324839
-0.994522 -0.104529 -0.000000
-0.945929 0.007382 -0.324289
-0.804735 0.293825 -0.515818
-0.584772 0.636519 -0.502877
-0.307579 0.902501 -0.301475
-0.000289 1.000000 -0.000289
0.307030 0.908913 0.282152
0.584305 0.679021 0.444430
0.804396 0.404283 0.435317
0.945751 0.187059 0.265639
0.978148 0.207908 0.000000
0.930445 0.276690 -0.240241
0.791657 0.462784 -0.398885
0.575380 0.704412 -0.415621
0.302792 0.913643 -0.271245
0.000575 1.000000 -0.000577
-0.301698 0.902461 0.307477
-0.574449 0.623130 0.530771
-0.790981 0.246396 0.560034
-0.930090 -0.079403 0.358647
-0.978148 -0.207912 0.000000
-0.930445 -0.077982 -0.358039
-0.791656 0.247986 -0.558376
-0.575379 0.623789 -0.528987
-0.302792 0.902291 -0.306900
-0.000576 1.000000 -0.000574
0.301698 0.914679 0.268961
0.574450 0.706513 0.413335
0.790982 0.465157 0.397463
0.930090 0.278248 0.239814
0.951056 0.309017 0.000001
0.904766 0.366937 -0.216233
0.769904 0.525209 -0.362496
0.559682 0.734426 -0.383893
0.294686 0.920548 -0.256421
0.000855 0.999999 -0.000857
-0.293061 0.904786 0.308996
-0.558300 0.618131 0.553367
-0.768900 0.210103 0.603862
-0.904239 -0.159294 0.396204
-0.951057 -0.309017 0.000001
-0.904766 -0.157982 -0.395525
-0.769904 0.211295 -0.602165
-0.559682 0.618228 -0.551861
-0.294687 0.904257 -0.308996
-0.000855 0.999999 -0.000853
0.293060 0.921780 0.253844
0.558300 0.736686 0.381569
0.768901 0.527615 0.361130
0.904239 0.368466 0.215836
0.913545 0.406738 -0.000001
0.869174 0.454952 -0.193792
0.739716 0.587833 -0.327526
0.537853 0.766143 -0.351766
0.283352 0.928523 -0.239909
0.001125 0.999999 -0.001128
-0.281213 0.909303 0.306738
-0.536034 0.621380 0.571449
-0.738396 0.185580 0.648330
-0.868481 -0.231656 0.438266
-0.913545 -0.406737 -0.000000
-0.869175 -0.230493 -0.437502
-0.739716 0.186270 -0.646625
-0.537853 0.620847 -0.570318
-0.283353 0.908422 -0.307378
-0.001125 0.999999 -0.001123
0.281212 0.929899 0.237083
0.536033 0.768487 0.349422
0.738396 0.590218 0.326212
0.868479 0.456434 0.193421
0.866024 0.500002 0.000000
0.824059 0.539545 -0.172678
0.701424 0.649349 -0.293853
0.510131 0.798572 -0.319452
0.268914 0.937239 -0.221966
0.001383 0.999998 -0.001387
-0.266284 0.915909 0.300338
-0.507895 0.633679 0.583518
-0.699801 0.175686 0.692397
-0.823207 -0.293914 0.485741
-0.866025 -0.500000 -0.000000
-0.824060 -0.292950 -0.484877
-0.701424 0.175759 -0.690734
-0.510131 0.632468 -0.582881
-0.268915 0.914700 -0.301675
-0.001383 0.999998 -0.001380
0.266284 0.938703 0.218929
0.507894 0.800931 0.317100
0.699801 0.651668 0.292587
0.823206 0.540958 0.172327
0.809017 0.587785 0.000001
0.769917 0.619609 -0.152684
0.655448 0.708581 -0.261346
0.476820 0.830793 -0.287098
0.251530 0.946361 -0.202816
0.001626 0.999997 -0.001630
-0.248438 0.924384 0.289470
-0.474192 0.655504 0.587755
-0.653539 0.183607 0.734286
-0.768914 -0.342797 0.539686
-0.809017 -0.587785 0.000001
-0.769917 -0.342094 -0.538702
-0.655447 0.182935 -0.732751
-0.476820 0.653594 -0.587756
-0.251530 0.922892 -0.291553
-0.001626 0.999997 -0.001623
0.248438 0.947860 0.199602
0.474192 0.833103 0.284748
0.653539 0.710791 0.260122
0.768916 0.620933 0.152350
0.743146 0.669130 -0.000000
0.707340 0.694127 -0.133635
0.602289 0.764465 -0.229873
0.438286 0.861964 -0.254801
0.231390 0.955560 -0.182657
0.001851 0.999997 -0.001855
-0.227869 0.934380 0.273880
-0.435293 0.686837 0.582044
-0.600116 0.212757 0.771100
-0.706197 -0.373909 0.601230
-0.743145 -0.669131 0.000001
-0.707339 -0.373557 -0.600106
-0.602288 0.211208 -0.769831
-0.438286 0.684250 -0.582844
-0.231390 0.932669 -0.276744
-0.001851 0.999997 -0.001848
0.227869 0.957042 0.179296
0.435293 0.864167 0.252458
0.600116 0.766527 0.228685
0.706198 0.695350 0.133316
0.669130 0.743145 -0.000000
0.637010 0.762172 -0.115378
0.542531 0.816051 -0.199301
0.394949 0.891322 -0.222621
0.208714 0.964523 -0.161662
0.002056 0.999996 -0.002060
-0.204804 0.945428 0.253420
-0.391625 0.726961 0.564055
-0.540118 0.266484 0.798285
-0.635743 -0.381012 0.671313
-0.669130 -0.743145 0.000000
-0.637010 -0.381138 -0.670039
-0.542531 0.263937 -0.797494
-0.394949 0.723778 -0.565828
-0.208714 0.943582 -0.257081
-0.002056 0.999996 -0.002052
0.204804 0.965937 0.158180
0.391625 0.893366 0.220288
0.540118 0.817931 0.198146
0.635742 0.763276 0.115072
0.587786 0.809017 -0.000000
0.559704 0.822904 -0.097782
0.476831 0.862496 -0.169507
0.347285 0.918188 -0.190589
0.183752 0.972954 -0.139982
0.002238 0.999995 -0.002242
-0.179496 0.956954 0.228080
-0.343666 0.774253 0.531438
-0.474203 0.347361 0.808994
-0.558323 -0.354836 0.749911
-0.587786 -0.809017 0.000001
-0.559703 -0.355634 -0.748503
-0.476830 0.343747 -0.808994
-0.347285 0.770626 -0.534349
-0.183752 0.955074 -0.232528
-0.002238 0.999995 -0.002235
0.179496 0.974257 0.136402
0.343666 0.920027 0.188268
0.474204 0.864164 0.168378
0.558323 0.823876 0.097486
0.500001 0.866025 0.000000
0.476265 0.875588 -0.080727
0.405905 0.903072 -0.140366
0.295816 0.941967 -0.158715
0.156777 0.980590 -0.117749
0.002396 0.999994 -0.002399
-0.152220 0.968306 0.198021
-0.291942 0.826014 0.482152
-0.403093 0.455804 0.793573
-0.474786 -0.281244 0.833954
-0.500000 -0.866025 -0.000001
-0.476264 -0.283011 -0.832513
-0.405905 0.451169 -0.794788
-0.295816 0.822178 -0.486329
-0.156777 0.966501 -0.203218
-0.002396 0.999994 -0.002393
0.152220 0.981739 0.114090
0.291942 0.943561 0.156405
0.403093 0.904501 0.139261
0.474787 0.876417 0.080439
0.406737 0.913545 0.000000
0.387607 0.919593 -0.064108
0.330532 0.937154 -0.111764
0.241106 0.962155 -0.126991
0.128084 0.987195 -0.095078
0.002528 0.999994 -0.002530
-0.123277 0.978794 0.163600
-0.237019 0.878441 0.414926
-0.327566 0.587760 0.739756
-0.386048 -0.139171 0.911920
-0.406736 -0.913546 0.000000
-0.387606 -0.142327 -0.910772
-0.330532 0.582380 -0.742686
-0.241106 0.874707 -0.420424
-0.128084 0.977176 -0.169473
-0.002528 0.999994 -0.002525
0.123277 0.988158 0.091357
0.237020 0.963469 0.124692
0.327566 0.938324 0.110677
0.386048 0.920268 0.063826
0.309018 0.951056 -0.000000
0.294701 0.954392 -0.047827
0.251538 0.964231 -0.083587
0.183754 0.978332 -0.095401
0.097987 0.992575 -0.072071
0.002631 0.999993 -0.002634
-0.092983 0.987742 0.125380
-0.179500 0.926825 0.329811
-0.248449 0.731733 0.634697
-0.293079 0.098059 0.951046
-0.309017 -0.951056 0.000004
-0.294701 0.093067 -0.951047
-0.251538 0.726216 -0.639796
-0.183754 0.923555 -0.336571
-0.097987 0.986418 -0.131824
-0.002632 0.999993 -0.002629
0.092984 0.993322 0.068305
0.179500 0.979342 0.093110
0.248449 0.965124 0.082513
0.293079 0.954905 0.047550
0.207909 0.978148 -0.000000
0.198567 0.979572 -0.031794
0.169787 0.983904 -0.055725
0.124388 0.990173 -0.063917
0.066817 0.996570 -0.048819
0.002706 0.999993 -0.002708
-0.061671 0.994545 0.084125
-0.120014 0.966079 0.228664
-0.166612 0.866761 0.470071
-0.196900 0.442608 0.874831
-0.207912 -0.978148 0.000006
-0.198569 0.435996 -0.877769
-0.169788 0.862080 -0.477483
-0.124389 0.963641 -0.236482
-0.066817 0.993607 -0.091003
-0.002706 0.999993 -0.002705
0.061670 0.997081 0.045020
0.120014 0.990857 0.061633
0.166611 0.984506 0.054662
0.196897 0.979917 0.031521
0.104527 0.994522 0.000000
0.100259 0.994834 -0.015924
0.086177 0.995884 -0.028073
0.063661 0.997442 -0.032509
0.034915 0.999067 -0.025406
0.002752 0.999992 -0.002752
-0.029683 0.998728 0.040770
-0.059213 0.991556 0.115372
-0.082949 0.964763 0.249703
-0.098564 0.820331 0.563331
-0.104529 -0.994522 -0.000002
-0.100261 0.814703 -0.571145
-0.086178 0.962032 -0.258973
-0.063661 0.990251 -0.123899
-0.034915 0.998241 -0.047919
-0.002752 0.999992 -0.002751
0.029682 0.999326 0.021589
0.059212 0.997788 0.030228
0.082949 0.996188 0.027017
0.098564 0.995008 0.015653
