1.375000 0.000000 0.000000
1.361540 0.000000 -0.081117
1.322479 0.000000 -0.154294
1.261641 0.000000 -0.212367
1.184979 0.000000 -0.249652
1.100000 0.000000 -0.262500
1.015020 0.000000 -0.249652
0.938359 0.000000 -0.212367
0.877520 0.000000 -0.154294
0.838459 0.000000 -0.081117
0.825000 0.000000 0.000000
0.838459 0.000000 0.081117
0.877520 0.000000 0.154294
0.938359 0.000000 0.212367
1.015020 0.000000 0.249652
1.100000 0.000000 0.262500
1.184979 0.000000 0.249652
1.261641 0.000000 0.212367
1.322479 0.000000 0.154294
1.361540 0.000000 0.081117
1.367467 0.124128 0.000000
1.354081 0.122913 -0.081117
1.315235 0.119386 -0.154294
1.254729 0.113894 -0.212367
1.178488 0.106974 -0.249652
1.093974 0.099302 -0.262500
1.009460 0.091631 -0.249652
0.933219 0.084710 -0.212367
0.872713 0.079218 -0.154294
0.833866 0.075692 -0.081117
0.820481 0.074477 0.000000
0.833866 0.075692 0.081117
0.872713 0.079218 0.154294
0.933219 0.084710 0.212367
1.009460 0.091631 0.249652
1.093974 0.099302 0.262500
1.178488 0.106974 0.249652
1.254729 0.113894 0.212367
1.315235 0.119386 0.154294
1.354081 0.122913 0.081117
1.344954 0.246895 0.000000
1.331788 0.244478 -0.081117
1.293580 0.237465 -0.154294
1.234071 0.226540 -0.212367
1.159085 0.212775 -0.249652
1.075962 0.197516 -0.262500
0.992840 0.182257 -0.249652
0.917854 0.168492 -0.212367
0.858344 0.157568 -0.154294
0.820137 0.150554 -0.081117
0.806972 0.148137 0.000000
0.820137 0.150554 0.081117
0.858344 0.157568 0.154294
0.917854 0.168492 0.212367
0.992840 0.182257 0.249652
1.075962 0.197516 0.262500
1.159085 0.212775 0.249652
1.234071 0.226540 0.212367
1.293580 0.237465 0.154294
1.331788 0.244478 0.081117
1.307703 0.366958 0.000000
1.294902 0.363366 -0.081117
1.257753 0.352941 -0.154294
1.199892 0.336705 -0.212367
1.126983 0.316245 -0.249652
1.046162 0.293566 -0.262500
0.965342 0.270887 -0.249652
0.892433 0.250428 -0.212367
0.834571 0.234191 -0.154294
0.797422 0.223767 -0.081117
0.784622 0.220175 0.000000
0.797422 0.223767 0.081117
0.834571 0.234191 0.154294
0.892433 0.250428 0.212367
0.965342 0.270887 0.249652
1.046162 0.293566 0.262500
1.126983 0.316245 0.249652
1.199892 0.336705 0.212367
1.257753 0.352941 0.154294
1.294902 0.363366 0.081117
1.256125 0.483000 0.000000
1.243829 0.478272 -0.081117
1.208145 0.464551 -0.154294
1.152567 0.443180 -0.212367
1.082533 0.416251 -0.249652
1.004900 0.386400 -0.262500
0.927267 0.356549 -0.249652
0.857234 0.329620 -0.212367
0.801655 0.308249 -0.154294
0.765971 0.294528 -0.081117
0.753675 0.289800 0.000000
0.765971 0.294528 0.081117
0.801655 0.308249 0.154294
0.857234 0.329620 0.212367
0.927267 0.356549 0.249652
1.004900 0.386400 0.262500
1.082533 0.416251 0.249652
1.152567 0.443180 0.212367
1.208145 0.464551 0.154294
1.243829 0.478272 0.081117
1.190785 0.593750 0.000000
1.179129 0.587938 -0.081117
1.145301 0.571071 -0.154294
1.092613 0.544800 -0.212367
1.026222 0.511696 -0.249652
0.952628 0.475000 -0.262500
0.879033 0.438304 -0.249652
0.812643 0.405200 -0.212367
0.759955 0.378929 -0.154294
0.726127 0.362062 -0.081117
0.714471 0.356250 0.000000
0.726127 0.362062 0.081117
0.759955 0.378929 0.154294
0.812643 0.405201 0.212367
0.879033 0.438304 0.249652
0.952628 0.475000 0.262500
1.026223 0.511696 0.249652
1.092613 0.544800 0.212367
1.145301 0.571071 0.154294
1.179129 0.587938 0.081117
1.112398 0.697995 0.000000
1.101509 0.691163 -0.081117
1.069909 0.671334 -0.154294
1.020689 0.640450 -0.212367
0.958669 0.601534 -0.249652
0.889919 0.558396 -0.262500
0.821169 0.515257 -0.249652
0.759148 0.476342 -0.212367
0.709929 0.445458 -0.154294
0.678328 0.425629 -0.081117
0.667439 0.418797 0.000000
0.678328 0.425629 0.081117
0.709929 0.445458 0.154294
0.759149 0.476342 0.212367
0.821169 0.515257 0.249652
0.889919 0.558396 0.262500
0.958669 0.601534 0.249652
1.020689 0.640450 0.212367
1.069909 0.671334 0.154294
1.101509 0.691163 0.081117
1.021824 0.794593 0.000000
1.011822 0.786815 -0.081117
0.982794 0.764242 -0.154294
0.937582 0.729084 -0.212367
0.880611 0.684783 -0.249652
0.817459 0.635674 -0.262500
0.754307 0.586566 -0.249652
0.697337 0.542264 -0.212367
0.652125 0.507106 -0.154294
0.623097 0.484534 -0.081117
0.613094 0.476756 0.000000
0.623097 0.484534 0.081117
0.652125 0.507106 0.154294
0.697337 0.542264 0.212367
0.754307 0.586566 0.249652
0.817459 0.635674 0.262500
0.880611 0.684783 0.249652
0.937582 0.729084 0.212367
0.982794 0.764242 0.154294
1.011822 0.786815 0.081117
0.920055 0.882485 0.000000
0.911048 0.873846 -0.081117
0.884912 0.848777 -0.154294
0.844202 0.809730 -0.212367
0.792906 0.760528 -0.249652
0.736044 0.705988 -0.262500
0.679181 0.651447 -0.249652
0.627885 0.602245 -0.212367
0.587176 0.563199 -0.154294
0.561039 0.538129 -0.081117
0.552033 0.529491 0.000000
0.561039 0.538129 0.081117
0.587176 0.563199 0.154294
0.627885 0.602245 0.212367
0.679181 0.651447 0.249652
0.736044 0.705988 0.262500
0.792906 0.760528 0.249652
0.844202 0.809730 0.212367
0.884912 0.848777 0.154294
0.911048 0.873846 0.081117
0.808205 0.960707 0.000000
0.800293 0.951303 -0.081117
0.777334 0.924012 -0.154294
0.741574 0.881504 -0.212367
0.696514 0.827941 -0.249652
0.646564 0.768566 -0.262500
0.596614 0.709191 -0.249652
0.551554 0.655628 -0.212367
0.515794 0.613120 -0.154294
0.492834 0.585829 -0.081117
0.484923 0.576425 0.000000
0.492834 0.585829 0.081117
0.515794 0.613120 0.154294
0.551554 0.655628 0.212367
0.596614 0.709191 0.249652
0.646564 0.768566 0.262500
0.696514 0.827941 0.249652
0.741574 0.881504 0.212367
0.777334 0.924012 0.154294
0.800293 0.951303 0.081117
0.687500 1.028405 0.000000
0.680770 1.018338 -0.081117
0.661240 0.989124 -0.154294
0.630820 0.943620 -0.212367
0.592490 0.886283 -0.249652
0.550000 0.822724 -0.262500
0.507510 0.759165 -0.249652
0.469179 0.701828 -0.212367
0.438760 0.656325 -0.154294
0.419230 0.627110 -0.081117
0.412500 0.617043 0.000000
0.419230 0.627110 0.081117
0.438760 0.656325 0.154294
0.469179 0.701828 0.212367
0.507510 0.759165 0.249652
0.550000 0.822724 0.262500
0.592490 0.886283 0.249652
0.630820 0.943620 0.212367
0.661240 0.989124 0.154294
0.680770 1.018338 0.081117
0.559263 1.084835 0.000000
0.553788 1.074216 -0.081117
0.537901 1.043398 -0.154294
0.513156 0.995399 -0.212367
0.481975 0.934915 -0.249652
0.447410 0.867868 -0.262500
0.412846 0.800822 -0.249652
0.381665 0.740338 -0.212367
0.356920 0.692338 -0.154294
0.341032 0.661520 -0.081117
0.335558 0.650901 0.000000
0.341032 0.661520 0.081117
0.356920 0.692338 0.154294
0.381665 0.740338 0.212367
0.412846 0.800822 0.249652
0.447410 0.867868 0.262500
0.481975 0.934915 0.249652
0.513156 0.995399 0.212367
0.537901 1.043398 0.154294
0.553788 1.074216 0.081117
0.424898 1.129380 0.000000
0.420739 1.118325 -0.081117
0.408669 1.086241 -0.154294
0.389868 1.036270 -0.212367
0.366179 0.973303 -0.249652
0.339919 0.903504 -0.262500
0.313659 0.833704 -0.249652
0.289969 0.770737 -0.212367
0.271169 0.720766 -0.154294
0.259098 0.688683 -0.081117
0.254939 0.677628 0.000000
0.259098 0.688683 0.081117
0.271169 0.720766 0.154294
0.289969 0.770737 0.212367
0.313659 0.833704 0.249652
0.339919 0.903504 0.262500
0.366179 0.973303 0.249652
0.389868 1.036270 0.212367
0.408669 1.086241 0.154294
0.420739 1.118325 0.081117
0.285879 1.161551 0.000000
0.283080 1.150180 -0.081117
0.274959 1.117183 -0.154294
0.262310 1.065789 -0.212367
0.246371 1.001028 -0.249652
0.228703 0.929240 -0.262500
0.211035 0.857453 -0.249652
0.195096 0.792692 -0.212367
0.182447 0.741297 -0.154294
0.174325 0.708300 -0.081117
0.171527 0.696930 0.000000
0.174325 0.708300 0.081117
0.182447 0.741297 0.154294
0.195096 0.792692 0.212367
0.211035 0.857453 0.249652
0.228703 0.929240 0.262500
0.246371 1.001028 0.249652
0.262310 1.065789 0.212367
0.274959 1.117183 0.154294
0.283080 1.150180 0.081117
0.143727 1.180994 0.000000
0.142320 1.169434 -0.081117
0.138237 1.135885 -0.154294
0.131877 1.083630 -0.212367
0.123864 1.017785 -0.249652
0.114981 0.944796 -0.262500
0.106098 0.871806 -0.249652
0.098085 0.805962 -0.212367
0.091726 0.753707 -0.154294
0.087643 0.720157 -0.081117
0.086236 0.708597 0.000000
0.087643 0.720157 0.081117
0.091726 0.753707 0.154294
0.098085 0.805962 0.212367
0.106098 0.871806 0.249652
0.114981 0.944796 0.262500
0.123864 1.017785 0.249652
0.131877 1.083630 0.212367
0.138237 1.135885 0.154294
0.142320 1.169434 0.081117
-0.000000 1.187500 0.000000
-0.000000 1.175876 -0.081117
-0.000000 1.142141 -0.154294
-0.000000 1.089599 -0.212367
-0.000000 1.023391 -0.249652
-0.000000 0.950000 -0.262500
-0.000000 0.876609 -0.249652
-0.000000 0.810401 -0.212367
-0.000000 0.757858 -0.154294
-0.000000 0.724124 -0.081117
-0.000000 0.712500 0.000000
-0.000000 0.724124 0.081117
-0.000000 0.757859 0.154294
-0.000000 0.810401 0.212367
-0.000000 0.876608 0.249652
-0.000000 0.950000 0.262500
-0.000000 1.023391 0.249652
-0.000000 1.089599 0.212367
-0.000000 1.142141 0.154294
-0.000000 1.175876 0.081117
-0.143727 1.180994 0.000000
-0.142320 1.169434 -0.081117
-0.138237 1.135885 -0.154294
-0.131877 1.083630 -0.212367
-0.123864 1.017785 -0.249652
-0.114981 0.944796 -0.262500
-0.106099 0.871806 -0.249652
-0.098085 0.805962 -0.212367
-0.091726 0.753707 -0.154294
-0.087643 0.720157 -0.081117
-0.086236 0.708597 0.000000
-0.087643 0.720157 0.081117
-0.091726 0.753707 0.154294
-0.098085 0.805962 0.212367
-0.106099 0.871806 0.249652
-0.114981 0.944796 0.262500
-0.123864 1.017785 0.249652
-0.131877 1.083630 0.212367
-0.138237 1.135885 0.154294
-0.142320 1.169434 0.081117
-0.285879 1.161551 0.000000
-0.283080 1.150180 -0.081117
-0.274959 1.117183 -0.154294
-0.262310 1.065789 -0.212367
-0.246371 1.001028 -0.249652
-0.228703 0.929240 -0.262500
-0.211035 0.857452 -0.249652
-0.195096 0.792692 -0.212367
-0.182447 0.741297 -0.154294
-0.174326 0.708300 -0.081117
-0.171527 0.696930 0.000000
-0.174326 0.708300 0.081117
-0.182447 0.741297 0.154294
-0.195096 0.792692 0.212367
-0.211035 0.857452 0.249652
-0.228703 0.929240 0.262500
-0.246371 1.001028 0.249652
-0.262310 1.065789 0.212367
-0.274959 1.117183 0.154294
-0.283080 1.150180 0.081117
-0.424898 1.129380 0.000000
-0.420739 1.118325 -0.081117
-0.408669 1.086241 -0.154294
-0.389868 1.036270 -0.212367
-0.366179 0.973303 -0.249652
-0.339919 0.903504 -0.262500
-0.313659 0.833704 -0.249652
-0.289969 0.770737 -0.212367
-0.271169 0.720766 -0.154294
-0.259098 0.688683 -0.081117
-0.254939 0.677628 0.000000
-0.259098 0.688683 0.081117
-0.271169 0.720766 0.154294
-0.289969 0.770737 0.212367
-0.313659 0.833704 0.249652
-0.339919 0.903504 0.262500
-0.366179 0.973303 0.249652
-0.389868 1.036270 0.212367
-0.408669 1.086241 0.154294
-0.420739 1.118325 0.081117
-0.559263 1.084835 0.000000
-0.553789 1.074216 -0.081117
-0.537901 1.043398 -0.154294
-0.513156 0.995399 -0.212367
-0.481975 0.934915 -0.249652
-0.447410 0.867868 -0.262500
-0.412846 0.800822 -0.249652
-0.381665 0.740338 -0.212367
-0.356920 0.692338 -0.154294
-0.341032 0.661520 -0.081117
-0.335558 0.650901 0.000000
-0.341032 0.661520 0.081117
-0.356920 0.692338 0.154294
-0.381665 0.740338 0.212367
-0.412846 0.800822 0.249652
-0.447410 0.867868 0.262500
-0.481975 0.934915 0.249652
-0.513156 0.995399 0.212367
-0.537901 1.043398 0.154294
-0.553789 1.074216 0.081117
-0.687500 1.028405 0.000000
-0.680770 1.018338 -0.081117
-0.661240 0.989124 -0.154294
-0.630821 0.943620 -0.212367
-0.592490 0.886283 -0.249652
-0.550000 0.822724 -0.262500
-0.507510 0.759165 -0.249652
-0.469180 0.701828 -0.212367
-0.438760 0.656325 -0.154294
-0.419230 0.627110 -0.081117
-0.412500 0.617043 0.000000
-0.419230 0.627110 0.081117
-0.438760 0.656325 0.154294
-0.469180 0.701828 0.212367
-0.507510 0.759165 0.249652
-0.550000 0.822724 0.262500
-0.592490 0.886283 0.249652
-0.630821 0.943620 0.212367
-0.661240 0.989124 0.154294
-0.680770 1.018338 0.081117
-0.808205 0.960707 0.000000
-0.800293 0.951303 -0.081117
-0.777334 0.924012 -0.154294
-0.741574 0.881504 -0.212367
-0.696514 0.827941 -0.249652
-0.646564 0.768566 -0.262500
-0.596614 0.709191 -0.249652
-0.551554 0.655628 -0.212367
-0.515793 0.613120 -0.154294
-0.492834 0.585829 -0.081117
-0.484923 0.576425 0.000000
-0.492834 0.585829 0.081117
-0.515793 0.613120 0.154294
-0.551554 0.655628 0.212367
-0.596614 0.709191 0.249652
-0.646564 0.768566 0.262500
-0.696514 0.827941 0.249652
-0.741574 0.881504 0.212367
-0.777334 0.924012 0.154294
-0.800293 0.951303 0.081117
-0.920055 0.882484 0.000000
-0.911049 0.873846 -0.081117
-0.884912 0.848777 -0.154294
-0.844203 0.809730 -0.212367
-0.792906 0.760528 -0.249652
-0.736044 0.705988 -0.262500
-0.679181 0.651447 -0.249652
-0.627885 0.602245 -0.212367
-0.587176 0.563199 -0.154294
-0.561039 0.538129 -0.081117
-0.552033 0.529491 0.000000
-0.561039 0.538129 0.081117
-0.587176 0.563199 0.154294
-0.627885 0.602245 0.212367
-0.679181 0.651447 0.249652
-0.736044 0.705988 0.262500
-0.792906 0.760528 0.249652
-0.844203 0.809730 0.212367
-0.884912 0.848777 0.154294
-0.911049 0.873846 0.081117
-1.021824 0.794593 0.000000
-1.011822 0.786815 -0.081117
-0.982794 0.764242 -0.154294
-0.937582 0.729084 -0.212367
-0.880611 0.684783 -0.249652
-0.817459 0.635674 -0.262500
-0.754307 0.586566 -0.249652
-0.697337 0.542264 -0.212367
-0.652125 0.507106 -0.154294
-0.623097 0.484534 -0.081117
-0.613094 0.476756 0.000000
-0.623097 0.484534 0.081117
-0.652125 0.507106 0.154294
-0.697337 0.542264 0.212367
-0.754307 0.586566 0.249652
-0.817459 0.635674 0.262500
-0.880611 0.684783 0.249652
-0.937582 0.729084 0.212367
-0.982794 0.764242 0.154294
-1.011822 0.786815 0.081117
-1.112398 0.697995 0.000000
-1.101509 0.691162 -0.081117
-1.069909 0.671334 -0.154294
-1.020689 0.640450 -0.212367
-0.958669 0.601534 -0.249652
-0.889919 0.558396 -0.262500
-0.821169 0.515257 -0.249652
-0.759149 0.476342 -0.212367
-0.709929 0.445458 -0.154294
-0.678328 0.425629 -0.081117
-0.667439 0.418797 0.000000
-0.678328 0.425629 0.081117
-0.709929 0.445458 0.154294
-0.759149 0.476342 0.212367
-0.821169 0.515257 0.249652
-0.889919 0.558396 0.262500
-0.958669 0.601534 0.249652
-1.020689 0.640450 0.212367
-1.069909 0.671334 0.154294
-1.101509 0.691162 0.081117
-1.190785 0.593750 0.000000
-1.179129 0.587938 -0.081117
-1.145301 0.571071 -0.154294
-1.092613 0.544800 -0.212367
-1.026222 0.511696 -0.249652
-0.952628 0.475000 -0.262500
-0.879033 0.438304 -0.249652
-0.812643 0.405201 -0.212367
-0.759955 0.378929 -0.154294
-0.726127 0.362062 -0.081117
-0.714471 0.356250 0.000000
-0.726127 0.362062 0.081117
-0.759955 0.378929 0.154294
-0.812643 0.405201 0.212367
-0.879033 0.438304 0.249652
-0.952628 0.475000 0.262500
-1.026223 0.511696 0.249652
-1.092613 0.544800 0.212367
-1.145301 0.571071 0.154294
-1.179129 0.587938 0.081117
-1.256125 0.483000 0.000000
-1.243829 0.478272 -0.081117
-1.208145 0.464551 -0.154294
-1.152567 0.443180 -0.212367
-1.082533 0.416251 -0.249652
-1.004900 0.386400 -0.262500
-0.927267 0.356549 -0.249652
-0.857234 0.329620 -0.212367
-0.801655 0.308249 -0.154294
-0.765971 0.294528 -0.081117
-0.753675 0.289800 0.000000
-0.765971 0.294528 0.081117
-0.801655 0.308249 0.154294
-0.857234 0.329620 0.212367
-0.927267 0.356549 0.249652
-1.004900 0.386400 0.262500
-1.082533 0.416251 0.249652
-1.152567 0.443180 0.212367
-1.208145 0.464551 0.154294
-1.243829 0.478272 0.081117
-1.307703 0.366958 0.000000
-1.294902 0.363366 -0.081117
-1.257753 0.352941 -0.154294
-1.199892 0.336705 -0.212367
-1.126983 0.316245 -0.249652
-1.046162 0.293566 -0.262500
-0.965342 0.270887 -0.249652
-0.892432 0.250428 -0.212367
-0.834571 0.234191 -0.154294
-0.797422 0.223767 -0.081117
-0.784622 0.220175 0.000000
-0.797422 0.223767 0.081117
-0.834571 0.234191 0.154294
-0.892433 0.250428 0.212367
-0.965342 0.270887 0.249652
-1.046162 0.293566 0.262500
-1.126983 0.316245 0.249652
-1.199892 0.336705 0.212367
-1.257753 0.352941 0.154294
-1.294902 0.363366 0.081117
-1.344954 0.246895 0.000000
-1.331788 0.244478 -0.081117
-1.293580 0.237464 -0.154294
-1.234071 0.226540 -0.212367
-1.159085 0.212775 -0.249652
-1.075962 0.197516 -0.262500
-0.992840 0.182257 -0.249652
-0.917854 0.168492 -0.212367
-0.858344 0.157568 -0.154294
-0.820137 0.150554 -0.081117
-0.806972 0.148137 0.000000
-0.820137 0.150554 0.081117
-0.858344 0.157568 0.154294
-0.917854 0.168492 0.212367
-0.992840 0.182257 0.249652
-1.075962 0.197516 0.262500
-1.159085 0.212775 0.249652
-1.234071 0.226540 0.212367
-1.293580 0.237464 0.154294
-1.331788 0.244478 0.081117
-1.367467 0.124128 0.000000
-1.354081 0.122913 -0.081117
-1.315235 0.119386 -0.154294
-1.254729 0.113894 -0.212367
-1.178488 0.106974 -0.249652
-1.093974 0.099302 -0.262500
-1.009460 0.091631 -0.249652
-0.933219 0.084710 -0.212367
-0.872713 0.079218 -0.154294
-0.833866 0.075692 -0.081117
-0.820481 0.074477 0.000000
-0.833866 0.075692 0.081117
-0.872713 0.079218 0.154294
-0.933219 0.084710 0.212367
-1.009460 0.091631 0.249652
-1.093974 0.099302 0.262500
-1.178488 0.106974 0.249652
-1.254729 0.113894 0.212367
-1.315235 0.119386 0.154294
-1.354081 0.122913 0.081117
-1.375000 -0.000000 0.000000
-1.361540 -0.000000 -0.081117
-1.322479 -0.000000 -0.154294
-1.261641 -0.000000 -0.212367
-1.184979 -0.000000 -0.249652
-1.100000 -0.000000 -0.262500
-1.015020 -0.000000 -0.249652
-0.938359 -0.000000 -0.212367
-0.877520 -0.000000 -0.154294
-0.838459 -0.000000 -0.081117
-0.825000 -0.000000 0.000000
-0.838459 -0.000000 0.081117
-0.877520 -0.000000 0.154294
-0.938359 -0.000000 0.212367
-1.015020 -0.000000 0.249652
-1.100000 -0.000000 0.262500
-1.184979 -0.000000 0.249652
-1.261641 -0.000000 0.212367
-1.322479 -0.000000 0.154294
-1.361540 -0.000000 0.081117
-1.367467 -0.124127 0.000000
-1.354081 -0.122913 -0.081117
-1.315235 -0.119386 -0.154294
-1.254729 -0.113894 -0.212367
-1.178488 -0.106974 -0.249652
-1.093974 -0.099302 -0.262500
-1.009460 -0.091631 -0.249652
-0.933219 -0.084710 -0.212367
-0.872713 -0.079218 -0.154294
-0.833866 -0.075692 -0.081117
-0.820481 -0.074477 0.000000
-0.833866 -0.075692 0.081117
-0.872713 -0.079218 0.154294
-0.933219 -0.084710 0.212367
-1.009460 -0.091631 0.249652
-1.093974 -0.099302 0.262500
-1.178488 -0.106974 0.249652
-1.254729 -0.113894 0.212367
-1.315235 -0.119386 0.154294
-1.354081 -0.122913 0.081117
-1.344954 -0.246895 0.000000
-1.331788 -0.244479 -0.081117
-1.293580 -0.237465 -0.154294
-1.234071 -0.226541 -0.212367
-1.159085 -0.212775 -0.249652
-1.075962 -0.197516 -0.262500
-0.992840 -0.182257 -0.249652
-0.917854 -0.168492 -0.212367
-0.858344 -0.157568 -0.154294
-0.820137 -0.150554 -0.081117
-0.806972 -0.148137 0.000000
-0.820137 -0.150554 0.081117
-0.858344 -0.157568 0.154294
-0.917854 -0.168492 0.212367
-0.992840 -0.182257 0.249652
-1.075962 -0.197516 0.262500
-1.159085 -0.212775 0.249652
-1.234071 -0.226541 0.212367
-1.293580 -0.237465 0.154294
-1.331788 -0.244479 0.081117
-1.307703 -0.366958 0.000000
-1.294902 -0.363366 -0.081117
-1.257753 -0.352941 -0.154294
-1.199892 -0.336705 -0.212367
-1.126983 -0.316245 -0.249652
-1.046162 -0.293566 -0.262500
-0.965342 -0.270887 -0.249652
-0.892433 -0.250428 -0.212367
-0.834571 -0.234191 -0.154294
-0.797422 -0.223767 -0.081117
-0.784622 -0.220175 0.000000
-0.797422 -0.223767 0.081117
-0.834571 -0.234191 0.154294
-0.892433 -0.250428 0.212367
-0.965342 -0.270887 0.249652
-1.046162 -0.293566 0.262500
-1.126983 -0.316245 0.249652
-1.199892 -0.336705 0.212367
-1.257753 -0.352941 0.154294
-1.294902 -0.363366 0.081117
-1.256125 -0.483000 0.000000
-1.243829 -0.478272 -0.081117
-1.208145 -0.464551 -0.154294
-1.152567 -0.443180 -0.212367
-1.082533 -0.416251 -0.249652
-1.004900 -0.386400 -0.262500
-0.927267 -0.356549 -0.249652
-0.857234 -0.329620 -0.212367
-0.801655 -0.308249 -0.154294
-0.765971 -0.294528 -0.081117
-0.753675 -0.289800 0.000000
-0.765971 -0.294528 0.081117
-0.801655 -0.308249 0.154294
-0.857234 -0.329620 0.212367
-0.927267 -0.356549 0.249652
-1.004900 -0.386400 0.262500
-1.082533 -0.416251 0.249652
-1.152567 -0.443180 0.212367
-1.208145 -0.464551 0.154294
-1.243829 -0.478272 0.081117
-1.190785 -0.593750 0.000000
-1.179129 -0.587938 -0.081117
-1.145301 -0.571071 -0.154294
-1.092613 -0.544799 -0.212367
-1.026222 -0.511696 -0.249652
-0.952628 -0.475000 -0.262500
-0.879033 -0.438304 -0.249652
-0.812643 -0.405200 -0.212367
-0.759955 -0.378929 -0.154294
-0.726127 -0.362062 -0.081117
-0.714471 -0.356250 0.000000
-0.726127 -0.362062 0.081117
-0.759955 -0.378929 0.154294
-0.812643 -0.405200 0.212367
-0.879033 -0.438304 0.249652
-0.952628 -0.475000 0.262500
-1.026223 -0.511696 0.249652
-1.092613 -0.544799 0.212367
-1.145301 -0.571071 0.154294
-1.179129 -0.587938 0.081117
-1.112398 -0.697995 0.000000
-1.101509 -0.691163 -0.081117
-1.069909 -0.671334 -0.154294
-1.020689 -0.640450 -0.212367
-0.958669 -0.601535 -0.249652
-0.889919 -0.558396 -0.262500
-0.821169 -0.515258 -0.249652
-0.759148 -0.476342 -0.212367
-0.709929 -0.445458 -0.154294
-0.678328 -0.425630 -0.081117
-0.667439 -0.418797 0.000000
-0.678328 -0.425630 0.081117
-0.709929 -0.445458 0.154294
-0.759148 -0.476342 0.212367
-0.821169 -0.515258 0.249652
-0.889919 -0.558396 0.262500
-0.958669 -0.601535 0.249652
-1.020689 -0.640450 0.212367
-1.069908 -0.671334 0.154294
-1.101509 -0.691163 0.081117
-1.021824 -0.794593 0.000000
-1.011822 -0.786815 -0.081117
-0.982794 -0.764242 -0.154294
-0.937582 -0.729084 -0.212367
-0.880611 -0.684783 -0.249652
-0.817459 -0.635674 -0.262500
-0.754307 -0.586566 -0.249652
-0.697337 -0.542264 -0.212367
-0.652125 -0.507106 -0.154294
-0.623097 -0.484534 -0.081117
-0.613094 -0.476756 0.000000
-0.623097 -0.484534 0.081117
-0.652125 -0.507106 0.154294
-0.697337 -0.542264 0.212367
-0.754307 -0.586566 0.249652
-0.817459 -0.635674 0.262500
-0.880611 -0.684783 0.249652
-0.937582 -0.729084 0.212367
-0.982794 -0.764242 0.154294
-1.011822 -0.786815 0.081117
-0.920054 -0.882485 0.000000
-0.911048 -0.873846 -0.081117
-0.884912 -0.848777 -0.154294
-0.844202 -0.809730 -0.212367
-0.792906 -0.760528 -0.249652
-0.736044 -0.705988 -0.262500
-0.679181 -0.651447 -0.249652
-0.627885 -0.602245 -0.212367
-0.587176 -0.563199 -0.154294
-0.561039 -0.538129 -0.081117
-0.552033 -0.529491 0.000000
-0.561039 -0.538129 0.081117
-0.587176 -0.563199 0.154294
-0.627885 -0.602245 0.212367
-0.679181 -0.651447 0.249652
-0.736044 -0.705988 0.262500
-0.792906 -0.760528 0.249652
-0.844202 -0.809730 0.212367
-0.884912 -0.848777 0.154294
-0.911048 -0.873846 0.081117
-0.808204 -0.960707 0.000000
-0.800293 -0.951303 -0.081117
-0.777334 -0.924012 -0.154294
-0.741574 -0.881504 -0.212367
-0.696513 -0.827941 -0.249652
-0.646564 -0.768566 -0.262500
-0.596614 -0.709191 -0.249652
-0.551553 -0.655628 -0.212367
-0.515793 -0.613120 -0.154294
-0.492834 -0.585829 -0.081117
-0.484923 -0.576425 0.000000
-0.492834 -0.585829 0.081117
-0.515793 -0.613120 0.154294
-0.551554 -0.655628 0.212367
-0.596614 -0.709191 0.249652
-0.646564 -0.768566 0.262500
-0.696513 -0.827941 0.249652
-0.741574 -0.881504 0.212367
-0.777334 -0.924012 0.154294
-0.800293 -0.951303 0.081117
-0.687500 -1.028405 0.000000
-0.680770 -1.018338 -0.081117
-0.661240 -0.989124 -0.154294
-0.630820 -0.943620 -0.212367
-0.592490 -0.886283 -0.249652
-0.550000 -0.822724 -0.262500
-0.507510 -0.759165 -0.249652
-0.469179 -0.701828 -0.212367
-0.438760 -0.656325 -0.154294
-0.419230 -0.627110 -0.081117
-0.412500 -0.617043 0.000000
-0.419230 -0.627110 0.081117
-0.438760 -0.656325 0.154294
-0.469179 -0.701828 0.212367
-0.507510 -0.759165 0.249652
-0.550000 -0.822724 0.262500
-0.592490 -0.886283 0.249652
-0.630820 -0.943620 0.212367
-0.661240 -0.989124 0.154294
-0.680770 -1.018338 0.081117
-0.559263 -1.084835 0.000000
-0.553788 -1.074216 -0.081117
-0.537901 -1.043398 -0.154294
-0.513156 -0.995399 -0.212367
-0.481975 -0.934915 -0.249652
-0.447410 -0.867868 -0.262500
-0.412846 -0.800822 -0.249652
-0.381665 -0.740338 -0.212367
-0.356920 -0.692338 -0.154294
-0.341032 -0.661520 -0.081117
-0.335558 -0.650901 0.000000
-0.341032 -0.661520 0.081117
-0.356920 -0.692338 0.154294
-0.381665 -0.740338 0.212367
-0.412846 -0.800822 0.249652
-0.447410 -0.867868 0.262500
-0.481975 -0.934915 0.249652
-0.513156 -0.995399 0.212367
-0.537901 -1.043398 0.154294
-0.553788 -1.074216 0.081117
-0.424899 -1.129380 0.000000
-0.420739 -1.118325 -0.081117
-0.408669 -1.086241 -0.154294
-0.389869 -1.036270 -0.212367
-0.366179 -0.973303 -0.249652
-0.339919 -0.903504 -0.262500
-0.313659 -0.833704 -0.249652
-0.289969 -0.770737 -0.212367
-0.271169 -0.720766 -0.154294
-0.259098 -0.688683 -0.081117
-0.254939 -0.677628 0.000000
-0.259098 -0.688683 0.081117
-0.271169 -0.720766 0.154294
-0.289969 -0.770737 0.212367
-0.313659 -0.833704 0.249652
-0.339919 -0.903504 0.262500
-0.366179 -0.973303 0.249652
-0.389869 -1.036270 0.212367
-0.408669 -1.086241 0.154294
-0.420739 -1.118325 0.081117
-0.285879 -1.161551 0.000000
-0.283080 -1.150180 -0.081117
-0.274959 -1.117183 -0.154294
-0.262310 -1.065789 -0.212367
-0.246371 -1.001028 -0.249652
-0.228703 -0.929240 -0.262500
-0.211035 -0.857452 -0.249652
-0.195096 -0.792692 -0.212367
-0.182447 -0.741297 -0.154294
-0.174326 -0.708300 -0.081117
-0.171527 -0.696930 0.000000
-0.174326 -0.708300 0.081117
-0.182447 -0.741297 0.154294
-0.195096 -0.792692 0.212367
-0.211035 -0.857452 0.249652
-0.228703 -0.929240 0.262500
-0.246371 -1.001028 0.249652
-0.262310 -1.065789 0.212367
-0.274959 -1.117183 0.154294
-0.283080 -1.150180 0.081117
-0.143726 -1.180994 0.000000
-0.142320 -1.169434 -0.081117
-0.138237 -1.135885 -0.154294
-0.131877 -1.083630 -0.212367
-0.123864 -1.017785 -0.249652
-0.114981 -0.944796 -0.262500
-0.106098 -0.871806 -0.249652
-0.098085 -0.805962 -0.212367
-0.091726 -0.753707 -0.154294
-0.087643 -0.720157 -0.081117
-0.086236 -0.708597 0.000000
-0.087643 -0.720157 0.081117
-0.091726 -0.753707 0.154294
-0.098085 -0.805962 0.212367
-0.106098 -0.871806 0.249652
-0.114981 -0.944796 0.262500
-0.123864 -1.017785 0.249652
-0.131877 -1.083630 0.212367
-0.138237 -1.135885 0.154294
-0.142320 -1.169434 0.081117
0.000000 -1.187500 0.000000
0.000000 -1.175876 -0.081117
0.000000 -1.142141 -0.154294
0.000000 -1.089599 -0.212367
0.000000 -1.023391 -0.249652
0.000000 -0.950000 -0.262500
0.000000 -0.876609 -0.249652
0.000000 -0.810401 -0.212367
0.000000 -0.757858 -0.154294
0.000000 -0.724124 -0.081117
0.000000 -0.712500 0.000000
0.000000 -0.724124 0.081117
0.000000 -0.757859 0.154294
0.000000 -0.810401 0.212367
0.000000 -0.876608 0.249652
0.000000 -0.950000 0.262500
0.000000 -1.023391 0.249652
0.000000 -1.089599 0.212367
0.000000 -1.142141 0.154294
0.000000 -1.175876 0.081117
0.143726 -1.180994 0.000000
0.142320 -1.169434 -0.081117
0.138237 -1.135885 -0.154294
0.131877 -1.083630 -0.212367
0.123864 -1.017785 -0.249652
0.114981 -0.944796 -0.262500
0.106098 -0.871806 -0.249652
0.098085 -0.805962 -0.212367
0.091726 -0.753707 -0.154294
0.087643 -0.720157 -0.081117
0.086236 -0.708597 0.000000
0.087643 -0.720157 0.081117
0.091726 -0.753707 0.154294
0.098085 -0.805962 0.212367
0.106098 -0.871806 0.249652
0.114981 -0.944796 0.262500
0.123864 -1.017785 0.249652
0.131877 -1.083630 0.212367
0.138237 -1.135885 0.154294
0.142320 -1.169434 0.081117
0.285878 -1.161551 0.000000
0.283080 -1.150180 -0.081117
0.274959 -1.117183 -0.154294
0.262310 -1.065789 -0.212367
0.246371 -1.001028 -0.249652
0.228703 -0.929240 -0.262500
0.211034 -0.857453 -0.249652
0.195096 -0.792692 -0.212367
0.182447 -0.741297 -0.154294
0.174325 -0.708300 -0.081117
0.171527 -0.696930 0.000000
0.174325 -0.708300 0.081117
0.182447 -0.741297 0.154294
0.195096 -0.792692 0.212367
0.211034 -0.857453 0.249652
0.228703 -0.929240 0.262500
0.246371 -1.001028 0.249652
0.262310 -1.065789 0.212367
0.274959 -1.117183 0.154294
0.283080 -1.150180 0.081117
0.424899 -1.129380 0.000000
0.420739 -1.118325 -0.081117
0.408669 -1.086241 -0.154294
0.389869 -1.036270 -0.212367
0.366179 -0.973303 -0.249652
0.339919 -0.903504 -0.262500
0.313659 -0.833704 -0.249652
0.289969 -0.770737 -0.212367
0.271169 -0.720766 -0.154294
0.259098 -0.688683 -0.081117
0.254939 -0.677628 0.000000
0.259098 -0.688683 0.081117
0.271169 -0.720766 0.154294
0.289969 -0.770737 0.212367
0.313659 -0.833704 0.249652
0.339919 -0.903504 0.262500
0.366179 -0.973303 0.249652
0.389869 -1.036270 0.212367
0.408669 -1.086241 0.154294
0.420739 -1.118325 0.081117
0.559263 -1.084835 0.000000
0.553789 -1.074216 -0.081117
0.537901 -1.043398 -0.154294
0.513156 -0.995399 -0.212367
0.481975 -0.934915 -0.249652
0.447410 -0.867868 -0.262500
0.412846 -0.800822 -0.249652
0.381665 -0.740338 -0.212367
0.356920 -0.692338 -0.154294
0.341032 -0.661520 -0.081117
0.335558 -0.650901 0.000000
0.341032 -0.661520 0.081117
0.356920 -0.692338 0.154294
0.381665 -0.740338 0.212367
0.412846 -0.800822 0.249652
0.447410 -0.867868 0.262500
0.481975 -0.934915 0.249652
0.513156 -0.995399 0.212367
0.537901 -1.043398 0.154294
0.553789 -1.074216 0.081117
0.687500 -1.028405 0.000000
0.680770 -1.018338 -0.081117
0.661240 -0.989124 -0.154294
0.630820 -0.943620 -0.212367
0.592490 -0.886283 -0.249652
0.550000 -0.822724 -0.262500
0.507510 -0.759165 -0.249652
0.469179 -0.701828 -0.212367
0.438760 -0.656325 -0.154294
0.419230 -0.627110 -0.081117
0.412500 -0.617043 0.000000
0.419230 -0.627110 0.081117
0.438760 -0.656325 0.154294
0.469179 -0.701828 0.212367
0.507510 -0.759165 0.249652
0.550000 -0.822724 0.262500
0.592490 -0.886283 0.249652
0.630820 -0.943620 0.212367
0.661240 -0.989124 0.154294
0.680770 -1.018338 0.081117
0.808204 -0.960707 0.000000
0.800293 -0.951303 -0.081117
0.777334 -0.924012 -0.154294
0.741574 -0.881504 -0.212367
0.696513 -0.827941 -0.249652
0.646564 -0.768566 -0.262500
0.596614 -0.709191 -0.249652
0.551553 -0.655628 -0.212367
0.515793 -0.613120 -0.154294
0.492834 -0.585829 -0.081117
0.484923 -0.576425 0.000000
0.492834 -0.585829 0.081117
0.515793 -0.613120 0.154294
0.551554 -0.655628 0.212367
0.596614 -0.709191 0.249652
0.646564 -0.768566 0.262500
0.696513 -0.827941 0.249652
0.741574 -0.881504 0.212367
0.777334 -0.924012 0.154294
0.800293 -0.951303 0.081117
0.920055 -0.882484 0.000000
0.911049 -0.873846 -0.081117
0.884912 -0.848776 -0.154294
0.844203 -0.809730 -0.212367
0.792906 -0.760528 -0.249652
0.736044 -0.705988 -0.262500
0.679181 -0.651447 -0.249652
0.627885 -0.602245 -0.212367
0.587176 -0.563199 -0.154294
0.561039 -0.538129 -0.081117
0.552033 -0.529491 0.000000
0.561039 -0.538129 0.081117
0.587176 -0.563199 0.154294
0.627885 -0.602245 0.212367
0.679181 -0.651447 0.249652
0.736044 -0.705988 0.262500
0.792906 -0.760528 0.249652
0.844203 -0.809730 0.212367
0.884912 -0.848776 0.154294
0.911049 -0.873846 0.081117
1.021824 -0.794593 0.000000
1.011822 -0.786815 -0.081117
0.982794 -0.764242 -0.154294
0.937582 -0.729084 -0.212367
0.880611 -0.684783 -0.249652
0.817459 -0.635674 -0.262500
0.754307 -0.586566 -0.249652
0.697337 -0.542264 -0.212367
0.652125 -0.507106 -0.154294
0.623097 -0.484534 -0.081117
0.613094 -0.476756 0.000000
0.623097 -0.484534 0.081117
0.652125 -0.507106 0.154294
0.697337 -0.542264 0.212367
0.754307 -0.586566 0.249652
0.817459 -0.635674 0.262500
0.880612 -0.684783 0.249652
0.937582 -0.729084 0.212367
0.982794 -0.764242 0.154294
1.011822 -0.786815 0.081117
1.112398 -0.697995 0.000000
1.101509 -0.691163 -0.081117
1.069909 -0.671334 -0.154294
1.020689 -0.640450 -0.212367
0.958669 -0.601534 -0.249652
0.889919 -0.558396 -0.262500
0.821169 -0.515258 -0.249652
0.759148 -0.476342 -0.212367
0.709929 -0.445458 -0.154294
0.678328 -0.425630 -0.081117
0.667439 -0.418797 0.000000
0.678328 -0.425629 0.081117
0.709929 -0.445458 0.154294
0.759148 -0.476342 0.212367
0.821169 -0.515258 0.249652
0.889919 -0.558396 0.262500
0.958669 -0.601534 0.249652
1.020689 -0.640450 0.212367
1.069908 -0.671334 0.154294
1.101509 -0.691163 0.081117
1.190785 -0.593750 0.000000
1.179129 -0.587938 -0.081117
1.145301 -0.571071 -0.154294
1.092613 -0.544800 -0.212367
1.026222 -0.511696 -0.249652
0.952628 -0.475000 -0.262500
0.879033 -0.438304 -0.249652
0.812643 -0.405201 -0.212367
0.759955 -0.378929 -0.154294
0.726127 -0.362062 -0.081117
0.714471 -0.356250 0.000000
0.726127 -0.362062 0.081117
0.759955 -0.378929 0.154294
0.812643 -0.405201 0.212367
0.879033 -0.438304 0.249652
0.952628 -0.475000 0.262500
1.026222 -0.511696 0.249652
1.092613 -0.544800 0.212367
1.145301 -0.571071 0.154294
1.179129 -0.587938 0.081117
1.256125 -0.483000 0.000000
1.243829 -0.478272 -0.081117
1.208145 -0.464551 -0.154294
1.152567 -0.443180 -0.212367
1.082533 -0.416251 -0.249652
1.004900 -0.386400 -0.262500
0.927267 -0.356549 -0.249652
0.857234 -0.329620 -0.212367
0.801655 -0.308249 -0.154294
0.765971 -0.294528 -0.081117
0.753675 -0.289800 0.000000
0.765971 -0.294528 0.081117
0.801655 -0.308249 0.154294
0.857234 -0.329620 0.212367
0.927267 -0.356549 0.249652
1.004900 -0.386400 0.262500
1.082533 -0.416251 0.249652
1.152567 -0.443180 0.212367
1.208145 -0.464551 0.154294
1.243829 -0.478272 0.081117
1.307703 -0.366958 0.000000
1.294902 -0.363366 -0.081117
1.257753 -0.352941 -0.154294
1.199892 -0.336705 -0.212367
1.126983 -0.316245 -0.249652
1.046162 -0.293566 -0.262500
0.965342 -0.270887 -0.249652
0.892433 -0.250428 -0.212367
0.834571 -0.234191 -0.154294
0.797422 -0.223767 -0.081117
0.784622 -0.220175 0.000000
0.797422 -0.223767 0.081117
0.834571 -0.234191 0.154294
0.892433 -0.250428 0.212367
0.965342 -0.270887 0.249652
1.046162 -0.293566 0.262500
1.126983 -0.316245 0.249652
1.199892 -0.336705 0.212367
1.257753 -0.352941 0.154294
1.294902 -0.363366 0.081117
1.344954 -0.246895 0.000000
1.331788 -0.244478 -0.081117
1.293580 -0.237465 -0.154294
1.234071 -0.226540 -0.212367
1.159085 -0.212775 -0.249652
1.075962 -0.197516 -0.262500
0.992840 -0.182257 -0.249652
0.917854 -0.168492 -0.212367
0.858344 -0.157568 -0.154294
0.820137 -0.150554 -0.081117
0.806972 -0.148137 0.000000
0.820137 -0.150554 0.081117
0.858344 -0.157568 0.154294
0.917854 -0.168492 0.212367
0.992840 -0.182257 0.249652
1.075962 -0.197516 0.262500
1.159085 -0.212775 0.249652
1.234071 -0.226540 0.212367
1.293580 -0.237465 0.154294
1.331788 -0.244478 0.081117
1.367467 -0.124128 0.000000
1.354081 -0.122913 -0.081117
1.315235 -0.119386 -0.154294
1.254729 -0.113894 -0.212367
1.178488 -0.106974 -0.249652
1.093974 -0.099302 -0.262500
1.009460 -0.091631 -0.249652
0.933219 -0.084710 -0.212367
0.872713 -0.079218 -0.154294
0.833866 -0.075692 -0.081117
0.820481 -0.074477 0.000000
0.833866 -0.075692 0.081117
0.872713 -0.079218 0.154294
0.933219 -0.084710 0.212367
1.009460 -0.091631 0.249652
1.093974 -0.099302 0.262500
1.178488 -0.106974 0.249652
1.254729 -0.113894 0.212367
1.315235 -0.119386 0.154294
1.354081 -0.122913 0.081117
